,Date,Tot cases,New cases,Tot Deaths,New Deaths,Total Recovered,Active Cases,Serious,Tot C par million,Deaths par million,Total Test,Tot T par million,Country,Continent,index,population,New Recov,col1,col2,col3
0,2020-05-02,15558.0,27.0,596.0,7.0,13180.0,1782.0,114.0,1727.0,66.0,269619.0,29936.0,Austria,Europe,,,0.0,,,
1,2020-05-03,15597.0,39.0,598.0,2.0,13228.0,1771.0,114.0,1732.0,66.0,274355.0,30462.0,Austria,Europe,,,0.0,,,
2,2020-05-04,15621.0,24.0,600.0,2.0,13316.0,1705.0,111.0,1734.0,67.0,279071.0,30986.0,Austria,Europe,,,0.0,,,
3,2020-05-05,15650.0,-1.0,606.0,-1.0,13462.0,1582.0,104.0,1738.0,67.0,285883.0,31742.0,Austria,Europe,,,0.0,,,
4,2020-05-06,15684.0,34.0,608.0,2.0,13639.0,1437.0,97.0,1741.0,68.0,292254.0,32450.0,Austria,Europe,,,0.0,,,
5,2020-05-07,15752.0,68.0,609.0,1.0,13698.0,1445.0,92.0,1749.0,68.0,292254.0,32450.0,Austria,Europe,,,0.0,,,
6,2020-05-08,15774.0,-1.0,614.0,-1.0,13836.0,1324.0,81.0,1751.0,68.0,304069.0,33761.0,Austria,Europe,,,0.0,,,
7,2020-05-09,15833.0,-1.0,615.0,-1.0,13928.0,1290.0,79.0,1758.0,68.0,311690.0,34608.0,Austria,Europe,,,0.0,,,
8,2020-05-10,15871.0,38.0,618.0,3.0,13991.0,1262.0,72.0,1762.0,69.0,316508.0,35143.0,Austria,Europe,,,0.0,,,
9,2020-05-11,15882.0,11.0,620.0,2.0,14061.0,1201.0,68.0,1763.0,69.0,319484.0,35473.0,Austria,Europe,,,0.0,,,
10,2020-05-12,15961.0,79.0,623.0,3.0,14148.0,1190.0,59.0,1772.0,69.0,329314.0,36564.0,Austria,Europe,,,0.0,,,
11,2020-05-13,15997.0,36.0,624.0,1.0,14304.0,1069.0,55.0,1776.0,69.0,336252.0,37335.0,Austria,Europe,,,0.0,,,
12,2020-05-14,16058.0,61.0,626.0,2.0,14405.0,1027.0,54.0,1783.0,70.0,344606.0,38262.0,Austria,Europe,,,0.0,,,
13,2020-05-15,16109.0,51.0,628.0,2.0,14471.0,1010.0,47.0,1790.0,70.0,351351.0,39040.0,Austria,Europe,36.0,8999806.0,0.0,,,
14,2020-05-16,16201.0,92.0,629.0,1.0,14524.0,1048.0,50.0,1800.0,70.0,357393.0,39711.0,Austria,Europe,36.0,8999946.0,0.0,,,
15,2020-05-17,16242.0,41.0,629.0,-1.0,14563.0,1050.0,48.0,1805.0,70.0,362509.0,40278.0,Austria,Europe,35.0,9000086.0,0.0,,,
16,2020-05-18,16269.0,27.0,629.0,-1.0,14614.0,1026.0,45.0,1808.0,70.0,366069.0,40673.0,Austria,Europe,36.0,9000226.0,0.0,,,
17,2020-05-19,16321.0,52.0,632.0,3.0,14678.0,1011.0,39.0,1813.0,70.0,372435.0,41380.0,Austria,Europe,37.0,9000366.0,0.0,,,
18,2020-05-20,16353.0,32.0,633.0,1.0,14882.0,838.0,37.0,1817.0,70.0,379592.0,42175.0,Austria,Europe,39.0,9000506.0,0.0,,,
19,2020-05-21,16404.0,51.0,633.0,-1.0,14951.0,820.0,32.0,1823.0,70.0,385637.0,42845.0,Austria,Europe,38.0,9000647.0,0.0,,,
20,2020-05-22,16436.0,32.0,635.0,2.0,15005.0,796.0,31.0,1826.0,71.0,390488.0,43384.0,Austria,Europe,38.0,9000787.0,0.0,,,
21,2020-05-23,16486.0,50.0,639.0,4.0,15037.0,810.0,28.0,1832.0,71.0,396363.0,44036.0,Austria,Europe,40.0,9000927.0,0.0,,,
22,2020-05-24,16503.0,17.0,640.0,1.0,15063.0,800.0,29.0,1833.0,71.0,401857.0,44645.0,Austria,Europe,40.0,9001067.0,0.0,,,
23,2020-05-25,16539.0,36.0,641.0,1.0,15138.0,760.0,31.0,1837.0,71.0,405341.0,45032.0,Austria,Europe,40.0,9001207.0,0.0,,,
24,2020-05-26,16557.0,18.0,643.0,2.0,15182.0,732.0,32.0,1839.0,71.0,411185.0,45680.0,Austria,Europe,40.0,9001347.0,0.0,,,
25,2020-05-27,16591.0,-1.0,645.0,-1.0,15228.0,718.0,32.0,1843.0,72.0,418706.0,46514.0,Austria,Europe,40.0,9001628.0,0.0,,,
26,2020-05-28,16628.0,37.0,668.0,23.0,15286.0,674.0,30.0,1847.0,74.0,427372.0,47477.0,Austria,Europe,40.0,9001628.0,0.0,,,
27,2020-05-29,16655.0,27.0,668.0,-1.0,15347.0,640.0,25.0,1850.0,74.0,434302.0,48246.0,Austria,Europe,40.0,9001768.0,0.0,,,
28,2020-05-30,16685.0,30.0,668.0,-1.0,15520.0,497.0,23.0,1853.0,74.0,442143.0,49117.0,Austria,Europe,41.0,9001908.0,0.0,,,
29,2020-05-31,16731.0,46.0,668.0,-1.0,15593.0,470.0,27.0,1859.0,74.0,448534.0,49826.0,Austria,Europe,42.0,9002048.0,0.0,,,
30,2020-06-01,16733.0,2.0,668.0,-1.0,15596.0,469.0,29.0,1859.0,74.0,451820.0,50190.0,Austria,Europe,43.0,9002188.0,0.0,,,
31,2020-06-02,16759.0,26.0,669.0,1.0,15629.0,461.0,26.0,1862.0,74.0,456378.0,50696.0,Austria,Europe,43.0,9002328.0,33.0,537.0,13456.0,20.0
32,2020-06-03,16771.0,12.0,670.0,1.0,15672.0,429.0,21.0,1863.0,74.0,462958.0,51426.0,Austria,Europe,44.0,9002468.0,43.0,537.0,13437.0,19.0
33,2020-06-04,16805.0,34.0,670.0,-1.0,15717.0,418.0,22.0,1867.0,74.0,471466.0,52370.0,Austria,Europe,44.0,9002608.0,45.0,536.0,13437.0,19.0
34,2020-06-05,16843.0,38.0,672.0,2.0,15742.0,429.0,20.0,1871.0,75.0,479449.0,53256.0,Austria,Europe,44.0,9002749.0,25.0,535.0,13397.0,19.0
35,2020-06-06,16898.0,55.0,672.0,-1.0,15789.0,437.0,17.0,1877.0,75.0,485912.0,53973.0,Austria,Europe,44.0,9002889.0,47.0,533.0,13397.0,19.0
36,2020-06-07,16902.0,4.0,672.0,-1.0,15793.0,437.0,17.0,1877.0,75.0,489597.0,54381.0,Austria,Europe,44.0,9003029.0,4.0,533.0,13397.0,18.0
37,2020-06-08,16968.0,66.0,672.0,-1.0,15839.0,457.0,17.0,1885.0,75.0,494761.0,54954.0,Austria,Europe,45.0,9003169.0,46.0,531.0,13398.0,18.0
38,2020-06-09,16979.0,11.0,672.0,-1.0,15875.0,432.0,19.0,1886.0,75.0,500921.0,55637.0,Austria,Europe,45.0,9003309.0,36.0,530.0,13398.0,18.0
39,2020-06-10,17005.0,26.0,673.0,1.0,15910.0,422.0,17.0,1889.0,75.0,506344.0,56239.0,Austria,Europe,46.0,9003449.0,35.0,529.0,13378.0,18.0
40,2020-06-11,17034.0,29.0,674.0,1.0,15949.0,411.0,13.0,1892.0,75.0,506344.0,56238.0,Austria,Europe,46.0,9003589.0,39.0,529.0,13358.0,18.0
41,2020-06-12,17064.0,30.0,675.0,1.0,15985.0,404.0,9.0,1895.0,75.0,516581.0,57374.0,Austria,Europe,48.0,9003730.0,36.0,528.0,13339.0,17.0
42,2020-06-13,17078.0,14.0,677.0,2.0,16012.0,389.0,11.0,1897.0,75.0,520976.0,57861.0,Austria,Europe,48.0,9003870.0,27.0,527.0,13300.0,17.0
43,2020-06-14,17109.0,31.0,677.0,-1.0,16059.0,373.0,12.0,1900.0,75.0,524840.0,58290.0,Austria,Europe,49.0,9004010.0,47.0,526.0,13300.0,17.0
44,2020-06-15,17135.0,26.0,678.0,1.0,16066.0,391.0,15.0,1903.0,75.0,527670.0,58603.0,Austria,Europe,49.0,9004150.0,7.0,525.0,13280.0,17.0
45,2020-06-16,17189.0,54.0,681.0,3.0,16089.0,419.0,12.0,1909.0,76.0,532700.0,59161.0,Austria,Europe,50.0,9004290.0,23.0,524.0,13222.0,17.0
46,2020-06-17,17203.0,14.0,687.0,6.0,16099.0,417.0,11.0,1911.0,76.0,540615.0,60039.0,Austria,Europe,50.0,9004430.0,10.0,523.0,13107.0,17.0
47,2020-06-18,17223.0,20.0,688.0,1.0,16101.0,434.0,8.0,1913.0,76.0,540615.0,60038.0,Austria,Europe,51.0,9004570.0,2.0,523.0,13088.0,17.0
48,2020-06-19,17271.0,48.0,688.0,-1.0,16141.0,442.0,7.0,1918.0,76.0,552130.0,61316.0,Austria,Europe,51.0,9004711.0,40.0,521.0,13088.0,16.0
49,2020-06-20,17323.0,52.0,688.0,-1.0,16175.0,460.0,8.0,1924.0,76.0,558208.0,61989.0,Austria,Europe,51.0,9004991.0,34.0,520.0,13089.0,16.0
50,2020-06-21,17341.0,18.0,690.0,2.0,16197.0,454.0,8.0,1926.0,77.0,560584.0,62253.0,Austria,Europe,51.0,9004991.0,22.0,519.0,13051.0,16.0
51,2020-06-22,17380.0,39.0,690.0,-1.0,16241.0,449.0,10.0,1930.0,77.0,565800.0,62831.0,Austria,Europe,52.0,9005131.0,44.0,518.0,13051.0,16.0
52,2020-06-23,17408.0,28.0,693.0,3.0,16261.0,454.0,11.0,1933.0,77.0,572473.0,63571.0,Austria,Europe,52.0,9005271.0,20.0,517.0,12995.0,16.0
53,2020-06-24,17449.0,41.0,693.0,-1.0,16282.0,474.0,11.0,1938.0,77.0,578584.0,64248.0,Austria,Europe,52.0,9005411.0,21.0,516.0,12995.0,16.0
54,2020-06-25,17477.0,28.0,698.0,5.0,16320.0,459.0,11.0,1941.0,78.0,584243.0,64876.0,Austria,Europe,52.0,9005551.0,38.0,515.0,12902.0,15.0
55,2020-06-26,17522.0,45.0,698.0,-1.0,16348.0,476.0,10.0,1946.0,78.0,590442.0,65563.0,Austria,Europe,52.0,9005691.0,28.0,514.0,12902.0,15.0
56,2020-06-27,17580.0,58.0,700.0,2.0,16371.0,509.0,10.0,1952.0,78.0,597495.0,66345.0,Austria,Europe,52.0,9005832.0,23.0,512.0,12865.0,15.0
57,2020-06-28,17654.0,74.0,702.0,2.0,16401.0,551.0,9.0,1960.0,78.0,602520.0,66902.0,Austria,Europe,52.0,9005972.0,30.0,510.0,12829.0,15.0
58,2020-06-29,17723.0,69.0,703.0,1.0,16420.0,600.0,8.0,1968.0,78.0,606375.0,67329.0,Austria,Europe,53.0,9006112.0,19.0,508.0,12811.0,15.0
59,2020-06-30,17766.0,43.0,705.0,2.0,16478.0,583.0,6.0,1973.0,78.0,612756.0,68037.0,Austria,Europe,53.0,9006252.0,58.0,507.0,12775.0,15.0
60,2020-07-01,17873.0,107.0,705.0,-1.0,16491.0,677.0,9.0,1984.0,78.0,620886.0,68938.0,Austria,Europe,55.0,9006392.0,13.0,504.0,12775.0,15.0
61,2020-07-02,17941.0,68.0,705.0,-1.0,16514.0,722.0,7.0,1992.0,78.0,628700.0,69805.0,Austria,Europe,56.0,9006532.0,23.0,502.0,12775.0,14.0
62,2020-07-03,18050.0,109.0,705.0,-1.0,16558.0,787.0,7.0,2004.0,78.0,635505.0,70559.0,Austria,Europe,56.0,9006672.0,44.0,499.0,12775.0,14.0
63,2020-07-04,18165.0,115.0,705.0,-1.0,16607.0,853.0,8.0,2017.0,78.0,642679.0,71355.0,Austria,Europe,56.0,9006813.0,49.0,496.0,12776.0,14.0
64,2020-07-05,18280.0,115.0,706.0,1.0,16615.0,959.0,10.0,2030.0,78.0,647804.0,71923.0,Austria,Europe,56.0,9006953.0,8.0,493.0,12758.0,14.0
65,2020-07-06,18365.0,85.0,706.0,-1.0,16647.0,1012.0,11.0,2039.0,78.0,654105.0,72621.0,Austria,Europe,56.0,9007093.0,32.0,490.0,12758.0,14.0
66,2020-07-07,18421.0,56.0,706.0,-1.0,16686.0,1029.0,10.0,2045.0,78.0,660149.0,73291.0,Austria,Europe,56.0,9007233.0,39.0,489.0,12758.0,14.0
67,2020-07-08,18513.0,92.0,706.0,-1.0,16721.0,1086.0,11.0,2055.0,78.0,668220.0,74186.0,Austria,Europe,56.0,9007373.0,35.0,487.0,12758.0,13.0
68,2020-07-09,18615.0,102.0,706.0,-1.0,16758.0,1151.0,12.0,2067.0,78.0,675727.0,75018.0,Austria,Europe,57.0,9007513.0,37.0,484.0,12759.0,13.0
69,2020-07-10,18709.0,94.0,706.0,-1.0,16808.0,1195.0,9.0,2077.0,78.0,683484.0,75878.0,Austria,Europe,57.0,9007653.0,50.0,481.0,12759.0,13.0
70,2020-07-11,18783.0,74.0,706.0,-1.0,16864.0,1213.0,9.0,2085.0,78.0,691709.0,76790.0,Austria,Europe,57.0,9007794.0,56.0,480.0,12759.0,13.0
71,2020-07-12,18897.0,114.0,708.0,2.0,16952.0,1237.0,10.0,2098.0,79.0,696740.0,77346.0,Austria,Europe,58.0,9008074.0,88.0,477.0,12723.0,13.0
72,2020-07-13,18948.0,51.0,708.0,-1.0,17000.0,1240.0,8.0,2103.0,79.0,700616.0,77776.0,Austria,Europe,58.0,9008074.0,48.0,475.0,12723.0,13.0
73,2020-07-14,19021.0,73.0,709.0,1.0,17073.0,1239.0,9.0,2112.0,79.0,708128.0,78609.0,Austria,Europe,58.0,9008214.0,73.0,474.0,12706.0,13.0
74,2020-07-15,19154.0,133.0,710.0,1.0,17175.0,1269.0,10.0,2126.0,79.0,716293.0,79514.0,Austria,Europe,59.0,9008354.0,102.0,470.0,12688.0,13.0
75,2020-07-16,19270.0,116.0,711.0,1.0,17244.0,1315.0,11.0,2139.0,79.0,726345.0,80629.0,Austria,Europe,59.0,9008494.0,69.0,467.0,12670.0,12.0
76,2020-07-17,19439.0,169.0,711.0,-1.0,17335.0,1393.0,11.0,2158.0,79.0,734413.0,81523.0,Austria,Europe,59.0,9008634.0,91.0,463.0,12670.0,12.0
77,2020-07-18,19573.0,134.0,711.0,-1.0,17501.0,1361.0,11.0,2173.0,79.0,743090.0,82485.0,Austria,Europe,59.0,9008775.0,166.0,460.0,12671.0,12.0
78,2020-07-19,19655.0,82.0,711.0,-1.0,17599.0,1345.0,14.0,2182.0,79.0,748669.0,83103.0,Austria,Europe,60.0,9008915.0,98.0,458.0,12671.0,12.0
