,Date,Tot cases,New cases,Tot Deaths,New Deaths,Total Recovered,Active Cases,Serious,Tot C par million,Deaths par million,Total Test,Tot T par million,Country,Continent,index,population,New Recov,col1,col2,col3
0,2020-05-02,7578.0,290.0,326.0,13.0,1481.0,5771.0,144.0,699.0,30.0,30102.0,2775.0,Dominican Republic,North America,,,0.0,,,
1,2020-05-03,7954.0,376.0,333.0,7.0,1606.0,6015.0,144.0,733.0,31.0,30102.0,2775.0,Dominican Republic,North America,,,0.0,,,
2,2020-05-04,8235.0,281.0,346.0,13.0,1771.0,6118.0,144.0,759.0,32.0,33377.0,3077.0,Dominican Republic,North America,,,0.0,,,
3,2020-05-05,8480.0,-1.0,354.0,-1.0,1905.0,6221.0,144.0,782.0,33.0,33377.0,3077.0,Dominican Republic,North America,,,0.0,,,
4,2020-05-06,8807.0,327.0,362.0,8.0,1905.0,6540.0,144.0,812.0,33.0,33377.0,3077.0,Dominican Republic,North America,,,0.0,,,
5,2020-05-07,9095.0,288.0,373.0,11.0,2064.0,6658.0,133.0,838.0,34.0,36959.0,3407.0,Dominican Republic,North America,,,0.0,,,
6,2020-05-08,9376.0,-1.0,380.0,-1.0,2286.0,6710.0,134.0,864.0,35.0,38543.0,3553.0,Dominican Republic,North America,,,0.0,,,
7,2020-05-09,9882.0,-1.0,385.0,-1.0,2584.0,6913.0,134.0,911.0,35.0,40591.0,3742.0,Dominican Republic,North America,,,0.0,,,
8,2020-05-10,10347.0,465.0,388.0,3.0,2763.0,7196.0,134.0,954.0,36.0,40591.0,3742.0,Dominican Republic,North America,,,0.0,,,
9,2020-05-11,10634.0,287.0,393.0,5.0,2870.0,7371.0,134.0,980.0,36.0,42615.0,3928.0,Dominican Republic,North America,,,0.0,,,
10,2020-05-12,10900.0,266.0,402.0,9.0,3221.0,7277.0,131.0,1005.0,37.0,42615.0,3928.0,Dominican Republic,North America,,,0.0,,,
11,2020-05-13,11196.0,296.0,409.0,7.0,3221.0,7566.0,131.0,1032.0,38.0,42615.0,3928.0,Dominican Republic,North America,,,0.0,,,
12,2020-05-14,11320.0,124.0,422.0,13.0,3351.0,7547.0,131.0,1044.0,39.0,47774.0,4404.0,Dominican Republic,North America,,,0.0,,,
13,2020-05-15,11739.0,419.0,424.0,2.0,3557.0,7758.0,127.0,1084.0,39.0,50108.0,4625.0,Dominican Republic,North America,41.0,10833701.0,0.0,,,
14,2020-05-16,12110.0,371.0,428.0,4.0,3726.0,7956.0,127.0,1118.0,40.0,50108.0,4625.0,Dominican Republic,North America,41.0,10833998.0,0.0,,,
15,2020-05-17,12314.0,204.0,428.0,-1.0,5847.0,6039.0,127.0,1137.0,40.0,50108.0,4625.0,Dominican Republic,North America,41.0,10834295.0,0.0,,,
16,2020-05-18,12725.0,411.0,434.0,6.0,6613.0,5678.0,127.0,1174.0,40.0,50108.0,4625.0,Dominican Republic,North America,41.0,10834592.0,0.0,,,
17,2020-05-19,13223.0,498.0,441.0,7.0,6613.0,6169.0,136.0,1220.0,41.0,50108.0,4625.0,Dominican Republic,North America,41.0,10834889.0,0.0,,,
18,2020-05-20,13477.0,254.0,446.0,5.0,7142.0,5889.0,126.0,1244.0,41.0,59976.0,5535.0,Dominican Republic,North America,41.0,10835186.0,0.0,,,
19,2020-05-21,13657.0,180.0,448.0,2.0,7366.0,5843.0,113.0,1260.0,41.0,61330.0,5660.0,Dominican Republic,North America,41.0,10835483.0,0.0,,,
20,2020-05-22,13989.0,332.0,456.0,8.0,7572.0,5961.0,113.0,1291.0,42.0,61330.0,5660.0,Dominican Republic,North America,41.0,10835780.0,0.0,,,
21,2020-05-23,14422.0,433.0,458.0,2.0,7854.0,6110.0,113.0,1331.0,42.0,65355.0,6031.0,Dominican Republic,North America,41.0,10836077.0,0.0,,,
22,2020-05-24,14801.0,379.0,458.0,-1.0,8133.0,6210.0,113.0,1366.0,42.0,65355.0,6031.0,Dominican Republic,North America,41.0,10836374.0,0.0,,,
23,2020-05-25,15073.0,272.0,460.0,2.0,8285.0,6328.0,123.0,1391.0,42.0,69608.0,6423.0,Dominican Republic,North America,41.0,10836671.0,0.0,,,
24,2020-05-26,15264.0,191.0,468.0,8.0,8534.0,6262.0,123.0,1409.0,43.0,69608.0,6423.0,Dominican Republic,North America,41.0,10836968.0,0.0,,,
25,2020-05-27,15723.0,-1.0,474.0,-1.0,8790.0,6459.0,123.0,1451.0,44.0,70972.0,6549.0,Dominican Republic,North America,41.0,10837562.0,0.0,,,
26,2020-05-28,16068.0,345.0,485.0,11.0,8952.0,6631.0,123.0,1483.0,45.0,74612.0,6885.0,Dominican Republic,North America,41.0,10837562.0,0.0,,,
27,2020-05-29,16531.0,463.0,488.0,3.0,9266.0,6777.0,106.0,1525.0,45.0,76930.0,7098.0,Dominican Republic,North America,42.0,10837859.0,0.0,,,
28,2020-05-30,16531.0,-1.0,488.0,-1.0,9266.0,6777.0,106.0,1525.0,45.0,76930.0,7098.0,Dominican Republic,North America,42.0,10838156.0,0.0,,,
29,2020-05-31,17285.0,377.0,502.0,4.0,10559.0,6224.0,110.0,1595.0,46.0,81647.0,7533.0,Dominican Republic,North America,39.0,10838453.0,0.0,,,
30,2020-06-01,17572.0,287.0,502.0,-1.0,10893.0,6177.0,110.0,1621.0,46.0,81647.0,7533.0,Dominican Republic,North America,39.0,10838750.0,0.0,,,
31,2020-06-02,17752.0,180.0,515.0,13.0,11075.0,6162.0,110.0,1638.0,48.0,84638.0,7809.0,Dominican Republic,North America,39.0,10839047.0,182.0,611.0,21047.0,128.0
32,2020-06-03,18040.0,288.0,516.0,1.0,11224.0,6300.0,110.0,1664.0,48.0,86285.0,7960.0,Dominican Republic,North America,40.0,10839344.0,149.0,601.0,21006.0,126.0
33,2020-06-04,18319.0,279.0,520.0,4.0,11474.0,6325.0,110.0,1690.0,48.0,86285.0,7960.0,Dominican Republic,North America,40.0,10839641.0,250.0,592.0,20845.0,126.0
34,2020-06-05,18708.0,389.0,525.0,5.0,11736.0,6447.0,110.0,1726.0,48.0,90141.0,8316.0,Dominican Republic,North America,41.0,10839938.0,262.0,579.0,20648.0,120.0
35,2020-06-06,19195.0,487.0,536.0,11.0,11919.0,6740.0,110.0,1771.0,49.0,90141.0,8315.0,Dominican Republic,North America,41.0,10840235.0,183.0,565.0,20224.0,120.0
36,2020-06-07,19600.0,405.0,538.0,2.0,12007.0,7055.0,110.0,1808.0,50.0,94511.0,8718.0,Dominican Republic,North America,41.0,10840532.0,88.0,553.0,20150.0,115.0
37,2020-06-08,20126.0,526.0,539.0,1.0,12158.0,7429.0,110.0,1857.0,50.0,94511.0,8718.0,Dominican Republic,North America,41.0,10840829.0,151.0,539.0,20113.0,115.0
38,2020-06-09,20415.0,289.0,544.0,5.0,12208.0,7663.0,110.0,1883.0,50.0,94511.0,8718.0,Dominican Republic,North America,41.0,10841126.0,50.0,531.0,19929.0,115.0
39,2020-06-10,20808.0,393.0,550.0,6.0,12318.0,7940.0,110.0,1919.0,51.0,100035.0,9227.0,Dominican Republic,North America,41.0,10841423.0,110.0,521.0,19712.0,108.0
40,2020-06-11,21437.0,629.0,561.0,11.0,12541.0,8335.0,110.0,1977.0,52.0,100035.0,9227.0,Dominican Republic,North America,40.0,10841720.0,223.0,506.0,19326.0,108.0
41,2020-06-12,22008.0,571.0,568.0,7.0,12754.0,8686.0,110.0,2030.0,52.0,100035.0,9227.0,Dominican Republic,North America,40.0,10842017.0,213.0,493.0,19088.0,108.0
42,2020-06-13,22572.0,564.0,577.0,9.0,13084.0,8911.0,110.0,2082.0,53.0,100035.0,9226.0,Dominican Republic,North America,40.0,10842314.0,330.0,480.0,18791.0,108.0
43,2020-06-14,22962.0,390.0,592.0,15.0,13320.0,9050.0,124.0,2118.0,55.0,107175.0,9885.0,Dominican Republic,North America,41.0,10842611.0,236.0,472.0,18315.0,101.0
44,2020-06-15,23271.0,309.0,605.0,13.0,14025.0,8641.0,145.0,2146.0,56.0,110781.0,10217.0,Dominican Republic,North America,41.0,10842908.0,705.0,466.0,17922.0,98.0
45,2020-06-16,23686.0,415.0,615.0,10.0,14133.0,8938.0,145.0,2184.0,57.0,112603.0,10385.0,Dominican Republic,North America,41.0,10843205.0,108.0,458.0,17631.0,96.0
46,2020-06-17,24105.0,419.0,633.0,18.0,14216.0,9256.0,137.0,2223.0,58.0,114535.0,10563.0,Dominican Republic,North America,42.0,10843502.0,83.0,450.0,17130.0,95.0
47,2020-06-18,24645.0,540.0,635.0,2.0,14293.0,9717.0,162.0,2273.0,59.0,117119.0,10801.0,Dominican Republic,North America,42.0,10843799.0,77.0,440.0,17077.0,93.0
48,2020-06-19,25068.0,423.0,647.0,12.0,14605.0,9816.0,167.0,2312.0,60.0,119319.0,11003.0,Dominican Republic,North America,42.0,10844096.0,312.0,433.0,16761.0,91.0
49,2020-06-20,25778.0,710.0,655.0,8.0,14957.0,10166.0,174.0,2377.0,60.0,122646.0,11309.0,Dominican Republic,North America,41.0,10844690.0,352.0,421.0,16557.0,88.0
50,2020-06-21,26677.0,899.0,662.0,7.0,15138.0,10877.0,165.0,2460.0,61.0,125868.0,11606.0,Dominican Republic,North America,41.0,10844690.0,181.0,407.0,16382.0,86.0
51,2020-06-22,27370.0,693.0,669.0,7.0,15338.0,11363.0,175.0,2524.0,62.0,128775.0,11874.0,Dominican Republic,North America,41.0,10844987.0,200.0,396.0,16211.0,84.0
52,2020-06-23,27936.0,566.0,675.0,6.0,15551.0,11710.0,173.0,2576.0,62.0,130745.0,12055.0,Dominican Republic,North America,41.0,10845284.0,213.0,388.0,16067.0,83.0
53,2020-06-24,28631.0,695.0,691.0,16.0,16006.0,11934.0,182.0,2640.0,64.0,133718.0,12329.0,Dominican Republic,North America,41.0,10845581.0,455.0,379.0,15695.0,81.0
54,2020-06-25,29141.0,510.0,698.0,7.0,16223.0,12220.0,181.0,2687.0,64.0,135969.0,12536.0,Dominican Republic,North America,41.0,10845878.0,217.0,372.0,15539.0,80.0
55,2020-06-26,29764.0,623.0,712.0,14.0,16357.0,12695.0,181.0,2744.0,66.0,135969.0,12536.0,Dominican Republic,North America,41.0,10846175.0,134.0,364.0,15233.0,80.0
56,2020-06-27,30619.0,855.0,718.0,6.0,16666.0,13235.0,198.0,2823.0,66.0,142340.0,13123.0,Dominican Republic,North America,40.0,10846472.0,309.0,354.0,15107.0,76.0
57,2020-06-28,31373.0,754.0,726.0,8.0,17142.0,13505.0,201.0,2892.0,67.0,146060.0,13466.0,Dominican Republic,North America,40.0,10846769.0,476.0,346.0,14940.0,74.0
58,2020-06-29,31816.0,443.0,733.0,7.0,17280.0,13803.0,202.0,2933.0,68.0,148208.0,13663.0,Dominican Republic,North America,39.0,10847066.0,138.0,341.0,14798.0,73.0
59,2020-06-30,32568.0,752.0,747.0,14.0,17580.0,14241.0,207.0,3002.0,69.0,150919.0,13913.0,Dominican Republic,North America,40.0,10847363.0,300.0,333.0,14521.0,72.0
60,2020-07-01,33387.0,819.0,754.0,7.0,17904.0,14729.0,200.0,3078.0,70.0,154129.0,14209.0,Dominican Republic,North America,40.0,10847660.0,324.0,325.0,14387.0,70.0
61,2020-07-02,34197.0,810.0,765.0,11.0,18141.0,15291.0,200.0,3152.0,71.0,154129.0,14208.0,Dominican Republic,North America,42.0,10847957.0,237.0,317.0,14180.0,70.0
62,2020-07-03,35148.0,951.0,775.0,10.0,18392.0,15981.0,193.0,3240.0,71.0,160541.0,14799.0,Dominican Republic,North America,42.0,10848254.0,251.0,309.0,13998.0,68.0
63,2020-07-04,36184.0,1036.0,786.0,11.0,18602.0,16796.0,193.0,3335.0,72.0,163727.0,15092.0,Dominican Republic,North America,40.0,10848551.0,210.0,300.0,13802.0,66.0
64,2020-07-05,37425.0,1241.0,794.0,8.0,18943.0,17688.0,193.0,3450.0,73.0,163727.0,15092.0,Dominican Republic,North America,40.0,10848848.0,341.0,290.0,13664.0,66.0
65,2020-07-06,38128.0,703.0,804.0,10.0,19489.0,17835.0,208.0,3514.0,74.0,169999.0,15669.0,Dominican Republic,North America,41.0,10849145.0,546.0,285.0,13494.0,64.0
66,2020-07-07,38430.0,302.0,821.0,17.0,19564.0,18045.0,208.0,3542.0,76.0,169999.0,15669.0,Dominican Republic,North America,41.0,10849442.0,75.0,282.0,13215.0,64.0
67,2020-07-08,39588.0,1158.0,829.0,8.0,20056.0,18703.0,208.0,3649.0,76.0,174751.0,16106.0,Dominican Republic,North America,41.0,10849739.0,492.0,274.0,13088.0,62.0
68,2020-07-09,40790.0,1202.0,842.0,13.0,20426.0,19522.0,208.0,3759.0,78.0,178838.0,16483.0,Dominican Republic,North America,41.0,10850036.0,370.0,266.0,12886.0,61.0
69,2020-07-10,41915.0,1125.0,864.0,22.0,20830.0,20221.0,226.0,3863.0,80.0,182263.0,16798.0,Dominican Republic,North America,41.0,10850333.0,404.0,259.0,12558.0,60.0
70,2020-07-11,43114.0,1199.0,880.0,16.0,20996.0,21238.0,226.0,3973.0,81.0,182263.0,16797.0,Dominican Republic,North America,41.0,10850630.0,166.0,252.0,12330.0,60.0
71,2020-07-12,44532.0,1418.0,897.0,17.0,21459.0,22176.0,226.0,4104.0,83.0,189391.0,17453.0,Dominican Republic,North America,41.0,10851224.0,463.0,244.0,12097.0,57.0
72,2020-07-13,45506.0,974.0,903.0,6.0,22441.0,22162.0,226.0,4194.0,83.0,189391.0,17453.0,Dominican Republic,North America,41.0,10851224.0,982.0,238.0,12017.0,57.0
73,2020-07-14,46305.0,799.0,910.0,7.0,23134.0,22261.0,226.0,4267.0,84.0,189391.0,17453.0,Dominican Republic,North America,41.0,10851521.0,693.0,234.0,11925.0,57.0
74,2020-07-15,47671.0,1366.0,929.0,19.0,23459.0,23283.0,246.0,4393.0,86.0,198496.0,18291.0,Dominican Republic,North America,39.0,10851818.0,325.0,228.0,11681.0,55.0
75,2020-07-16,48743.0,1072.0,941.0,12.0,23636.0,24166.0,246.0,4492.0,87.0,201669.0,18583.0,Dominican Republic,North America,39.0,10852115.0,177.0,223.0,11533.0,54.0
76,2020-07-17,50113.0,1370.0,942.0,1.0,24423.0,24748.0,246.0,4618.0,87.0,201669.0,18583.0,Dominican Republic,North America,39.0,10852412.0,787.0,217.0,11521.0,54.0
77,2020-07-18,51519.0,1406.0,971.0,29.0,24607.0,25941.0,245.0,4747.0,89.0,209252.0,19281.0,Dominican Republic,North America,38.0,10852708.0,184.0,211.0,11177.0,52.0
78,2020-07-19,52855.0,1336.0,981.0,10.0,25094.0,26780.0,245.0,4870.0,90.0,213085.0,19634.0,Dominican Republic,North America,37.0,10853005.0,487.0,205.0,11063.0,51.0
79,2020-07-20,53956.0,1101.0,993.0,12.0,25561.0,27402.0,244.0,4971.0,91.0,216481.0,19946.0,Dominican Republic,North America,37.0,10853302.0,467.0,201.0,10930.0,50.0
80,2020-07-21,54797.0,841.0,999.0,6.0,25976.0,27822.0,244.0,5049.0,92.0,216481.0,19946.0,Dominican Republic,North America,37.0,10853599.0,415.0,198.0,10864.0,50.0
81,2020-07-22,56043.0,1246.0,1005.0,6.0,26466.0,28572.0,246.0,5163.0,93.0,222586.0,20507.0,Dominican Republic,North America,38.0,10853896.0,490.0,194.0,10800.0,49.0
82,2020-07-23,57615.0,1572.0,1006.0,1.0,26905.0,29704.0,246.0,5308.0,93.0,222586.0,20506.0,Dominican Republic,North America,38.0,10854490.0,439.0,188.0,10790.0,49.0
83,2020-07-24,59077.0,1462.0,1036.0,30.0,27625.0,30416.0,246.0,5443.0,95.0,222586.0,20506.0,Dominican Republic,North America,37.0,10854490.0,720.0,184.0,10477.0,49.0
84,2020-07-25,60896.0,1819.0,1055.0,19.0,27980.0,31861.0,267.0,5610.0,97.0,235289.0,21676.0,Dominican Republic,North America,36.0,10854787.0,355.0,178.0,10289.0,46.0
85,2020-07-26,62908.0,2012.0,1063.0,8.0,28603.0,33242.0,267.0,5795.0,98.0,235289.0,21675.0,Dominican Republic,North America,36.0,10855084.0,623.0,173.0,10212.0,46.0
86,2020-07-27,64156.0,1248.0,1083.0,20.0,30204.0,32869.0,268.0,5910.0,100.0,244643.0,22537.0,Dominican Republic,North America,36.0,10855381.0,1601.0,169.0,10023.0,44.0
87,2020-07-28,64690.0,534.0,1101.0,18.0,32014.0,31575.0,279.0,5959.0,101.0,246953.0,22748.0,Dominican Republic,North America,37.0,10855975.0,1810.0,168.0,9860.0,44.0
88,2020-07-29,66182.0,1492.0,1123.0,22.0,33947.0,31112.0,286.0,6096.0,103.0,250424.0,23068.0,Dominican Republic,North America,36.0,10855975.0,1933.0,164.0,9667.0,43.0
89,2020-07-30,67915.0,1733.0,1146.0,23.0,35302.0,31467.0,284.0,6256.0,106.0,255356.0,23522.0,Dominican Republic,North America,34.0,10856272.0,1355.0,160.0,9473.0,43.0
90,2020-07-31,69649.0,1734.0,1160.0,14.0,36470.0,32019.0,284.0,6415.0,107.0,260171.0,23964.0,Dominican Republic,North America,34.0,10856569.0,1168.0,156.0,9359.0,42.0
91,2020-08-01,71415.0,1766.0,1170.0,10.0,37509.0,32736.0,284.0,6578.0,108.0,260171.0,23964.0,Dominican Republic,North America,33.0,10856866.0,1039.0,152.0,9279.0,42.0
92,2020-08-02,72243.0,828.0,1178.0,8.0,38244.0,32821.0,385.0,6654.0,108.0,260171.0,23963.0,Dominican Republic,North America,33.0,10857163.0,735.0,150.0,9217.0,42.0
