,Date,Tot cases,New cases,Tot Deaths,New Deaths,Total Recovered,Active Cases,Serious,Tot C par million,Deaths par million,Total Test,Tot T par million,Country,Continent,index,population,New Recov,col1,col2,col3
0,2020-05-02,17548.0,447.0,17.0,1.0,1347.0,16184.0,24.0,2999.0,3.0,143919.0,24600.0,Singapore,Asia,,,0.0,,,
1,2020-05-03,18205.0,657.0,18.0,1.0,1408.0,16779.0,22.0,3112.0,3.0,143919.0,24600.0,Singapore,Asia,,,0.0,,,
2,2020-05-04,18778.0,573.0,18.0,-1.0,1457.0,17303.0,22.0,3210.0,3.0,143919.0,24600.0,Singapore,Asia,,,0.0,,,
3,2020-05-05,19410.0,-1.0,18.0,-1.0,1519.0,17873.0,24.0,3318.0,3.0,143919.0,24600.0,Singapore,Asia,,,0.0,,,
4,2020-05-06,20198.0,788.0,20.0,2.0,1634.0,18544.0,23.0,3452.0,3.0,175604.0,30016.0,Singapore,Asia,,,0.0,,,
5,2020-05-07,20939.0,741.0,20.0,-1.0,1712.0,19207.0,19.0,3579.0,3.0,175604.0,30016.0,Singapore,Asia,,,0.0,,,
6,2020-05-08,21707.0,-1.0,20.0,-1.0,2040.0,19647.0,22.0,3710.0,3.0,175604.0,30016.0,Singapore,Asia,,,0.0,,,
7,2020-05-09,22460.0,-1.0,20.0,-1.0,2296.0,20144.0,23.0,3839.0,3.0,175604.0,30016.0,Singapore,Asia,,,0.0,,,
8,2020-05-10,23336.0,876.0,20.0,-1.0,2721.0,20595.0,23.0,3989.0,3.0,175604.0,30016.0,Singapore,Asia,,,0.0,,,
9,2020-05-11,23822.0,486.0,21.0,1.0,3225.0,20576.0,24.0,4072.0,4.0,175604.0,30016.0,Singapore,Asia,,,0.0,,,
10,2020-05-12,24671.0,884.0,21.0,-1.0,3851.0,20799.0,20.0,4217.0,4.0,175604.0,30016.0,Singapore,Asia,,,0.0,,,
11,2020-05-13,25346.0,675.0,21.0,-1.0,4809.0,20516.0,19.0,4332.0,4.0,224262.0,38333.0,Singapore,Asia,,,0.0,,,
12,2020-05-14,26098.0,752.0,21.0,-1.0,4809.0,21268.0,20.0,4461.0,4.0,224262.0,38333.0,Singapore,Asia,,,0.0,,,
13,2020-05-15,26891.0,793.0,21.0,-1.0,7248.0,19622.0,18.0,4601.0,4.0,224262.0,38372.0,Singapore,Asia,26.0,5844386.0,0.0,,,
14,2020-05-16,27356.0,465.0,22.0,1.0,8342.0,18992.0,16.0,4681.0,4.0,224262.0,38371.0,Singapore,Asia,26.0,5844512.0,0.0,,,
15,2020-05-17,28038.0,682.0,22.0,-1.0,9340.0,18676.0,16.0,4797.0,4.0,246254.0,42133.0,Singapore,Asia,26.0,5844637.0,0.0,,,
16,2020-05-18,28343.0,305.0,22.0,-1.0,9835.0,18486.0,12.0,4849.0,4.0,246254.0,42132.0,Singapore,Asia,26.0,5844763.0,0.0,,,
17,2020-05-19,28794.0,451.0,22.0,-1.0,10365.0,18407.0,10.0,4926.0,4.0,246254.0,42132.0,Singapore,Asia,26.0,5844888.0,0.0,,,
18,2020-05-20,29364.0,570.0,22.0,-1.0,11207.0,18135.0,11.0,5024.0,4.0,294414.0,50370.0,Singapore,Asia,26.0,5845014.0,0.0,,,
19,2020-05-21,29812.0,448.0,23.0,1.0,12117.0,17672.0,10.0,5100.0,4.0,294414.0,50369.0,Singapore,Asia,26.0,5845139.0,0.0,,,
20,2020-05-22,30426.0,614.0,23.0,-1.0,12995.0,17408.0,8.0,5205.0,4.0,294414.0,50368.0,Singapore,Asia,25.0,5845265.0,0.0,,,
21,2020-05-23,31068.0,642.0,23.0,-1.0,13882.0,17163.0,8.0,5315.0,4.0,294414.0,50367.0,Singapore,Asia,25.0,5845390.0,0.0,,,
22,2020-05-24,31616.0,548.0,23.0,-1.0,14876.0,16717.0,8.0,5409.0,4.0,294414.0,50366.0,Singapore,Asia,25.0,5845516.0,0.0,,,
23,2020-05-25,31960.0,344.0,23.0,-1.0,15738.0,16199.0,8.0,5467.0,4.0,294414.0,50365.0,Singapore,Asia,25.0,5845641.0,0.0,,,
24,2020-05-26,32343.0,383.0,23.0,-1.0,16444.0,15876.0,8.0,5533.0,4.0,294414.0,50364.0,Singapore,Asia,25.0,5845767.0,0.0,,,
25,2020-05-27,32876.0,-1.0,23.0,-1.0,17276.0,15577.0,7.0,5624.0,4.0,334691.0,57251.0,Singapore,Asia,25.0,5846018.0,0.0,,,
26,2020-05-28,33249.0,373.0,23.0,-1.0,18294.0,14932.0,7.0,5687.0,4.0,334691.0,57251.0,Singapore,Asia,25.0,5846018.0,0.0,,,
27,2020-05-29,33860.0,611.0,23.0,-1.0,19631.0,14206.0,8.0,5792.0,4.0,334691.0,57250.0,Singapore,Asia,25.0,5846144.0,0.0,,,
28,2020-05-30,34366.0,506.0,23.0,-1.0,20727.0,13616.0,7.0,5878.0,4.0,334691.0,57249.0,Singapore,Asia,25.0,5846269.0,0.0,,,
29,2020-05-31,34884.0,518.0,23.0,-1.0,21699.0,13162.0,8.0,5967.0,4.0,334691.0,57247.0,Singapore,Asia,25.0,5846395.0,0.0,,,
30,2020-06-01,35292.0,408.0,24.0,1.0,22466.0,12802.0,7.0,6036.0,4.0,334691.0,57246.0,Singapore,Asia,25.0,5846520.0,0.0,,,
31,2020-06-02,35836.0,544.0,24.0,-1.0,23175.0,12637.0,6.0,6129.0,4.0,334691.0,57245.0,Singapore,Asia,25.0,5846646.0,709.0,163.0,243610.0,17.0
32,2020-06-03,36405.0,569.0,24.0,-1.0,23582.0,12799.0,5.0,6227.0,4.0,408495.0,69867.0,Singapore,Asia,26.0,5846771.0,407.0,161.0,243615.0,14.0
33,2020-06-04,36922.0,517.0,24.0,-1.0,23904.0,12994.0,5.0,6315.0,4.0,408495.0,69865.0,Singapore,Asia,27.0,5846897.0,322.0,158.0,243621.0,14.0
34,2020-06-05,37183.0,261.0,24.0,-1.0,24209.0,12950.0,4.0,6359.0,4.0,408495.0,69864.0,Singapore,Asia,27.0,5847022.0,305.0,157.0,243626.0,14.0
35,2020-06-06,37527.0,344.0,25.0,1.0,24559.0,12943.0,4.0,6418.0,4.0,408495.0,69862.0,Singapore,Asia,27.0,5847148.0,350.0,156.0,233886.0,14.0
36,2020-06-07,37910.0,383.0,25.0,-1.0,24886.0,12999.0,3.0,6483.0,4.0,408495.0,69861.0,Singapore,Asia,28.0,5847274.0,327.0,154.0,233891.0,14.0
37,2020-06-08,38296.0,386.0,25.0,-1.0,25368.0,12903.0,4.0,6549.0,4.0,408495.0,69859.0,Singapore,Asia,28.0,5847399.0,482.0,153.0,233896.0,14.0
38,2020-06-09,38514.0,218.0,25.0,-1.0,25877.0,12612.0,3.0,6586.0,4.0,408495.0,69858.0,Singapore,Asia,28.0,5847525.0,509.0,152.0,233901.0,14.0
39,2020-06-10,38965.0,451.0,25.0,-1.0,26532.0,12408.0,3.0,6663.0,4.0,488695.0,83571.0,Singapore,Asia,28.0,5847650.0,655.0,150.0,233906.0,12.0
40,2020-06-11,39387.0,422.0,25.0,-1.0,27286.0,12076.0,2.0,6735.0,4.0,488695.0,83569.0,Singapore,Asia,29.0,5847776.0,754.0,148.0,233911.0,12.0
41,2020-06-12,39850.0,463.0,25.0,-1.0,28040.0,11785.0,2.0,6814.0,4.0,488695.0,83568.0,Singapore,Asia,29.0,5847901.0,754.0,147.0,233916.0,12.0
42,2020-06-13,40197.0,347.0,25.0,-1.0,28808.0,11364.0,1.0,6874.0,4.0,488695.0,83566.0,Singapore,Asia,29.0,5848027.0,768.0,145.0,233921.0,12.0
43,2020-06-14,40604.0,407.0,26.0,-1.0,29589.0,10989.0,2.0,6943.0,4.0,488695.0,83564.0,Singapore,Asia,29.0,5848152.0,781.0,144.0,224929.0,12.0
44,2020-06-15,40818.0,214.0,26.0,-1.0,30366.0,10426.0,2.0,6979.0,4.0,488695.0,83562.0,Singapore,Asia,29.0,5848278.0,777.0,143.0,224934.0,12.0
45,2020-06-16,40969.0,151.0,26.0,-1.0,31163.0,9780.0,2.0,7005.0,4.0,488695.0,83560.0,Singapore,Asia,29.0,5848403.0,797.0,143.0,224939.0,12.0
46,2020-06-17,41216.0,247.0,26.0,-1.0,31938.0,9252.0,2.0,7047.0,4.0,576189.0,98519.0,Singapore,Asia,30.0,5848529.0,775.0,142.0,224943.0,10.0
47,2020-06-18,41473.0,257.0,26.0,-1.0,32712.0,8735.0,2.0,7091.0,4.0,576189.0,98516.0,Singapore,Asia,30.0,5848655.0,774.0,141.0,224948.0,10.0
48,2020-06-19,41615.0,142.0,26.0,-1.0,33459.0,8130.0,2.0,7115.0,4.0,576189.0,98514.0,Singapore,Asia,30.0,5848780.0,747.0,141.0,224953.0,10.0
49,2020-06-20,41833.0,218.0,26.0,-1.0,34224.0,7583.0,1.0,7152.0,4.0,576189.0,98510.0,Singapore,Asia,30.0,5849031.0,765.0,140.0,224963.0,10.0
50,2020-06-21,42095.0,262.0,26.0,-1.0,34942.0,7127.0,1.0,7197.0,4.0,576189.0,98510.0,Singapore,Asia,30.0,5849031.0,718.0,139.0,224963.0,10.0
51,2020-06-22,42313.0,218.0,26.0,-1.0,35590.0,6697.0,1.0,7234.0,4.0,576189.0,98508.0,Singapore,Asia,31.0,5849157.0,648.0,138.0,224968.0,10.0
52,2020-06-23,42432.0,119.0,26.0,-1.0,35995.0,6411.0,1.0,7254.0,4.0,576189.0,98506.0,Singapore,Asia,31.0,5849282.0,405.0,138.0,224972.0,10.0
53,2020-06-24,42623.0,191.0,26.0,-1.0,36299.0,6298.0,1.0,7287.0,4.0,684359.0,116996.0,Singapore,Asia,31.0,5849408.0,304.0,137.0,224977.0,9.0
54,2020-06-25,42736.0,113.0,26.0,-1.0,36604.0,6106.0,1.0,7306.0,4.0,684359.0,116994.0,Singapore,Asia,32.0,5849533.0,305.0,137.0,224982.0,9.0
55,2020-06-26,42955.0,219.0,26.0,-1.0,36825.0,6104.0,1.0,7343.0,4.0,684359.0,116991.0,Singapore,Asia,32.0,5849659.0,221.0,136.0,224987.0,9.0
56,2020-06-27,43246.0,291.0,26.0,-1.0,37163.0,6057.0,1.0,7393.0,4.0,684359.0,116989.0,Singapore,Asia,33.0,5849784.0,338.0,135.0,224992.0,9.0
57,2020-06-28,43459.0,213.0,26.0,-1.0,37508.0,5925.0,1.0,7429.0,4.0,684359.0,116986.0,Singapore,Asia,33.0,5849910.0,345.0,135.0,224997.0,9.0
58,2020-06-29,43661.0,202.0,26.0,-1.0,37985.0,5650.0,1.0,7463.0,4.0,684359.0,116984.0,Singapore,Asia,33.0,5850036.0,477.0,134.0,225001.0,9.0
59,2020-06-30,43907.0,246.0,26.0,-1.0,38500.0,5381.0,1.0,7505.0,4.0,684359.0,116981.0,Singapore,Asia,34.0,5850161.0,515.0,133.0,225006.0,9.0
60,2020-07-01,44122.0,215.0,26.0,-1.0,39011.0,5085.0,1.0,7542.0,4.0,757746.0,129523.0,Singapore,Asia,34.0,5850287.0,511.0,133.0,225011.0,8.0
61,2020-07-02,44310.0,188.0,26.0,-1.0,39429.0,4855.0,1.0,7574.0,4.0,757746.0,129520.0,Singapore,Asia,34.0,5850412.0,418.0,132.0,225016.0,8.0
62,2020-07-03,44479.0,169.0,26.0,-1.0,39769.0,4684.0,1.0,7603.0,4.0,757746.0,129517.0,Singapore,Asia,34.0,5850538.0,340.0,132.0,225021.0,8.0
63,2020-07-04,44664.0,185.0,26.0,-1.0,40117.0,4521.0,2.0,7634.0,4.0,757746.0,129515.0,Singapore,Asia,36.0,5850663.0,348.0,131.0,225026.0,8.0
64,2020-07-05,44800.0,136.0,26.0,-1.0,40441.0,4333.0,2.0,7657.0,4.0,757746.0,129512.0,Singapore,Asia,36.0,5850789.0,324.0,131.0,225030.0,8.0
65,2020-07-06,44983.0,183.0,26.0,-1.0,40717.0,4240.0,2.0,7688.0,4.0,757746.0,129509.0,Singapore,Asia,37.0,5850914.0,276.0,130.0,225035.0,8.0
66,2020-07-07,45140.0,157.0,26.0,-1.0,41002.0,4112.0,1.0,7715.0,4.0,757746.0,129506.0,Singapore,Asia,37.0,5851040.0,285.0,130.0,225040.0,8.0
67,2020-07-08,45298.0,158.0,26.0,-1.0,41323.0,3949.0,1.0,7742.0,4.0,757746.0,129503.0,Singapore,Asia,37.0,5851166.0,321.0,129.0,225045.0,8.0
68,2020-07-09,45423.0,125.0,26.0,-1.0,41645.0,3752.0,1.0,7763.0,4.0,866414.0,148072.0,Singapore,Asia,37.0,5851291.0,322.0,129.0,225050.0,7.0
69,2020-07-10,45614.0,191.0,26.0,-1.0,41780.0,3808.0,1.0,7795.0,4.0,866414.0,148069.0,Singapore,Asia,38.0,5851417.0,135.0,128.0,225055.0,7.0
70,2020-07-11,45783.0,170.0,26.0,-1.0,42026.0,3731.0,1.0,7824.0,4.0,866414.0,148066.0,Singapore,Asia,38.0,5851542.0,246.0,128.0,225059.0,7.0
71,2020-07-12,45961.0,178.0,26.0,-1.0,42285.0,3650.0,1.0,7854.0,4.0,866414.0,148060.0,Singapore,Asia,39.0,5851793.0,259.0,127.0,225069.0,7.0
72,2020-07-13,46283.0,322.0,26.0,-1.0,42285.0,3972.0,1.0,7909.0,4.0,866414.0,148060.0,Singapore,Asia,39.0,5851793.0,-1.0,126.0,225069.0,7.0
73,2020-07-14,46630.0,347.0,27.0,1.0,42737.0,3866.0,-1.0,7968.0,5.0,866414.0,148056.0,Singapore,Asia,40.0,5851919.0,196.0,125.0,216738.0,7.0
74,2020-07-15,46878.0,249.0,27.0,-1.0,42988.0,3863.0,-1.0,8011.0,5.0,1009532.0,172509.0,Singapore,Asia,41.0,5852044.0,251.0,125.0,216742.0,6.0
75,2020-07-16,47126.0,248.0,27.0,-1.0,43256.0,3843.0,-1.0,8053.0,5.0,1009532.0,172506.0,Singapore,Asia,41.0,5852170.0,268.0,124.0,216747.0,6.0
76,2020-07-17,47453.0,327.0,27.0,-1.0,43577.0,3849.0,-1.0,8108.0,5.0,1009532.0,172502.0,Singapore,Asia,42.0,5852295.0,321.0,123.0,216752.0,6.0
77,2020-07-18,47655.0,202.0,27.0,-1.0,43833.0,3795.0,-1.0,8143.0,5.0,1009532.0,172498.0,Singapore,Asia,42.0,5852421.0,256.0,123.0,216756.0,6.0
78,2020-07-19,47912.0,257.0,27.0,-1.0,44086.0,3799.0,-1.0,8187.0,5.0,1009532.0,172494.0,Singapore,Asia,42.0,5852547.0,253.0,122.0,216761.0,6.0
