,Date,Tot cases,New cases,Tot Deaths,New Deaths,Total Recovered,Active Cases,Serious,Tot C par million,Deaths par million,Total Test,Tot T par million,Country,Continent,index,population,New Recov,col1,col2,col3
0,2020-05-02,5176.0,125.0,220.0,2.0,3000.0,1956.0,52.0,934.0,40.0,101800.0,18373.0,Finland,Europe,,,0.0,,,
1,2020-05-03,5254.0,78.0,230.0,10.0,3000.0,2024.0,49.0,948.0,42.0,102300.0,18463.0,Finland,Europe,,,0.0,,,
2,2020-05-04,5327.0,73.0,240.0,10.0,3500.0,1587.0,49.0,961.0,43.0,103500.0,18680.0,Finland,Europe,,,0.0,,,
3,2020-05-05,5412.0,-1.0,246.0,-1.0,3500.0,1666.0,48.0,977.0,44.0,106300.0,19185.0,Finland,Europe,,,0.0,,,
4,2020-05-06,5573.0,161.0,252.0,6.0,3500.0,1821.0,44.0,1006.0,45.0,108200.0,19528.0,Finland,Europe,,,0.0,,,
5,2020-05-07,5673.0,100.0,255.0,3.0,3500.0,1918.0,44.0,1024.0,46.0,112100.0,20232.0,Finland,Europe,,,0.0,,,
6,2020-05-08,5738.0,-1.0,260.0,-1.0,4000.0,1478.0,45.0,1036.0,47.0,116500.0,21026.0,Finland,Europe,,,0.0,,,
7,2020-05-09,5880.0,-1.0,265.0,-1.0,4000.0,1615.0,45.0,1061.0,48.0,119100.0,21495.0,Finland,Europe,,,0.0,,,
8,2020-05-10,5962.0,82.0,267.0,2.0,4000.0,1695.0,45.0,1076.0,48.0,121500.0,21929.0,Finland,Europe,,,0.0,,,
9,2020-05-11,5984.0,22.0,271.0,4.0,4000.0,1713.0,44.0,1080.0,49.0,123300.0,22253.0,Finland,Europe,,,0.0,,,
10,2020-05-12,6003.0,19.0,275.0,4.0,4300.0,1428.0,34.0,1083.0,50.0,126500.0,22831.0,Finland,Europe,,,0.0,,,
11,2020-05-13,6054.0,51.0,284.0,9.0,4300.0,1470.0,35.0,1093.0,51.0,133200.0,24040.0,Finland,Europe,,,0.0,,,
12,2020-05-14,6145.0,91.0,287.0,3.0,4300.0,1558.0,33.0,1109.0,52.0,137000.0,24726.0,Finland,Europe,,,0.0,,,
13,2020-05-15,6228.0,83.0,293.0,6.0,5000.0,935.0,32.0,1124.0,53.0,140600.0,25381.0,Finland,Europe,55.0,5539635.0,0.0,,,
14,2020-05-16,6286.0,58.0,297.0,4.0,5000.0,989.0,30.0,1135.0,54.0,143900.0,25976.0,Finland,Europe,56.0,5539658.0,0.0,,,
15,2020-05-17,6347.0,61.0,298.0,1.0,5000.0,1049.0,30.0,1146.0,54.0,146800.0,26500.0,Finland,Europe,56.0,5539682.0,0.0,,,
16,2020-05-18,6380.0,33.0,300.0,2.0,5000.0,1080.0,34.0,1152.0,54.0,149700.0,27023.0,Finland,Europe,57.0,5539705.0,0.0,,,
17,2020-05-19,6399.0,19.0,301.0,1.0,5000.0,1098.0,25.0,1155.0,54.0,152300.0,27492.0,Finland,Europe,57.0,5539729.0,0.0,,,
18,2020-05-20,6443.0,44.0,304.0,3.0,4800.0,1339.0,20.0,1163.0,55.0,156200.0,28196.0,Finland,Europe,58.0,5539752.0,0.0,,,
19,2020-05-21,6493.0,50.0,306.0,2.0,4800.0,1387.0,22.0,1172.0,55.0,160177.0,28914.0,Finland,Europe,59.0,5539776.0,0.0,,,
20,2020-05-22,6537.0,44.0,306.0,-1.0,4800.0,1431.0,21.0,1180.0,55.0,163000.0,29423.0,Finland,Europe,60.0,5539799.0,0.0,,,
21,2020-05-23,6568.0,31.0,306.0,-1.0,4800.0,1462.0,21.0,1186.0,55.0,165600.0,29893.0,Finland,Europe,61.0,5539822.0,0.0,,,
22,2020-05-24,6579.0,11.0,307.0,1.0,4800.0,1472.0,19.0,1188.0,55.0,166900.0,30127.0,Finland,Europe,62.0,5539846.0,0.0,,,
23,2020-05-25,6599.0,20.0,308.0,1.0,5100.0,1191.0,18.0,1191.0,56.0,168700.0,30452.0,Finland,Europe,62.0,5539869.0,0.0,,,
24,2020-05-26,6628.0,29.0,312.0,4.0,5100.0,1216.0,11.0,1196.0,56.0,171575.0,30971.0,Finland,Europe,63.0,5539893.0,0.0,,,
25,2020-05-27,6692.0,-1.0,313.0,-1.0,5100.0,1279.0,11.0,1208.0,56.0,173313.0,31284.0,Finland,Europe,63.0,5539940.0,0.0,,,
26,2020-05-28,6743.0,51.0,313.0,-1.0,5500.0,930.0,11.0,1217.0,56.0,176650.0,31887.0,Finland,Europe,63.0,5539940.0,0.0,,,
27,2020-05-29,6776.0,33.0,314.0,1.0,5500.0,962.0,10.0,1223.0,57.0,179400.0,32383.0,Finland,Europe,63.0,5539963.0,0.0,,,
28,2020-05-30,6826.0,50.0,316.0,2.0,5500.0,1010.0,11.0,1232.0,57.0,182700.0,32978.0,Finland,Europe,63.0,5539987.0,0.0,,,
29,2020-05-31,6859.0,33.0,320.0,4.0,5500.0,1039.0,10.0,1238.0,58.0,184408.0,33287.0,Finland,Europe,63.0,5540010.0,0.0,,,
30,2020-06-01,6885.0,26.0,318.0,-1.0,5500.0,1067.0,9.0,1243.0,57.0,185484.0,33481.0,Finland,Europe,63.0,5540033.0,0.0,,,
31,2020-06-02,6887.0,2.0,320.0,2.0,5500.0,1067.0,9.0,1243.0,58.0,190800.0,34440.0,Finland,Europe,64.0,5540057.0,-1.0,804.0,17313.0,29.0
32,2020-06-03,6911.0,24.0,321.0,1.0,5500.0,1090.0,7.0,1247.0,58.0,192800.0,34801.0,Finland,Europe,64.0,5540080.0,-1.0,802.0,17259.0,29.0
33,2020-06-04,6911.0,-1.0,322.0,1.0,5800.0,789.0,7.0,1247.0,58.0,195400.0,35270.0,Finland,Europe,64.0,5540104.0,300.0,802.0,17205.0,28.0
34,2020-06-05,6941.0,30.0,322.0,-1.0,5800.0,819.0,8.0,1253.0,58.0,198647.0,35856.0,Finland,Europe,65.0,5540127.0,-1.0,798.0,17205.0,28.0
35,2020-06-06,6964.0,23.0,322.0,-1.0,5800.0,842.0,7.0,1257.0,58.0,200500.0,36190.0,Finland,Europe,66.0,5540151.0,-1.0,796.0,17205.0,28.0
36,2020-06-07,6981.0,17.0,323.0,1.0,5800.0,858.0,6.0,1260.0,58.0,201000.0,36280.0,Finland,Europe,66.0,5540174.0,-1.0,794.0,17152.0,28.0
37,2020-06-08,7001.0,20.0,323.0,-1.0,5800.0,878.0,6.0,1264.0,58.0,203439.0,36721.0,Finland,Europe,67.0,5540198.0,-1.0,791.0,17152.0,27.0
38,2020-06-09,7025.0,24.0,324.0,1.0,5800.0,901.0,4.0,1268.0,58.0,205600.0,37110.0,Finland,Europe,67.0,5540221.0,-1.0,789.0,17099.0,27.0
39,2020-06-10,7040.0,15.0,324.0,-1.0,5800.0,916.0,4.0,1271.0,58.0,208300.0,37598.0,Finland,Europe,67.0,5540244.0,-1.0,787.0,17100.0,27.0
40,2020-06-11,7064.0,24.0,325.0,1.0,6200.0,539.0,4.0,1275.0,59.0,211900.0,38247.0,Finland,Europe,68.0,5540268.0,400.0,784.0,17047.0,26.0
41,2020-06-12,7073.0,9.0,325.0,-1.0,6200.0,548.0,3.0,1277.0,59.0,214800.0,38771.0,Finland,Europe,68.0,5540291.0,-1.0,783.0,17047.0,26.0
42,2020-06-13,7087.0,14.0,325.0,-1.0,6200.0,562.0,2.0,1279.0,59.0,217300.0,39222.0,Finland,Europe,68.0,5540315.0,-1.0,782.0,17047.0,25.0
43,2020-06-14,7104.0,17.0,326.0,1.0,6200.0,578.0,1.0,1282.0,59.0,219500.0,39619.0,Finland,Europe,68.0,5540338.0,-1.0,780.0,16995.0,25.0
44,2020-06-15,7108.0,4.0,326.0,-1.0,6200.0,582.0,3.0,1283.0,59.0,219900.0,39691.0,Finland,Europe,69.0,5540362.0,-1.0,779.0,16995.0,25.0
45,2020-06-16,7112.0,4.0,326.0,-1.0,6200.0,586.0,2.0,1284.0,59.0,222500.0,40160.0,Finland,Europe,69.0,5540385.0,-1.0,779.0,16995.0,25.0
46,2020-06-17,7117.0,5.0,326.0,-1.0,6200.0,591.0,2.0,1285.0,59.0,224400.0,40502.0,Finland,Europe,70.0,5540409.0,-1.0,778.0,16995.0,25.0
47,2020-06-18,7119.0,2.0,326.0,-1.0,6200.0,593.0,2.0,1285.0,59.0,224400.0,40502.0,Finland,Europe,70.0,5540432.0,-1.0,778.0,16995.0,25.0
48,2020-06-19,7133.0,14.0,326.0,-1.0,6200.0,607.0,2.0,1287.0,59.0,224400.0,40502.0,Finland,Europe,70.0,5540456.0,-1.0,777.0,16995.0,25.0
49,2020-06-20,7142.0,9.0,326.0,-1.0,6200.0,616.0,2.0,1289.0,59.0,224400.0,40502.0,Finland,Europe,71.0,5540502.0,-1.0,776.0,16995.0,25.0
50,2020-06-21,7143.0,1.0,326.0,-1.0,6200.0,617.0,2.0,1289.0,59.0,224400.0,40502.0,Finland,Europe,71.0,5540502.0,-1.0,776.0,16995.0,25.0
51,2020-06-22,7144.0,1.0,327.0,1.0,6400.0,417.0,2.0,1289.0,59.0,230500.0,41603.0,Finland,Europe,71.0,5540526.0,200.0,776.0,16944.0,24.0
52,2020-06-23,7155.0,11.0,327.0,-1.0,6400.0,428.0,2.0,1291.0,59.0,234000.0,42234.0,Finland,Europe,71.0,5540549.0,-1.0,774.0,16944.0,24.0
53,2020-06-24,7167.0,12.0,327.0,-1.0,6600.0,240.0,2.0,1294.0,59.0,235500.0,42505.0,Finland,Europe,71.0,5540573.0,200.0,773.0,16944.0,24.0
54,2020-06-25,7172.0,5.0,327.0,-1.0,6600.0,245.0,2.0,1294.0,59.0,235500.0,42504.0,Finland,Europe,72.0,5540596.0,-1.0,773.0,16944.0,24.0
55,2020-06-26,7191.0,19.0,328.0,1.0,6600.0,263.0,1.0,1298.0,59.0,237500.0,42865.0,Finland,Europe,72.0,5540620.0,-1.0,770.0,16892.0,23.0
56,2020-06-27,7198.0,7.0,328.0,-1.0,6600.0,270.0,1.0,1299.0,59.0,237500.0,42865.0,Finland,Europe,72.0,5540643.0,-1.0,770.0,16892.0,23.0
57,2020-06-28,7198.0,-1.0,328.0,-1.0,6600.0,270.0,1.0,1299.0,59.0,237500.0,42865.0,Finland,Europe,72.0,5540667.0,-1.0,770.0,16892.0,23.0
58,2020-06-29,7209.0,11.0,328.0,-1.0,6600.0,281.0,1.0,1301.0,59.0,237500.0,42865.0,Finland,Europe,72.0,5540690.0,-1.0,769.0,16892.0,23.0
59,2020-06-30,7214.0,5.0,328.0,-1.0,6600.0,286.0,-1.0,1302.0,59.0,243100.0,43875.0,Finland,Europe,72.0,5540713.0,-1.0,768.0,16892.0,23.0
60,2020-07-01,7236.0,22.0,328.0,-1.0,6700.0,208.0,-1.0,1306.0,59.0,246000.0,44398.0,Finland,Europe,72.0,5540737.0,100.0,766.0,16892.0,23.0
61,2020-07-02,7241.0,5.0,328.0,-1.0,6700.0,213.0,-1.0,1307.0,59.0,248900.0,44922.0,Finland,Europe,72.0,5540760.0,-1.0,765.0,16893.0,22.0
62,2020-07-03,7242.0,1.0,329.0,1.0,6700.0,213.0,-1.0,1307.0,59.0,251600.0,45409.0,Finland,Europe,74.0,5540784.0,-1.0,765.0,16841.0,22.0
63,2020-07-04,7248.0,6.0,329.0,-1.0,6700.0,219.0,-1.0,1308.0,59.0,251600.0,45409.0,Finland,Europe,76.0,5540807.0,-1.0,764.0,16841.0,22.0
64,2020-07-05,7253.0,5.0,329.0,-1.0,6700.0,224.0,-1.0,1309.0,59.0,251600.0,45408.0,Finland,Europe,77.0,5540831.0,-1.0,764.0,16841.0,22.0
65,2020-07-06,7257.0,4.0,329.0,-1.0,6700.0,228.0,1.0,1310.0,59.0,255500.0,46112.0,Finland,Europe,77.0,5540854.0,-1.0,764.0,16842.0,22.0
66,2020-07-07,7262.0,5.0,329.0,-1.0,6700.0,233.0,1.0,1311.0,59.0,255500.0,46112.0,Finland,Europe,78.0,5540878.0,-1.0,763.0,16842.0,22.0
67,2020-07-08,7265.0,3.0,329.0,-1.0,6800.0,136.0,2.0,1311.0,59.0,266600.0,48115.0,Finland,Europe,79.0,5540901.0,100.0,763.0,16842.0,21.0
68,2020-07-09,7273.0,8.0,329.0,-1.0,6800.0,144.0,2.0,1313.0,59.0,270400.0,48801.0,Finland,Europe,79.0,5540924.0,-1.0,762.0,16842.0,20.0
69,2020-07-10,7279.0,6.0,329.0,-1.0,6800.0,150.0,2.0,1314.0,59.0,275000.0,49630.0,Finland,Europe,79.0,5540948.0,-1.0,761.0,16842.0,20.0
70,2020-07-11,7291.0,12.0,329.0,-1.0,6800.0,162.0,2.0,1316.0,59.0,275000.0,49630.0,Finland,Europe,80.0,5540971.0,-1.0,760.0,16842.0,20.0
71,2020-07-12,7294.0,3.0,329.0,-1.0,6800.0,165.0,2.0,1316.0,59.0,275000.0,49630.0,Finland,Europe,81.0,5541018.0,-1.0,760.0,16842.0,20.0
72,2020-07-13,7295.0,1.0,329.0,-1.0,6800.0,166.0,1.0,1317.0,59.0,278800.0,50316.0,Finland,Europe,82.0,5541018.0,-1.0,760.0,16842.0,20.0
73,2020-07-14,7301.0,6.0,329.0,-1.0,6800.0,172.0,1.0,1318.0,59.0,278800.0,50315.0,Finland,Europe,82.0,5541042.0,-1.0,759.0,16842.0,20.0
74,2020-07-15,7296.0,-1.0,328.0,-1.0,6880.0,88.0,1.0,1317.0,59.0,291100.0,52535.0,Finland,Europe,83.0,5541065.0,80.0,759.0,16893.0,19.0
75,2020-07-16,7293.0,-1.0,328.0,-1.0,6880.0,85.0,1.0,1316.0,59.0,294900.0,53221.0,Finland,Europe,84.0,5541089.0,-1.0,760.0,16894.0,19.0
76,2020-07-17,7301.0,8.0,328.0,-1.0,6880.0,93.0,1.0,1318.0,59.0,300400.0,54213.0,Finland,Europe,84.0,5541112.0,-1.0,759.0,16894.0,18.0
77,2020-07-18,7318.0,17.0,328.0,-1.0,6880.0,110.0,1.0,1321.0,59.0,305908.0,55207.0,Finland,Europe,84.0,5541135.0,-1.0,757.0,16894.0,18.0
78,2020-07-19,7335.0,17.0,328.0,-1.0,6880.0,127.0,1.0,1324.0,59.0,306192.0,55258.0,Finland,Europe,84.0,5541159.0,-1.0,755.0,16894.0,18.0
79,2020-07-20,7340.0,5.0,328.0,-1.0,6880.0,132.0,1.0,1325.0,59.0,311200.0,56161.0,Finland,Europe,84.0,5541182.0,-1.0,755.0,16894.0,18.0
80,2020-07-21,7351.0,11.0,328.0,-1.0,6880.0,143.0,1.0,1327.0,59.0,317837.0,57359.0,Finland,Europe,85.0,5541206.0,-1.0,754.0,16894.0,17.0
81,2020-07-22,7362.0,11.0,328.0,-1.0,6920.0,114.0,1.0,1329.0,59.0,321168.0,57960.0,Finland,Europe,85.0,5541229.0,40.0,753.0,16894.0,17.0
82,2020-07-23,7372.0,10.0,328.0,-1.0,6920.0,124.0,1.0,1330.0,59.0,321168.0,57959.0,Finland,Europe,85.0,5541276.0,-1.0,752.0,16894.0,17.0
83,2020-07-24,7380.0,8.0,329.0,1.0,6920.0,131.0,-1.0,1332.0,59.0,330561.0,59654.0,Finland,Europe,85.0,5541276.0,-1.0,751.0,16843.0,17.0
84,2020-07-25,7388.0,8.0,329.0,-1.0,6920.0,139.0,-1.0,1333.0,59.0,330561.0,59654.0,Finland,Europe,85.0,5541300.0,-1.0,750.0,16843.0,17.0
85,2020-07-26,7393.0,5.0,329.0,-1.0,6920.0,144.0,-1.0,1334.0,59.0,339225.0,61217.0,Finland,Europe,85.0,5541323.0,-1.0,750.0,16843.0,16.0
86,2020-07-27,7398.0,5.0,329.0,-1.0,6920.0,149.0,-1.0,1335.0,59.0,341000.0,61537.0,Finland,Europe,85.0,5541346.0,-1.0,749.0,16843.0,16.0
87,2020-07-28,7404.0,6.0,329.0,-1.0,6920.0,155.0,-1.0,1336.0,59.0,347472.0,62705.0,Finland,Europe,86.0,5541393.0,-1.0,748.0,16843.0,16.0
88,2020-07-29,7414.0,10.0,329.0,-1.0,6950.0,135.0,-1.0,1338.0,59.0,349097.0,62998.0,Finland,Europe,86.0,5541393.0,30.0,747.0,16843.0,16.0
89,2020-07-30,7423.0,9.0,329.0,-1.0,6950.0,144.0,-1.0,1340.0,59.0,354342.0,63944.0,Finland,Europe,86.0,5541417.0,-1.0,747.0,16843.0,16.0
90,2020-07-31,7432.0,9.0,329.0,-1.0,6950.0,153.0,-1.0,1341.0,59.0,359461.0,64868.0,Finland,Europe,86.0,5541440.0,-1.0,746.0,16843.0,15.0
91,2020-08-01,7443.0,11.0,329.0,-1.0,6950.0,164.0,-1.0,1343.0,59.0,365981.0,66044.0,Finland,Europe,88.0,5541464.0,-1.0,745.0,16843.0,15.0
92,2020-08-02,7453.0,10.0,329.0,-1.0,6950.0,174.0,-1.0,1345.0,59.0,366171.0,66078.0,Finland,Europe,89.0,5541487.0,-1.0,744.0,16843.0,15.0
