,Date,Tot cases,New cases,Tot Deaths,New Deaths,Total Recovered,Active Cases,Serious,Tot C par million,Deaths par million,Total Test,Tot T par million,Country,Continent,index,population,New Recov,col1,col2,col3
0,2020-05-02,124054.0,9623.0,1222.0,53.0,15013.0,107819.0,2300.0,850.0,8.0,3945518.0,27036.0,Russia,Europe,,,0.0,,,
1,2020-05-03,134687.0,10633.0,1280.0,58.0,16639.0,116768.0,2300.0,923.0,9.0,4100000.0,28095.0,Russia,Europe,,,0.0,,,
2,2020-05-04,145268.0,10581.0,1356.0,76.0,18095.0,125817.0,2300.0,995.0,9.0,4300000.0,29465.0,Russia,Europe,,,0.0,,,
3,2020-05-05,155370.0,-1.0,1451.0,-1.0,19865.0,134054.0,2300.0,1065.0,10.0,4460357.0,30564.0,Russia,Europe,,,0.0,,,
4,2020-05-06,165929.0,10559.0,1537.0,86.0,21327.0,143065.0,2300.0,1137.0,11.0,4633731.0,31752.0,Russia,Europe,,,0.0,,,
5,2020-05-07,177160.0,11231.0,1625.0,88.0,23803.0,151732.0,2300.0,1214.0,11.0,4803192.0,32913.0,Russia,Europe,,,0.0,,,
6,2020-05-08,187859.0,-1.0,1723.0,-1.0,26608.0,159528.0,2300.0,1287.0,12.0,4980000.0,34125.0,Russia,Europe,,,0.0,,,
7,2020-05-09,198676.0,-1.0,1827.0,-1.0,31916.0,164933.0,2300.0,1361.0,13.0,5221964.0,35783.0,Russia,Europe,,,0.0,,,
8,2020-05-10,209688.0,11012.0,1915.0,88.0,34306.0,173467.0,2300.0,1437.0,13.0,5448463.0,37335.0,Russia,Europe,,,0.0,,,
9,2020-05-11,221344.0,11656.0,2009.0,94.0,39801.0,179534.0,2300.0,1517.0,14.0,5636763.0,38625.0,Russia,Europe,,,0.0,,,
10,2020-05-12,232243.0,10899.0,2116.0,107.0,43512.0,186615.0,2300.0,1591.0,14.0,5805404.0,39781.0,Russia,Europe,,,0.0,,,
11,2020-05-13,242271.0,10028.0,2212.0,96.0,48003.0,192056.0,2300.0,1660.0,15.0,5982558.0,40995.0,Russia,Europe,,,0.0,,,
12,2020-05-14,252245.0,9974.0,2305.0,93.0,53530.0,196410.0,2300.0,1728.0,16.0,6188102.0,42403.0,Russia,Europe,,,0.0,,,
13,2020-05-15,262843.0,10598.0,2418.0,113.0,58226.0,202199.0,2300.0,1801.0,17.0,6413948.0,43953.0,Russia,Europe,3.0,145926611.0,0.0,,,
14,2020-05-16,272043.0,9200.0,2537.0,119.0,63166.0,206340.0,2300.0,1864.0,17.0,6656340.0,45614.0,Russia,Europe,3.0,145926781.0,0.0,,,
15,2020-05-17,281752.0,9709.0,2631.0,94.0,67373.0,211748.0,2300.0,1931.0,18.0,6916088.0,47394.0,Russia,Europe,2.0,145926952.0,0.0,,,
16,2020-05-18,290678.0,8926.0,2722.0,91.0,70209.0,217747.0,2300.0,1992.0,19.0,7147014.0,48977.0,Russia,Europe,2.0,145927122.0,0.0,,,
17,2020-05-19,299941.0,9263.0,2837.0,115.0,76130.0,220974.0,2300.0,2055.0,19.0,7352316.0,50383.0,Russia,Europe,2.0,145927292.0,0.0,,,
18,2020-05-20,308705.0,8764.0,2972.0,135.0,85392.0,220341.0,2300.0,2115.0,20.0,7578029.0,51930.0,Russia,Europe,2.0,145927463.0,0.0,,,
19,2020-05-21,317554.0,8849.0,3099.0,127.0,92681.0,221774.0,2300.0,2176.0,21.0,7840880.0,53731.0,Russia,Europe,2.0,145927633.0,0.0,,,
20,2020-05-22,326448.0,8894.0,3249.0,150.0,99825.0,223374.0,2300.0,2237.0,22.0,8126626.0,55689.0,Russia,Europe,2.0,145927804.0,0.0,,,
21,2020-05-23,335882.0,9434.0,3388.0,139.0,107936.0,224558.0,2300.0,2302.0,23.0,8402747.0,57581.0,Russia,Europe,3.0,145927974.0,0.0,,,
22,2020-05-24,344481.0,8599.0,3541.0,153.0,113299.0,227641.0,2300.0,2361.0,24.0,8685305.0,59518.0,Russia,Europe,3.0,145928144.0,0.0,,,
23,2020-05-25,353427.0,8946.0,3633.0,92.0,118798.0,230996.0,2300.0,2422.0,25.0,8945384.0,61300.0,Russia,Europe,3.0,145928315.0,0.0,,,
24,2020-05-26,362342.0,8915.0,3807.0,174.0,131129.0,227406.0,2300.0,2483.0,26.0,9160590.0,62775.0,Russia,Europe,3.0,145928485.0,0.0,,,
25,2020-05-27,370680.0,-1.0,3968.0,-1.0,142208.0,224504.0,2300.0,2540.0,27.0,9415992.0,64525.0,Russia,Europe,3.0,145928826.0,0.0,,,
26,2020-05-28,379051.0,8371.0,4142.0,174.0,150993.0,223916.0,2300.0,2598.0,28.0,9701280.0,66480.0,Russia,Europe,3.0,145928826.0,0.0,,,
27,2020-05-29,387623.0,8572.0,4374.0,232.0,159257.0,223992.0,2300.0,2656.0,30.0,10000061.0,68527.0,Russia,Europe,3.0,145928996.0,0.0,,,
28,2020-05-30,396575.0,8952.0,4555.0,181.0,167469.0,224551.0,2300.0,2718.0,31.0,10316200.0,70693.0,Russia,Europe,3.0,145929167.0,0.0,,,
29,2020-05-31,405843.0,9268.0,4693.0,138.0,171883.0,229267.0,2300.0,2781.0,32.0,10643124.0,72933.0,Russia,Europe,3.0,145929337.0,0.0,,,
30,2020-06-01,414878.0,9035.0,4855.0,162.0,175877.0,234146.0,2300.0,2843.0,33.0,10923108.0,74852.0,Russia,Europe,3.0,145929507.0,0.0,,,
31,2020-06-02,423741.0,8863.0,5037.0,182.0,186985.0,231719.0,2300.0,2904.0,35.0,11151622.0,76418.0,Russia,Europe,3.0,145929678.0,11108.0,344.0,28972.0,13.0
32,2020-06-03,432277.0,8536.0,5215.0,178.0,195957.0,231105.0,2300.0,2962.0,36.0,11426045.0,78298.0,Russia,Europe,3.0,145929848.0,8972.0,338.0,27983.0,13.0
33,2020-06-04,441108.0,8831.0,5384.0,169.0,204623.0,231101.0,2300.0,3023.0,37.0,11733051.0,80402.0,Russia,Europe,3.0,145930019.0,8666.0,331.0,27104.0,12.0
34,2020-06-05,449834.0,8726.0,5528.0,144.0,212680.0,231626.0,2300.0,3083.0,38.0,12053663.0,82599.0,Russia,Europe,3.0,145930189.0,8057.0,324.0,26398.0,12.0
35,2020-06-06,458689.0,8855.0,5725.0,197.0,221388.0,231576.0,2300.0,3143.0,39.0,12388968.0,84896.0,Russia,Europe,3.0,145930359.0,8708.0,318.0,25490.0,12.0
36,2020-06-07,467673.0,8984.0,5859.0,134.0,226731.0,235083.0,2300.0,3205.0,40.0,12721549.0,87175.0,Russia,Europe,3.0,145930530.0,5343.0,312.0,24907.0,11.0
37,2020-06-08,476658.0,8985.0,5971.0,112.0,230688.0,239999.0,2300.0,3266.0,41.0,13016023.0,89193.0,Russia,Europe,3.0,145930700.0,3957.0,306.0,24440.0,11.0
38,2020-06-09,485253.0,8595.0,6142.0,171.0,242397.0,236714.0,2300.0,3325.0,42.0,13254678.0,90828.0,Russia,Europe,3.0,145930871.0,11709.0,301.0,23760.0,11.0
39,2020-06-10,493657.0,8404.0,6358.0,216.0,252783.0,234516.0,2300.0,3383.0,44.0,13545303.0,92820.0,Russia,Europe,3.0,145931041.0,10386.0,296.0,22952.0,11.0
40,2020-06-11,502436.0,8779.0,6532.0,174.0,261150.0,234754.0,2300.0,3443.0,45.0,13875097.0,95080.0,Russia,Europe,3.0,145931211.0,8367.0,290.0,22341.0,11.0
41,2020-06-12,511423.0,8987.0,6715.0,183.0,269370.0,235338.0,2300.0,3505.0,46.0,14218674.0,97434.0,Russia,Europe,3.0,145931382.0,8220.0,285.0,21732.0,10.0
42,2020-06-13,520129.0,8706.0,6829.0,114.0,274641.0,238659.0,2300.0,3564.0,47.0,14574117.0,99870.0,Russia,Europe,3.0,145931552.0,5271.0,281.0,21369.0,10.0
43,2020-06-14,528964.0,8835.0,6948.0,119.0,280050.0,241966.0,2300.0,3625.0,48.0,14880172.0,101967.0,Russia,Europe,3.0,145931723.0,5409.0,276.0,21003.0,10.0
44,2020-06-15,537210.0,8246.0,7091.0,143.0,284539.0,245580.0,2300.0,3681.0,49.0,15161152.0,103892.0,Russia,Europe,3.0,145931893.0,4489.0,272.0,20580.0,10.0
45,2020-06-16,545458.0,8248.0,7284.0,193.0,294306.0,243868.0,2300.0,3738.0,50.0,15395417.0,105497.0,Russia,Europe,3.0,145932063.0,9767.0,268.0,20035.0,9.0
46,2020-06-17,553301.0,7843.0,7478.0,194.0,304342.0,241481.0,2300.0,3791.0,51.0,15679724.0,107445.0,Russia,Europe,3.0,145932234.0,10036.0,264.0,19515.0,9.0
47,2020-06-18,561091.0,7790.0,7660.0,182.0,313963.0,239468.0,2300.0,3845.0,52.0,15679724.0,107445.0,Russia,Europe,3.0,145932404.0,9621.0,260.0,19051.0,9.0
48,2020-06-19,569063.0,7972.0,7841.0,181.0,324406.0,236816.0,2300.0,3899.0,54.0,16321964.0,111846.0,Russia,Europe,3.0,145932574.0,10443.0,256.0,18611.0,9.0
49,2020-06-20,576952.0,7889.0,8002.0,161.0,334592.0,234358.0,2300.0,3954.0,55.0,16661287.0,114171.0,Russia,Europe,3.0,145932915.0,10186.0,253.0,18237.0,9.0
50,2020-06-21,584680.0,7728.0,8111.0,109.0,339711.0,236858.0,2300.0,4006.0,56.0,16998453.0,116481.0,Russia,Europe,3.0,145932915.0,5119.0,250.0,17992.0,9.0
51,2020-06-22,592280.0,7600.0,8206.0,95.0,344416.0,239658.0,2300.0,4059.0,56.0,17289691.0,118477.0,Russia,Europe,3.0,145933086.0,4705.0,246.0,17784.0,8.0
52,2020-06-23,599705.0,7425.0,8359.0,153.0,356429.0,234917.0,2300.0,4109.0,57.0,17522752.0,120074.0,Russia,Europe,3.0,145933256.0,12013.0,243.0,17458.0,8.0
53,2020-06-24,606881.0,7176.0,8513.0,154.0,368822.0,229546.0,2300.0,4159.0,58.0,17803955.0,122001.0,Russia,Europe,3.0,145933426.0,12393.0,240.0,17142.0,8.0
54,2020-06-25,613994.0,7113.0,8605.0,92.0,375164.0,230225.0,2300.0,4207.0,59.0,18115830.0,124137.0,Russia,Europe,3.0,145933597.0,6342.0,238.0,16959.0,8.0
55,2020-06-26,620794.0,6800.0,8781.0,176.0,384152.0,227861.0,2300.0,4254.0,60.0,18402719.0,126103.0,Russia,Europe,3.0,145933767.0,8988.0,235.0,16619.0,8.0
56,2020-06-27,627646.0,6852.0,8969.0,188.0,393352.0,225325.0,2300.0,4301.0,61.0,18707946.0,128195.0,Russia,Europe,3.0,145933938.0,9200.0,233.0,16271.0,8.0
57,2020-06-28,634437.0,6791.0,9073.0,104.0,399087.0,226277.0,2300.0,4347.0,62.0,19044954.0,130504.0,Russia,Europe,3.0,145934108.0,5735.0,230.0,16084.0,8.0
58,2020-06-29,641156.0,6719.0,9166.0,93.0,403430.0,228560.0,2300.0,4393.0,63.0,19334442.0,132487.0,Russia,Europe,3.0,145934278.0,4343.0,228.0,15921.0,8.0
59,2020-06-30,647849.0,6693.0,9320.0,154.0,412650.0,225879.0,2300.0,4439.0,64.0,19562440.0,134050.0,Russia,Europe,3.0,145934449.0,9220.0,225.0,15658.0,7.0
60,2020-07-01,654405.0,6556.0,9536.0,216.0,422931.0,221938.0,2300.0,4484.0,65.0,19852167.0,136035.0,Russia,Europe,3.0,145934619.0,10281.0,223.0,15304.0,7.0
61,2020-07-02,661165.0,6760.0,9683.0,147.0,428978.0,222504.0,2300.0,4531.0,66.0,20168904.0,138205.0,Russia,Europe,3.0,145934790.0,6047.0,221.0,15071.0,7.0
62,2020-07-03,667883.0,6718.0,9859.0,176.0,437893.0,220131.0,2300.0,4577.0,68.0,20451110.0,140139.0,Russia,Europe,3.0,145934960.0,8915.0,219.0,14802.0,7.0
63,2020-07-04,674515.0,6632.0,10027.0,168.0,446879.0,217609.0,2300.0,4622.0,69.0,20451110.0,140138.0,Russia,Europe,3.0,145935130.0,8986.0,216.0,14554.0,7.0
64,2020-07-05,681251.0,6736.0,10161.0,134.0,450750.0,220340.0,2300.0,4668.0,70.0,21069457.0,144375.0,Russia,Europe,4.0,145935301.0,3871.0,214.0,14362.0,7.0
65,2020-07-06,687862.0,6611.0,10296.0,135.0,454329.0,223237.0,2300.0,4713.0,71.0,21335394.0,146197.0,Russia,Europe,4.0,145935471.0,3579.0,212.0,14174.0,7.0
66,2020-07-07,694230.0,6368.0,10494.0,198.0,463880.0,219856.0,2300.0,4757.0,72.0,21537771.0,147584.0,Russia,Europe,4.0,145935642.0,9551.0,210.0,13907.0,7.0
67,2020-07-08,700792.0,6562.0,10667.0,173.0,472511.0,217614.0,2300.0,4802.0,73.0,21790705.0,149317.0,Russia,Europe,4.0,145935812.0,8631.0,208.0,13681.0,7.0
68,2020-07-09,707301.0,6509.0,10843.0,176.0,481316.0,215142.0,2300.0,4847.0,74.0,22079294.0,151294.0,Russia,Europe,4.0,145935982.0,8805.0,206.0,13459.0,7.0
69,2020-07-10,713936.0,6635.0,11017.0,174.0,489068.0,213851.0,2300.0,4892.0,75.0,22388195.0,153411.0,Russia,Europe,4.0,145936153.0,7752.0,204.0,13246.0,7.0
70,2020-07-11,720547.0,6611.0,11205.0,188.0,497446.0,211896.0,2300.0,4937.0,77.0,22708416.0,155605.0,Russia,Europe,4.0,145936323.0,8378.0,203.0,13024.0,6.0
71,2020-07-12,727162.0,6615.0,11335.0,130.0,501061.0,214766.0,2300.0,4983.0,78.0,23031056.0,157815.0,Russia,Europe,4.0,145936664.0,3615.0,201.0,12875.0,6.0
72,2020-07-13,733699.0,6537.0,11439.0,104.0,504021.0,218239.0,2300.0,5028.0,78.0,23200000.0,158973.0,Russia,Europe,4.0,145936664.0,2960.0,199.0,12758.0,6.0
73,2020-07-14,739947.0,6248.0,11614.0,175.0,512825.0,215508.0,2300.0,5070.0,80.0,23495752.0,160999.0,Russia,Europe,4.0,145936834.0,8804.0,197.0,12566.0,6.0
74,2020-07-15,746369.0,6422.0,11770.0,156.0,523249.0,211350.0,2300.0,5114.0,81.0,23754645.0,162773.0,Russia,Europe,4.0,145937005.0,10424.0,196.0,12399.0,6.0
75,2020-07-16,752797.0,6428.0,11937.0,167.0,531692.0,209168.0,2300.0,5158.0,82.0,24053516.0,164821.0,Russia,Europe,4.0,145937175.0,8443.0,194.0,12226.0,6.0
76,2020-07-17,759203.0,6406.0,12123.0,186.0,539373.0,207707.0,2300.0,5202.0,83.0,24364568.0,166952.0,Russia,Europe,4.0,145937345.0,7681.0,192.0,12038.0,6.0
77,2020-07-18,765437.0,6234.0,12247.0,124.0,546863.0,206327.0,2300.0,5245.0,84.0,24676930.0,169092.0,Russia,Europe,4.0,145937516.0,7490.0,191.0,11916.0,6.0
78,2020-07-19,771546.0,6109.0,12342.0,95.0,550344.0,208860.0,2300.0,5287.0,85.0,24991740.0,171249.0,Russia,Europe,4.0,145937686.0,3481.0,189.0,11824.0,6.0
