,Date,Tot cases,New cases,Tot Deaths,New Deaths,Total Recovered,Active Cases,Serious,Tot C par million,Deaths par million,Total Test,Tot T par million,Country,Continent,index,population,New Recov,col1,col2,col3
0,2020-05-02,3812.0,10.0,92.0,-1.0,3318.0,402.0,23.0,6090.0,147.0,47460.0,75817.0,Luxembourg,Europe,,,0.0,,,
1,2020-05-03,3824.0,12.0,96.0,4.0,3379.0,349.0,22.0,6109.0,153.0,48118.0,76869.0,Luxembourg,Europe,,,0.0,,,
2,2020-05-04,3828.0,4.0,96.0,-1.0,3405.0,327.0,21.0,6115.0,153.0,48339.0,77222.0,Luxembourg,Europe,,,0.0,,,
3,2020-05-05,3840.0,-1.0,96.0,-1.0,3412.0,332.0,22.0,6134.0,153.0,49299.0,78755.0,Luxembourg,Europe,,,0.0,,,
4,2020-05-06,3851.0,11.0,98.0,2.0,3452.0,301.0,20.0,6152.0,157.0,50533.0,80726.0,Luxembourg,Europe,,,0.0,,,
5,2020-05-07,3859.0,8.0,100.0,2.0,3505.0,254.0,21.0,6165.0,160.0,51883.0,82883.0,Luxembourg,Europe,,,0.0,,,
6,2020-05-08,3871.0,-1.0,100.0,-1.0,3526.0,245.0,16.0,6184.0,160.0,53257.0,85078.0,Luxembourg,Europe,,,0.0,,,
7,2020-05-09,3877.0,-1.0,101.0,-1.0,3550.0,226.0,15.0,6194.0,161.0,54463.0,87005.0,Luxembourg,Europe,,,0.0,,,
8,2020-05-10,3886.0,9.0,101.0,-1.0,3586.0,199.0,14.0,6208.0,161.0,55250.0,88262.0,Luxembourg,Europe,,,0.0,,,
9,2020-05-11,3888.0,2.0,101.0,-1.0,3602.0,185.0,18.0,6211.0,161.0,55415.0,88525.0,Luxembourg,Europe,,,0.0,,,
10,2020-05-12,3894.0,6.0,102.0,1.0,3610.0,182.0,22.0,6221.0,163.0,56394.0,90089.0,Luxembourg,Europe,,,0.0,,,
11,2020-05-13,3904.0,10.0,103.0,1.0,3629.0,172.0,22.0,6237.0,165.0,57687.0,92155.0,Luxembourg,Europe,,,0.0,,,
12,2020-05-14,3915.0,11.0,103.0,-1.0,3665.0,147.0,11.0,6254.0,165.0,58727.0,93816.0,Luxembourg,Europe,,,0.0,,,
13,2020-05-15,3923.0,8.0,104.0,1.0,3682.0,137.0,11.0,6281.0,167.0,59987.0,96039.0,Luxembourg,Europe,63.0,624613.0,0.0,,,
14,2020-05-16,3930.0,7.0,104.0,-1.0,3699.0,127.0,15.0,6292.0,166.0,60246.0,96449.0,Luxembourg,Europe,63.0,624641.0,0.0,,,
15,2020-05-17,3945.0,15.0,107.0,3.0,3702.0,136.0,14.0,6315.0,171.0,62153.0,99497.0,Luxembourg,Europe,63.0,624669.0,0.0,,,
16,2020-05-18,3947.0,2.0,107.0,-1.0,3715.0,125.0,8.0,6318.0,171.0,62260.0,99664.0,Luxembourg,Europe,64.0,624696.0,0.0,,,
17,2020-05-19,3958.0,11.0,109.0,2.0,3718.0,131.0,10.0,6336.0,174.0,63011.0,100862.0,Luxembourg,Europe,64.0,624724.0,0.0,,,
18,2020-05-20,3971.0,13.0,109.0,-1.0,3728.0,134.0,6.0,6356.0,174.0,64018.0,102469.0,Luxembourg,Europe,64.0,624752.0,0.0,,,
19,2020-05-21,3980.0,9.0,109.0,-1.0,3741.0,130.0,6.0,6370.0,174.0,64981.0,104006.0,Luxembourg,Europe,65.0,624780.0,0.0,,,
20,2020-05-22,3981.0,1.0,109.0,-1.0,3748.0,124.0,5.0,6372.0,174.0,65724.0,105191.0,Luxembourg,Europe,65.0,624808.0,0.0,,,
21,2020-05-23,3990.0,9.0,109.0,-1.0,3758.0,123.0,8.0,6386.0,174.0,66653.0,106673.0,Luxembourg,Europe,66.0,624836.0,0.0,,,
22,2020-05-24,3992.0,2.0,110.0,1.0,3767.0,115.0,7.0,6389.0,176.0,67729.0,108390.0,Luxembourg,Europe,67.0,624863.0,0.0,,,
23,2020-05-25,3993.0,1.0,110.0,-1.0,3781.0,102.0,4.0,6390.0,176.0,68107.0,108990.0,Luxembourg,Europe,67.0,624891.0,0.0,,,
24,2020-05-26,3995.0,2.0,110.0,-1.0,3783.0,102.0,5.0,6393.0,176.0,68829.0,110141.0,Luxembourg,Europe,68.0,624919.0,0.0,,,
25,2020-05-27,4001.0,-1.0,110.0,-1.0,3791.0,100.0,4.0,6402.0,176.0,70148.0,112241.0,Luxembourg,Europe,69.0,624975.0,0.0,,,
26,2020-05-28,4008.0,7.0,110.0,-1.0,3803.0,95.0,4.0,6413.0,176.0,71098.0,113761.0,Luxembourg,Europe,70.0,624975.0,0.0,,,
27,2020-05-29,4012.0,4.0,110.0,-1.0,3815.0,87.0,4.0,6419.0,176.0,72996.0,116793.0,Luxembourg,Europe,70.0,625003.0,0.0,,,
28,2020-05-30,4016.0,4.0,110.0,-1.0,3815.0,91.0,4.0,6425.0,176.0,74366.0,118980.0,Luxembourg,Europe,70.0,625031.0,0.0,,,
29,2020-05-31,4018.0,2.0,110.0,-1.0,3833.0,75.0,3.0,6428.0,176.0,75432.0,120680.0,Luxembourg,Europe,70.0,625058.0,0.0,,,
30,2020-06-01,4019.0,1.0,110.0,-1.0,3845.0,64.0,4.0,6430.0,176.0,75594.0,120934.0,Luxembourg,Europe,70.0,625086.0,0.0,,,
31,2020-06-02,4020.0,1.0,110.0,-1.0,3848.0,62.0,4.0,6431.0,176.0,78026.0,124819.0,Luxembourg,Europe,71.0,625114.0,3.0,156.0,5683.0,8.0
32,2020-06-03,4024.0,4.0,110.0,-1.0,3861.0,53.0,2.0,6437.0,176.0,79484.0,127146.0,Luxembourg,Europe,71.0,625142.0,13.0,155.0,5683.0,8.0
33,2020-06-04,4027.0,3.0,110.0,-1.0,3874.0,43.0,3.0,6441.0,176.0,82377.0,131767.0,Luxembourg,Europe,72.0,625170.0,13.0,155.0,5683.0,8.0
34,2020-06-05,4032.0,5.0,110.0,-1.0,3885.0,37.0,3.0,6449.0,176.0,83673.0,133834.0,Luxembourg,Europe,74.0,625198.0,11.0,155.0,5684.0,7.0
35,2020-06-06,4035.0,3.0,110.0,-1.0,3888.0,37.0,1.0,6454.0,176.0,84934.0,135845.0,Luxembourg,Europe,75.0,625225.0,3.0,155.0,5684.0,7.0
36,2020-06-07,4039.0,4.0,110.0,-1.0,3899.0,30.0,1.0,6460.0,176.0,88051.0,140825.0,Luxembourg,Europe,75.0,625253.0,11.0,155.0,5684.0,7.0
37,2020-06-08,4040.0,1.0,110.0,-1.0,3901.0,29.0,2.0,6461.0,176.0,88234.0,141111.0,Luxembourg,Europe,76.0,625281.0,2.0,155.0,5684.0,7.0
38,2020-06-09,4046.0,6.0,110.0,-1.0,3902.0,34.0,2.0,6470.0,176.0,88914.0,142192.0,Luxembourg,Europe,77.0,625309.0,1.0,155.0,5685.0,7.0
39,2020-06-10,4049.0,3.0,110.0,-1.0,3904.0,35.0,2.0,6475.0,176.0,88914.0,142186.0,Luxembourg,Europe,78.0,625337.0,2.0,154.0,5685.0,7.0
40,2020-06-11,4052.0,3.0,110.0,-1.0,3910.0,32.0,1.0,6479.0,176.0,98232.0,157079.0,Luxembourg,Europe,78.0,625365.0,6.0,154.0,5685.0,6.0
41,2020-06-12,4055.0,3.0,110.0,-1.0,3918.0,27.0,1.0,6484.0,176.0,101877.0,162901.0,Luxembourg,Europe,78.0,625393.0,8.0,154.0,5685.0,6.0
42,2020-06-13,4063.0,8.0,110.0,-1.0,3922.0,31.0,-1.0,6496.0,176.0,106062.0,169585.0,Luxembourg,Europe,79.0,625420.0,4.0,154.0,5686.0,6.0
43,2020-06-14,4070.0,7.0,110.0,-1.0,3929.0,31.0,-1.0,6507.0,176.0,106604.0,170444.0,Luxembourg,Europe,79.0,625448.0,7.0,154.0,5686.0,6.0
44,2020-06-15,4072.0,2.0,110.0,-1.0,3931.0,31.0,1.0,6510.0,176.0,110946.0,177379.0,Luxembourg,Europe,81.0,625476.0,2.0,154.0,5686.0,6.0
45,2020-06-16,4075.0,3.0,110.0,-1.0,3933.0,32.0,1.0,6515.0,176.0,116869.0,186840.0,Luxembourg,Europe,82.0,625504.0,2.0,153.0,5686.0,5.0
46,2020-06-17,4085.0,10.0,110.0,-1.0,3935.0,40.0,1.0,6530.0,176.0,124071.0,198345.0,Luxembourg,Europe,81.0,625532.0,2.0,153.0,5687.0,5.0
47,2020-06-18,4091.0,6.0,110.0,-1.0,3940.0,41.0,1.0,6540.0,176.0,132501.0,211812.0,Luxembourg,Europe,83.0,625560.0,5.0,153.0,5687.0,5.0
48,2020-06-19,4099.0,8.0,110.0,-1.0,3944.0,45.0,2.0,6552.0,176.0,138497.0,221387.0,Luxembourg,Europe,83.0,625588.0,4.0,153.0,5687.0,5.0
49,2020-06-20,4105.0,6.0,110.0,-1.0,3951.0,44.0,-1.0,6561.0,176.0,144103.0,230328.0,Luxembourg,Europe,84.0,625643.0,7.0,152.0,5688.0,4.0
50,2020-06-21,4120.0,15.0,110.0,-1.0,3956.0,54.0,1.0,6585.0,176.0,148014.0,236579.0,Luxembourg,Europe,84.0,625643.0,5.0,152.0,5688.0,4.0
51,2020-06-22,4121.0,1.0,110.0,-1.0,3959.0,52.0,2.0,6587.0,176.0,149368.0,238732.0,Luxembourg,Europe,84.0,625671.0,3.0,152.0,5688.0,4.0
52,2020-06-23,4133.0,12.0,110.0,-1.0,3959.0,64.0,1.0,6605.0,176.0,154881.0,247533.0,Luxembourg,Europe,85.0,625699.0,-1.0,151.0,5688.0,4.0
53,2020-06-24,4140.0,7.0,110.0,-1.0,3965.0,65.0,1.0,6616.0,176.0,156089.0,249452.0,Luxembourg,Europe,85.0,625727.0,6.0,151.0,5688.0,4.0
54,2020-06-25,4151.0,11.0,110.0,-1.0,3968.0,73.0,1.0,6634.0,176.0,156089.0,249441.0,Luxembourg,Europe,86.0,625755.0,3.0,151.0,5689.0,4.0
55,2020-06-26,4173.0,22.0,110.0,-1.0,3968.0,95.0,1.0,6668.0,176.0,168786.0,269720.0,Luxembourg,Europe,87.0,625782.0,-1.0,150.0,5689.0,4.0
56,2020-06-27,4217.0,44.0,110.0,-1.0,3978.0,129.0,1.0,6738.0,176.0,172292.0,275310.0,Luxembourg,Europe,87.0,625810.0,10.0,148.0,5689.0,4.0
57,2020-06-28,4242.0,25.0,110.0,-1.0,3978.0,154.0,1.0,6778.0,176.0,177217.0,283168.0,Luxembourg,Europe,87.0,625838.0,-1.0,148.0,5689.0,4.0
58,2020-06-29,4256.0,14.0,110.0,-1.0,3997.0,149.0,2.0,6800.0,176.0,178422.0,285080.0,Luxembourg,Europe,88.0,625866.0,19.0,147.0,5690.0,4.0
59,2020-06-30,4299.0,43.0,110.0,-1.0,3998.0,191.0,2.0,6869.0,176.0,185322.0,296092.0,Luxembourg,Europe,89.0,625894.0,1.0,146.0,5690.0,3.0
60,2020-07-01,4345.0,46.0,110.0,-1.0,4003.0,232.0,2.0,6942.0,176.0,191282.0,305600.0,Luxembourg,Europe,89.0,625922.0,5.0,144.0,5690.0,3.0
61,2020-07-02,4395.0,50.0,110.0,-1.0,4012.0,273.0,2.0,7021.0,176.0,198947.0,317832.0,Luxembourg,Europe,90.0,625950.0,9.0,142.0,5690.0,3.0
62,2020-07-03,4447.0,52.0,110.0,-1.0,4016.0,321.0,3.0,7104.0,176.0,207809.0,331975.0,Luxembourg,Europe,90.0,625977.0,4.0,141.0,5691.0,3.0
63,2020-07-04,4476.0,29.0,110.0,-1.0,4016.0,350.0,3.0,7150.0,176.0,219471.0,350590.0,Luxembourg,Europe,91.0,626005.0,-1.0,140.0,5691.0,3.0
64,2020-07-05,4522.0,46.0,110.0,-1.0,4016.0,396.0,3.0,7223.0,176.0,224953.0,359331.0,Luxembourg,Europe,91.0,626033.0,-1.0,138.0,5691.0,3.0
65,2020-07-06,4542.0,20.0,110.0,-1.0,4016.0,416.0,3.0,7255.0,176.0,226761.0,362203.0,Luxembourg,Europe,91.0,626061.0,-1.0,138.0,5691.0,3.0
66,2020-07-07,4603.0,61.0,110.0,-1.0,4056.0,437.0,3.0,7352.0,176.0,237755.0,379746.0,Luxembourg,Europe,92.0,626089.0,40.0,136.0,5692.0,3.0
67,2020-07-08,4650.0,47.0,110.0,-1.0,4056.0,484.0,3.0,7427.0,176.0,246856.0,394265.0,Luxembourg,Europe,92.0,626117.0,-1.0,135.0,5692.0,3.0
68,2020-07-09,4719.0,69.0,110.0,-1.0,4056.0,553.0,3.0,7537.0,176.0,255709.0,408386.0,Luxembourg,Europe,92.0,626145.0,-1.0,133.0,5692.0,2.0
69,2020-07-10,4777.0,58.0,110.0,-1.0,4086.0,581.0,3.0,7629.0,176.0,266437.0,425501.0,Luxembourg,Europe,92.0,626172.0,30.0,131.0,5692.0,2.0
70,2020-07-11,4842.0,65.0,110.0,-1.0,4086.0,646.0,3.0,7732.0,176.0,273866.0,437346.0,Luxembourg,Europe,92.0,626200.0,-1.0,129.0,5693.0,2.0
71,2020-07-12,4925.0,83.0,111.0,1.0,4086.0,728.0,3.0,7864.0,177.0,278388.0,444527.0,Luxembourg,Europe,92.0,626256.0,-1.0,127.0,5642.0,2.0
72,2020-07-13,4956.0,31.0,111.0,-1.0,4183.0,662.0,3.0,7914.0,177.0,281431.0,449387.0,Luxembourg,Europe,93.0,626256.0,97.0,126.0,5642.0,2.0
73,2020-07-14,5056.0,100.0,111.0,-1.0,4195.0,750.0,3.0,8073.0,177.0,292711.0,467377.0,Luxembourg,Europe,92.0,626284.0,12.0,124.0,5642.0,2.0
74,2020-07-15,5122.0,66.0,111.0,-1.0,4247.0,764.0,4.0,8178.0,177.0,302812.0,483484.0,Luxembourg,Europe,92.0,626312.0,52.0,122.0,5642.0,2.0
75,2020-07-16,5285.0,163.0,111.0,-1.0,4275.0,899.0,5.0,8438.0,177.0,314956.0,502852.0,Luxembourg,Europe,92.0,626339.0,28.0,119.0,5643.0,2.0
76,2020-07-17,5409.0,124.0,111.0,-1.0,4333.0,965.0,4.0,8636.0,177.0,325741.0,520048.0,Luxembourg,Europe,92.0,626367.0,58.0,116.0,5643.0,2.0
77,2020-07-18,5483.0,74.0,111.0,-1.0,4333.0,1039.0,4.0,8753.0,177.0,333457.0,532343.0,Luxembourg,Europe,92.0,626395.0,-1.0,114.0,5643.0,2.0
78,2020-07-19,5605.0,122.0,111.0,-1.0,4333.0,1161.0,4.0,8948.0,177.0,344744.0,550337.0,Luxembourg,Europe,92.0,626423.0,-1.0,112.0,5643.0,2.0
79,2020-07-20,5639.0,34.0,111.0,-1.0,4464.0,1064.0,7.0,9002.0,177.0,348610.0,556484.0,Luxembourg,Europe,92.0,626451.0,131.0,111.0,5644.0,2.0
80,2020-07-21,5725.0,86.0,111.0,-1.0,4479.0,1135.0,5.0,9138.0,177.0,357637.0,570868.0,Luxembourg,Europe,92.0,626479.0,15.0,109.0,5644.0,2.0
81,2020-07-22,5854.0,129.0,111.0,-1.0,4530.0,1213.0,5.0,9344.0,177.0,370539.0,591436.0,Luxembourg,Europe,92.0,626507.0,51.0,107.0,5644.0,2.0
82,2020-07-23,5952.0,98.0,112.0,1.0,4591.0,1249.0,1.0,9499.0,179.0,375256.0,598913.0,Luxembourg,Europe,92.0,626562.0,61.0,105.0,5594.0,2.0
83,2020-07-24,6056.0,104.0,112.0,-1.0,4647.0,1297.0,3.0,9665.0,179.0,387437.0,618354.0,Luxembourg,Europe,92.0,626562.0,56.0,103.0,5594.0,2.0
84,2020-07-25,6056.0,-1.0,112.0,-1.0,4647.0,1297.0,3.0,9665.0,179.0,387437.0,618326.0,Luxembourg,Europe,92.0,626590.0,-1.0,103.0,5595.0,2.0
85,2020-07-26,6189.0,-1.0,112.0,-1.0,4647.0,1430.0,3.0,9877.0,179.0,394582.0,629701.0,Luxembourg,Europe,91.0,626618.0,-1.0,101.0,5595.0,2.0
86,2020-07-27,6321.0,49.0,112.0,-1.0,4825.0,1384.0,6.0,10087.0,179.0,400903.0,639760.0,Luxembourg,Europe,91.0,626646.0,178.0,99.0,5595.0,2.0
87,2020-07-28,6375.0,54.0,113.0,1.0,4855.0,1407.0,5.0,10172.0,180.0,410443.0,654926.0,Luxembourg,Europe,91.0,626701.0,30.0,98.0,5546.0,2.0
88,2020-07-29,6533.0,158.0,114.0,1.0,4959.0,1460.0,5.0,10424.0,182.0,410443.0,654926.0,Luxembourg,Europe,91.0,626701.0,104.0,96.0,5497.0,2.0
89,2020-07-30,6616.0,83.0,114.0,-1.0,5027.0,1475.0,6.0,10556.0,182.0,410443.0,654897.0,Luxembourg,Europe,91.0,626729.0,68.0,95.0,5498.0,2.0
90,2020-07-31,6695.0,79.0,114.0,-1.0,5192.0,1389.0,7.0,10682.0,182.0,578592.0,923152.0,Luxembourg,Europe,91.0,626757.0,165.0,94.0,5498.0,1.0
91,2020-08-01,6793.0,98.0,116.0,2.0,5192.0,1485.0,7.0,10838.0,185.0,588965.0,939660.0,Luxembourg,Europe,91.0,626785.0,-1.0,92.0,5403.0,1.0
92,2020-08-02,6855.0,62.0,117.0,1.0,5192.0,1546.0,7.0,10936.0,187.0,596354.0,951407.0,Luxembourg,Europe,91.0,626813.0,-1.0,91.0,5357.0,1.0
