,Date,Tot cases,New cases,Tot Deaths,New Deaths,Total Recovered,Active Cases,Serious,Tot C par million,Deaths par million,Total Test,Tot T par million,Country,Continent,index,population,New Recov,col1,col2,col3
0,2020-05-02,871.0,1.0,16.0,-1.0,348.0,507.0,2.0,462.0,8.0,63102.0,33455.0,Latvia,Europe,,,0.0,,,
1,2020-05-03,879.0,8.0,16.0,-1.0,348.0,515.0,4.0,466.0,8.0,64245.0,34061.0,Latvia,Europe,,,0.0,,,
2,2020-05-04,896.0,17.0,16.0,-1.0,348.0,532.0,4.0,475.0,8.0,65464.0,34707.0,Latvia,Europe,,,0.0,,,
3,2020-05-05,896.0,-1.0,17.0,-1.0,348.0,531.0,4.0,475.0,9.0,66150.0,35071.0,Latvia,Europe,,,0.0,,,
4,2020-05-06,900.0,4.0,17.0,-1.0,464.0,419.0,3.0,477.0,9.0,68627.0,36384.0,Latvia,Europe,,,0.0,,,
5,2020-05-07,909.0,9.0,18.0,1.0,464.0,427.0,3.0,482.0,10.0,71069.0,37678.0,Latvia,Europe,,,0.0,,,
6,2020-05-08,928.0,-1.0,18.0,-1.0,464.0,446.0,2.0,492.0,10.0,73016.0,38711.0,Latvia,Europe,,,0.0,,,
7,2020-05-09,930.0,-1.0,18.0,-1.0,464.0,448.0,2.0,493.0,10.0,75571.0,40065.0,Latvia,Europe,,,0.0,,,
8,2020-05-10,939.0,9.0,18.0,-1.0,464.0,457.0,2.0,498.0,10.0,76592.0,40607.0,Latvia,Europe,,,0.0,,,
9,2020-05-11,946.0,7.0,18.0,-1.0,464.0,464.0,2.0,502.0,10.0,77147.0,40901.0,Latvia,Europe,,,0.0,,,
10,2020-05-12,950.0,4.0,18.0,-1.0,627.0,305.0,2.0,504.0,10.0,79047.0,41908.0,Latvia,Europe,,,0.0,,,
11,2020-05-13,951.0,1.0,19.0,1.0,627.0,305.0,2.0,504.0,10.0,81246.0,43074.0,Latvia,Europe,,,0.0,,,
12,2020-05-14,962.0,11.0,19.0,-1.0,627.0,316.0,2.0,510.0,10.0,83275.0,44150.0,Latvia,Europe,,,0.0,,,
13,2020-05-15,970.0,8.0,19.0,-1.0,662.0,289.0,3.0,514.0,10.0,85431.0,45233.0,Latvia,Europe,100.0,1888690.0,0.0,,,
14,2020-05-16,997.0,27.0,19.0,-1.0,662.0,316.0,3.0,528.0,10.0,87377.0,46265.0,Latvia,Europe,100.0,1888633.0,0.0,,,
15,2020-05-17,1008.0,11.0,19.0,-1.0,662.0,327.0,2.0,534.0,10.0,88405.0,46810.0,Latvia,Europe,100.0,1888577.0,0.0,,,
16,2020-05-18,1009.0,1.0,19.0,-1.0,662.0,328.0,3.0,534.0,10.0,89123.0,47192.0,Latvia,Europe,100.0,1888520.0,0.0,,,
17,2020-05-19,1012.0,3.0,21.0,2.0,694.0,297.0,3.0,536.0,11.0,90968.0,48170.0,Latvia,Europe,102.0,1888464.0,0.0,,,
18,2020-05-20,1016.0,4.0,21.0,-1.0,694.0,301.0,3.0,538.0,11.0,92751.0,49116.0,Latvia,Europe,103.0,1888407.0,0.0,,,
19,2020-05-21,1025.0,9.0,22.0,1.0,694.0,309.0,2.0,543.0,12.0,94621.0,50108.0,Latvia,Europe,103.0,1888351.0,0.0,,,
20,2020-05-22,1030.0,5.0,22.0,-1.0,712.0,296.0,2.0,545.0,12.0,96366.0,51033.0,Latvia,Europe,104.0,1888294.0,0.0,,,
21,2020-05-23,1046.0,16.0,22.0,-1.0,712.0,312.0,2.0,554.0,12.0,97846.0,51819.0,Latvia,Europe,104.0,1888237.0,0.0,,,
22,2020-05-24,1047.0,1.0,22.0,-1.0,712.0,313.0,2.0,555.0,12.0,99049.0,52457.0,Latvia,Europe,104.0,1888181.0,0.0,,,
23,2020-05-25,1049.0,2.0,22.0,-1.0,712.0,315.0,2.0,556.0,12.0,99770.0,52841.0,Latvia,Europe,106.0,1888124.0,0.0,,,
24,2020-05-26,1053.0,4.0,22.0,-1.0,741.0,290.0,2.0,558.0,12.0,101598.0,53811.0,Latvia,Europe,106.0,1888068.0,0.0,,,
25,2020-05-27,1057.0,-1.0,23.0,-1.0,741.0,293.0,3.0,560.0,12.0,103553.0,54849.0,Latvia,Europe,106.0,1887954.0,0.0,,,
26,2020-05-28,1061.0,4.0,24.0,1.0,741.0,296.0,3.0,562.0,13.0,105504.0,55883.0,Latvia,Europe,108.0,1887954.0,0.0,,,
27,2020-05-29,1064.0,3.0,24.0,-1.0,745.0,295.0,3.0,564.0,13.0,106931.0,56640.0,Latvia,Europe,110.0,1887898.0,0.0,,,
28,2020-05-30,1065.0,1.0,24.0,-1.0,745.0,296.0,3.0,564.0,13.0,108174.0,57300.0,Latvia,Europe,110.0,1887841.0,0.0,,,
29,2020-05-31,1066.0,1.0,24.0,-1.0,745.0,297.0,3.0,565.0,13.0,109071.0,57777.0,Latvia,Europe,111.0,1887785.0,0.0,,,
30,2020-06-01,1066.0,-1.0,24.0,-1.0,745.0,297.0,3.0,565.0,13.0,109723.0,58124.0,Latvia,Europe,113.0,1887728.0,0.0,,,
31,2020-06-02,1071.0,5.0,24.0,-1.0,760.0,287.0,3.0,567.0,13.0,111404.0,59017.0,Latvia,Europe,114.0,1887671.0,15.0,1763.0,78653.0,17.0
32,2020-06-03,1079.0,8.0,24.0,-1.0,760.0,295.0,3.0,572.0,13.0,112965.0,59845.0,Latvia,Europe,115.0,1887615.0,-1.0,1749.0,78651.0,17.0
33,2020-06-04,1082.0,3.0,25.0,1.0,760.0,297.0,2.0,573.0,13.0,114451.0,60634.0,Latvia,Europe,116.0,1887558.0,-1.0,1745.0,75502.0,16.0
34,2020-06-05,1085.0,3.0,25.0,-1.0,781.0,279.0,3.0,575.0,13.0,115461.0,61171.0,Latvia,Europe,116.0,1887502.0,21.0,1740.0,75500.0,16.0
35,2020-06-06,1086.0,1.0,25.0,-1.0,781.0,280.0,3.0,575.0,13.0,116535.0,61742.0,Latvia,Europe,116.0,1887445.0,-1.0,1738.0,75498.0,16.0
36,2020-06-07,1088.0,2.0,25.0,-1.0,781.0,282.0,4.0,576.0,13.0,117660.0,62340.0,Latvia,Europe,116.0,1887388.0,-1.0,1735.0,75496.0,16.0
37,2020-06-08,1088.0,-1.0,26.0,1.0,781.0,281.0,5.0,576.0,14.0,118322.0,62693.0,Latvia,Europe,118.0,1887332.0,-1.0,1735.0,72590.0,16.0
38,2020-06-09,1089.0,1.0,26.0,-1.0,794.0,269.0,5.0,577.0,14.0,120052.0,63611.0,Latvia,Europe,118.0,1887275.0,13.0,1733.0,72588.0,16.0
39,2020-06-10,1092.0,3.0,26.0,-1.0,794.0,272.0,4.0,579.0,14.0,121783.0,64530.0,Latvia,Europe,118.0,1887219.0,-1.0,1728.0,72585.0,15.0
40,2020-06-11,1094.0,2.0,26.0,-1.0,818.0,250.0,3.0,580.0,14.0,123364.0,65370.0,Latvia,Europe,118.0,1887162.0,24.0,1725.0,72583.0,15.0
41,2020-06-12,1096.0,2.0,27.0,1.0,818.0,251.0,3.0,581.0,14.0,124662.0,66060.0,Latvia,Europe,119.0,1887105.0,-1.0,1722.0,69893.0,15.0
42,2020-06-13,1097.0,1.0,28.0,1.0,845.0,224.0,1.0,581.0,15.0,126054.0,66800.0,Latvia,Europe,120.0,1887049.0,27.0,1720.0,67395.0,15.0
43,2020-06-14,1097.0,-1.0,28.0,-1.0,845.0,224.0,1.0,581.0,15.0,127450.0,67541.0,Latvia,Europe,120.0,1886992.0,-1.0,1720.0,67393.0,15.0
44,2020-06-15,1097.0,-1.0,28.0,-1.0,845.0,224.0,1.0,581.0,15.0,128145.0,67912.0,Latvia,Europe,121.0,1886936.0,-1.0,1720.0,67391.0,15.0
45,2020-06-16,1098.0,1.0,28.0,-1.0,875.0,195.0,1.0,582.0,15.0,129836.0,68810.0,Latvia,Europe,121.0,1886879.0,30.0,1718.0,67389.0,15.0
46,2020-06-17,1104.0,6.0,30.0,2.0,875.0,199.0,1.0,585.0,16.0,131646.0,69771.0,Latvia,Europe,121.0,1886823.0,-1.0,1709.0,62894.0,14.0
47,2020-06-18,1108.0,4.0,30.0,-1.0,903.0,175.0,1.0,587.0,16.0,133557.0,70786.0,Latvia,Europe,121.0,1886766.0,28.0,1703.0,62892.0,14.0
48,2020-06-19,1110.0,2.0,30.0,-1.0,903.0,177.0,1.0,588.0,16.0,134881.0,71490.0,Latvia,Europe,121.0,1886709.0,-1.0,1700.0,62890.0,14.0
49,2020-06-20,1111.0,1.0,30.0,-1.0,903.0,178.0,1.0,589.0,16.0,136567.0,72388.0,Latvia,Europe,121.0,1886596.0,-1.0,1698.0,62887.0,14.0
50,2020-06-21,1111.0,-1.0,30.0,-1.0,903.0,178.0,1.0,589.0,16.0,137861.0,73074.0,Latvia,Europe,121.0,1886596.0,-1.0,1698.0,62887.0,14.0
51,2020-06-22,1111.0,-1.0,30.0,-1.0,903.0,178.0,1.0,589.0,16.0,139024.0,73693.0,Latvia,Europe,121.0,1886540.0,-1.0,1698.0,62885.0,14.0
52,2020-06-23,1111.0,-1.0,30.0,-1.0,903.0,178.0,1.0,589.0,16.0,140437.0,74444.0,Latvia,Europe,122.0,1886483.0,-1.0,1698.0,62883.0,13.0
53,2020-06-24,1111.0,-1.0,30.0,-1.0,903.0,178.0,1.0,589.0,16.0,141713.0,75122.0,Latvia,Europe,122.0,1886426.0,-1.0,1698.0,62881.0,13.0
54,2020-06-25,1111.0,-1.0,30.0,-1.0,903.0,178.0,1.0,589.0,16.0,142794.0,75698.0,Latvia,Europe,122.0,1886370.0,-1.0,1698.0,62879.0,13.0
55,2020-06-26,1112.0,1.0,30.0,-1.0,932.0,150.0,1.0,590.0,16.0,145086.0,76915.0,Latvia,Europe,122.0,1886313.0,29.0,1696.0,62877.0,13.0
56,2020-06-27,1115.0,3.0,30.0,-1.0,932.0,153.0,1.0,591.0,16.0,146874.0,77865.0,Latvia,Europe,123.0,1886257.0,-1.0,1692.0,62875.0,13.0
57,2020-06-28,1116.0,1.0,30.0,-1.0,932.0,154.0,1.0,592.0,16.0,147916.0,78420.0,Latvia,Europe,127.0,1886200.0,-1.0,1690.0,62873.0,13.0
58,2020-06-29,1117.0,1.0,30.0,-1.0,932.0,155.0,1.0,592.0,16.0,148777.0,78879.0,Latvia,Europe,127.0,1886143.0,-1.0,1689.0,62871.0,13.0
59,2020-06-30,1118.0,1.0,30.0,-1.0,974.0,114.0,1.0,593.0,16.0,150837.0,79974.0,Latvia,Europe,127.0,1886087.0,42.0,1687.0,62870.0,13.0
60,2020-07-01,1121.0,3.0,30.0,-1.0,974.0,117.0,1.0,594.0,16.0,152778.0,81005.0,Latvia,Europe,127.0,1886030.0,-1.0,1682.0,62868.0,12.0
61,2020-07-02,1122.0,1.0,30.0,-1.0,988.0,104.0,1.0,595.0,16.0,154494.0,81917.0,Latvia,Europe,128.0,1885974.0,14.0,1681.0,62866.0,12.0
62,2020-07-03,1122.0,-1.0,30.0,-1.0,997.0,95.0,1.0,595.0,16.0,155599.0,82506.0,Latvia,Europe,128.0,1885917.0,9.0,1681.0,62864.0,12.0
63,2020-07-04,1123.0,1.0,30.0,-1.0,1000.0,93.0,1.0,595.0,16.0,156784.0,83137.0,Latvia,Europe,128.0,1885860.0,3.0,1679.0,62862.0,12.0
64,2020-07-05,1124.0,1.0,30.0,-1.0,1000.0,94.0,1.0,596.0,16.0,157826.0,83692.0,Latvia,Europe,128.0,1885804.0,-1.0,1678.0,62860.0,12.0
65,2020-07-06,1127.0,3.0,30.0,-1.0,1000.0,97.0,1.0,598.0,16.0,158518.0,84061.0,Latvia,Europe,128.0,1885747.0,-1.0,1673.0,62858.0,12.0
66,2020-07-07,1134.0,7.0,30.0,-1.0,1008.0,96.0,1.0,601.0,16.0,160281.0,84999.0,Latvia,Europe,129.0,1885691.0,8.0,1663.0,62856.0,12.0
67,2020-07-08,1141.0,7.0,30.0,-1.0,1008.0,103.0,1.0,605.0,16.0,162054.0,85941.0,Latvia,Europe,130.0,1885634.0,-1.0,1653.0,62854.0,12.0
68,2020-07-09,1154.0,13.0,30.0,-1.0,1019.0,105.0,1.0,612.0,16.0,163769.0,86854.0,Latvia,Europe,131.0,1885577.0,11.0,1634.0,62853.0,12.0
69,2020-07-10,1165.0,11.0,30.0,-1.0,1019.0,116.0,1.0,618.0,16.0,165610.0,87832.0,Latvia,Europe,131.0,1885521.0,-1.0,1618.0,62851.0,11.0
70,2020-07-11,1173.0,8.0,30.0,-1.0,1019.0,124.0,1.0,622.0,16.0,167480.0,88827.0,Latvia,Europe,131.0,1885464.0,-1.0,1607.0,62849.0,11.0
71,2020-07-12,1173.0,-1.0,30.0,-1.0,1019.0,124.0,1.0,622.0,16.0,168947.0,89610.0,Latvia,Europe,132.0,1885351.0,-1.0,1607.0,62845.0,11.0
72,2020-07-13,1174.0,1.0,31.0,1.0,1019.0,124.0,1.0,623.0,16.0,169943.0,90139.0,Latvia,Europe,133.0,1885351.0,-1.0,1606.0,60818.0,11.0
73,2020-07-14,1174.0,-1.0,31.0,-1.0,1022.0,121.0,1.0,623.0,16.0,172078.0,91274.0,Latvia,Europe,133.0,1885295.0,3.0,1606.0,60816.0,11.0
74,2020-07-15,1178.0,4.0,31.0,-1.0,1022.0,125.0,-1.0,625.0,16.0,174057.0,92326.0,Latvia,Europe,133.0,1885238.0,-1.0,1600.0,60814.0,11.0
75,2020-07-16,1179.0,1.0,31.0,-1.0,1022.0,126.0,-1.0,625.0,16.0,175696.0,93198.0,Latvia,Europe,134.0,1885181.0,-1.0,1599.0,60812.0,11.0
76,2020-07-17,1185.0,6.0,31.0,-1.0,1022.0,132.0,-1.0,629.0,16.0,177885.0,94362.0,Latvia,Europe,134.0,1885125.0,-1.0,1591.0,60810.0,11.0
77,2020-07-18,1189.0,4.0,31.0,-1.0,1022.0,136.0,-1.0,631.0,16.0,179636.0,95294.0,Latvia,Europe,135.0,1885068.0,-1.0,1585.0,60809.0,10.0
78,2020-07-19,1192.0,3.0,31.0,-1.0,1022.0,139.0,-1.0,632.0,16.0,180928.0,95982.0,Latvia,Europe,135.0,1885012.0,-1.0,1581.0,60807.0,10.0
