,Date,Tot cases,New cases,Tot Deaths,New Deaths,Total Recovered,Active Cases,Serious,Tot C par million,Deaths par million,Total Test,Tot T par million,Country,Continent,index,population,New Recov,col1,col2,col3
0,2020-05-02,124375.0,1983.0,3336.0,78.0,58259.0,62780.0,1445.0,1475.0,40.0,1111366.0,13177.0,Turkey,Asia,,,0.0,,,
1,2020-05-03,126045.0,1670.0,3397.0,61.0,63151.0,59497.0,1424.0,1495.0,40.0,1135367.0,13462.0,Turkey,Asia,,,0.0,,,
2,2020-05-04,127659.0,1614.0,3461.0,64.0,68166.0,56032.0,1384.0,1514.0,41.0,1171138.0,13886.0,Turkey,Asia,,,0.0,,,
3,2020-05-05,129491.0,-1.0,3520.0,-1.0,73285.0,52686.0,1338.0,1535.0,42.0,1204421.0,14281.0,Turkey,Asia,,,0.0,,,
4,2020-05-06,131744.0,2253.0,3584.0,64.0,78202.0,49958.0,1278.0,1562.0,42.0,1234724.0,14640.0,Turkey,Asia,,,0.0,,,
5,2020-05-07,133721.0,1977.0,3641.0,57.0,82984.0,47096.0,1260.0,1586.0,43.0,1265119.0,15000.0,Turkey,Asia,,,0.0,,,
6,2020-05-08,135569.0,-1.0,3689.0,-1.0,86396.0,45484.0,1219.0,1607.0,44.0,1298806.0,15400.0,Turkey,Asia,,,0.0,,,
7,2020-05-09,137115.0,-1.0,3739.0,-1.0,89480.0,43896.0,1168.0,1626.0,44.0,1334411.0,15822.0,Turkey,Asia,,,0.0,,,
8,2020-05-10,138657.0,1542.0,3786.0,47.0,92691.0,42180.0,1154.0,1644.0,45.0,1370598.0,16251.0,Turkey,Asia,,,0.0,,,
9,2020-05-11,139771.0,1114.0,3841.0,55.0,95780.0,40150.0,1126.0,1657.0,46.0,1403320.0,16639.0,Turkey,Asia,,,0.0,,,
10,2020-05-12,141475.0,1704.0,3894.0,53.0,98889.0,38692.0,1045.0,1677.0,46.0,1440671.0,17082.0,Turkey,Asia,,,0.0,,,
11,2020-05-13,143114.0,1639.0,3952.0,58.0,101715.0,37447.0,998.0,1697.0,47.0,1474003.0,17477.0,Turkey,Asia,,,0.0,,,
12,2020-05-14,144749.0,1635.0,4007.0,55.0,104030.0,36712.0,963.0,1716.0,48.0,1508824.0,17890.0,Turkey,Asia,,,0.0,,,
13,2020-05-15,146457.0,1708.0,4055.0,48.0,106133.0,36269.0,944.0,1739.0,48.0,1547389.0,18373.0,Turkey,Asia,9.0,84220162.0,0.0,,,
14,2020-05-16,148067.0,1610.0,4096.0,41.0,108137.0,35834.0,906.0,1758.0,49.0,1589625.0,18874.0,Turkey,Asia,9.0,84222640.0,0.0,,,
15,2020-05-17,149435.0,1368.0,4140.0,44.0,109962.0,35333.0,914.0,1774.0,49.0,1624994.0,19293.0,Turkey,Asia,9.0,84225118.0,0.0,,,
16,2020-05-18,150593.0,1158.0,4171.0,31.0,111577.0,34845.0,903.0,1788.0,50.0,1650135.0,19591.0,Turkey,Asia,9.0,84227597.0,0.0,,,
17,2020-05-19,151615.0,1022.0,4199.0,28.0,112895.0,34521.0,882.0,1800.0,50.0,1675517.0,19892.0,Turkey,Asia,9.0,84230075.0,0.0,,,
18,2020-05-20,152587.0,972.0,4222.0,23.0,113987.0,34378.0,877.0,1811.0,50.0,1696355.0,20139.0,Turkey,Asia,9.0,84232553.0,0.0,,,
19,2020-05-21,153548.0,961.0,4249.0,27.0,114990.0,34309.0,820.0,1823.0,50.0,1729988.0,20538.0,Turkey,Asia,9.0,84235031.0,0.0,,,
20,2020-05-22,154500.0,952.0,4276.0,27.0,116111.0,34113.0,800.0,1834.0,51.0,1767495.0,20982.0,Turkey,Asia,9.0,84237509.0,0.0,,,
21,2020-05-23,155686.0,1186.0,4308.0,32.0,117602.0,33776.0,775.0,1848.0,51.0,1807673.0,21459.0,Turkey,Asia,9.0,84239988.0,0.0,,,
22,2020-05-24,156827.0,1141.0,4340.0,32.0,118694.0,33793.0,769.0,1862.0,52.0,1832262.0,21750.0,Turkey,Asia,9.0,84242466.0,0.0,,,
23,2020-05-25,157814.0,987.0,4369.0,29.0,120015.0,33430.0,756.0,1873.0,52.0,1853754.0,22004.0,Turkey,Asia,9.0,84244944.0,0.0,,,
24,2020-05-26,158762.0,948.0,4397.0,28.0,121507.0,32858.0,739.0,1884.0,52.0,1873607.0,22239.0,Turkey,Asia,9.0,84247422.0,0.0,,,
25,2020-05-27,159797.0,-1.0,4431.0,-1.0,122793.0,32573.0,723.0,1897.0,53.0,1894650.0,22488.0,Turkey,Asia,9.0,84252379.0,0.0,,,
26,2020-05-28,160979.0,1182.0,4461.0,30.0,124369.0,32149.0,683.0,1911.0,53.0,1928209.0,22886.0,Turkey,Asia,10.0,84252379.0,0.0,,,
27,2020-05-29,162120.0,1141.0,4489.0,28.0,125963.0,31668.0,662.0,1924.0,53.0,1964364.0,23315.0,Turkey,Asia,10.0,84254857.0,0.0,,,
28,2020-05-30,163103.0,983.0,4515.0,26.0,126984.0,31604.0,649.0,1936.0,54.0,2003594.0,23779.0,Turkey,Asia,10.0,84257335.0,0.0,,,
29,2020-05-31,163942.0,839.0,4540.0,25.0,127973.0,31429.0,648.0,1946.0,54.0,2039194.0,24201.0,Turkey,Asia,10.0,84259813.0,0.0,,,
30,2020-06-01,164769.0,827.0,4563.0,23.0,128947.0,31259.0,651.0,1955.0,54.0,2070719.0,24575.0,Turkey,Asia,10.0,84262291.0,0.0,,,
31,2020-06-02,165555.0,786.0,4585.0,22.0,129921.0,31049.0,633.0,1965.0,54.0,2103044.0,24958.0,Turkey,Asia,11.0,84264770.0,974.0,509.0,18378.0,40.0
32,2020-06-03,166422.0,867.0,4609.0,24.0,130852.0,30961.0,612.0,1975.0,55.0,2155349.0,25578.0,Turkey,Asia,10.0,84267248.0,931.0,506.0,18283.0,39.0
33,2020-06-04,167410.0,988.0,4630.0,21.0,131778.0,31002.0,602.0,1987.0,55.0,2209583.0,26220.0,Turkey,Asia,10.0,84269726.0,926.0,503.0,18201.0,38.0
34,2020-06-05,168340.0,930.0,4648.0,18.0,133400.0,30292.0,592.0,1998.0,55.0,2267412.0,26906.0,Turkey,Asia,10.0,84272204.0,1622.0,501.0,18131.0,37.0
35,2020-06-06,169218.0,878.0,4669.0,21.0,135322.0,29227.0,591.0,2008.0,55.0,2303258.0,27330.0,Turkey,Asia,11.0,84274682.0,1922.0,498.0,18050.0,37.0
36,2020-06-07,170132.0,914.0,4692.0,23.0,137969.0,27471.0,613.0,2019.0,56.0,2338593.0,27749.0,Turkey,Asia,11.0,84277161.0,2647.0,495.0,17962.0,36.0
37,2020-06-08,171121.0,989.0,4711.0,19.0,141380.0,25030.0,625.0,2030.0,56.0,2377954.0,28215.0,Turkey,Asia,11.0,84279639.0,3411.0,493.0,17890.0,35.0
38,2020-06-09,172114.0,993.0,4729.0,18.0,144598.0,22787.0,642.0,2042.0,56.0,2415179.0,28656.0,Turkey,Asia,11.0,84282117.0,3218.0,490.0,17822.0,35.0
39,2020-06-10,173036.0,922.0,4746.0,17.0,146839.0,21451.0,631.0,2053.0,56.0,2451700.0,29088.0,Turkey,Asia,11.0,84284595.0,2241.0,487.0,17759.0,34.0
40,2020-06-11,174023.0,987.0,4763.0,17.0,147860.0,21400.0,643.0,2065.0,57.0,2500890.0,29671.0,Turkey,Asia,11.0,84287073.0,1021.0,484.0,17696.0,34.0
41,2020-06-12,175218.0,1195.0,4778.0,15.0,149102.0,21338.0,664.0,2079.0,57.0,2541903.0,30157.0,Turkey,Asia,11.0,84289552.0,1242.0,481.0,17641.0,33.0
42,2020-06-13,176677.0,1459.0,4792.0,14.0,150087.0,21798.0,684.0,2096.0,57.0,2586995.0,30691.0,Turkey,Asia,11.0,84292030.0,985.0,477.0,17590.0,33.0
43,2020-06-14,178239.0,1562.0,4807.0,15.0,151417.0,22015.0,717.0,2114.0,57.0,2632171.0,31226.0,Turkey,Asia,11.0,84294508.0,1330.0,473.0,17536.0,32.0
44,2020-06-15,179831.0,1592.0,4825.0,18.0,152364.0,22642.0,722.0,2133.0,57.0,2674203.0,31724.0,Turkey,Asia,11.0,84296986.0,947.0,469.0,17471.0,32.0
45,2020-06-16,181298.0,1467.0,4842.0,17.0,153379.0,23077.0,732.0,2151.0,57.0,2721003.0,32278.0,Turkey,Asia,12.0,84299464.0,1015.0,465.0,17410.0,31.0
46,2020-06-17,182727.0,1429.0,4861.0,19.0,154640.0,23226.0,745.0,2168.0,58.0,2773904.0,32904.0,Turkey,Asia,12.0,84301943.0,1261.0,461.0,17343.0,30.0
47,2020-06-18,184031.0,1304.0,4882.0,21.0,156022.0,23127.0,755.0,2183.0,58.0,2822316.0,33478.0,Turkey,Asia,12.0,84304421.0,1382.0,458.0,17268.0,30.0
48,2020-06-19,185245.0,1214.0,4905.0,23.0,157516.0,22824.0,769.0,2197.0,58.0,2863632.0,33967.0,Turkey,Asia,12.0,84306899.0,1494.0,455.0,17188.0,29.0
49,2020-06-20,186493.0,1248.0,4927.0,22.0,158828.0,22738.0,781.0,2212.0,58.0,2904744.0,34452.0,Turkey,Asia,12.0,84311855.0,1312.0,452.0,17112.0,29.0
50,2020-06-21,187685.0,1192.0,4950.0,23.0,160240.0,22495.0,803.0,2226.0,59.0,2945240.0,34933.0,Turkey,Asia,12.0,84311855.0,1412.0,449.0,17033.0,29.0
51,2020-06-22,188897.0,1212.0,4974.0,24.0,161533.0,22390.0,846.0,2240.0,59.0,2986653.0,35423.0,Turkey,Asia,12.0,84314334.0,1293.0,446.0,16951.0,28.0
52,2020-06-23,190165.0,1268.0,5001.0,27.0,162848.0,22316.0,893.0,2255.0,59.0,3029635.0,35932.0,Turkey,Asia,12.0,84316812.0,1315.0,443.0,16860.0,28.0
53,2020-06-24,191657.0,1492.0,5025.0,24.0,164234.0,22398.0,914.0,2273.0,60.0,3083121.0,36565.0,Turkey,Asia,12.0,84319290.0,1386.0,440.0,16780.0,27.0
54,2020-06-25,193115.0,1458.0,5046.0,21.0,165706.0,22363.0,941.0,2290.0,60.0,3135424.0,37184.0,Turkey,Asia,13.0,84321768.0,1472.0,437.0,16711.0,27.0
55,2020-06-26,194511.0,1396.0,5065.0,19.0,167198.0,22248.0,963.0,2307.0,60.0,3186622.0,37790.0,Turkey,Asia,13.0,84324246.0,1492.0,434.0,16648.0,26.0
56,2020-06-27,195883.0,1372.0,5082.0,17.0,169182.0,21619.0,984.0,2323.0,60.0,3231835.0,38325.0,Turkey,Asia,13.0,84326725.0,1984.0,430.0,16593.0,26.0
57,2020-06-28,197239.0,1356.0,5097.0,15.0,170595.0,21547.0,996.0,2339.0,60.0,3280144.0,38897.0,Turkey,Asia,13.0,84329203.0,1413.0,428.0,16545.0,26.0
58,2020-06-29,198613.0,1374.0,5115.0,18.0,171809.0,21689.0,1018.0,2355.0,61.0,3331158.0,39501.0,Turkey,Asia,13.0,84331681.0,1214.0,425.0,16487.0,25.0
59,2020-06-30,199906.0,1293.0,5131.0,16.0,173111.0,21664.0,1026.0,2370.0,61.0,3381650.0,40098.0,Turkey,Asia,13.0,84334159.0,1302.0,422.0,16436.0,25.0
60,2020-07-01,201098.0,1192.0,5150.0,19.0,175422.0,20526.0,1035.0,2384.0,61.0,3433963.0,40717.0,Turkey,Asia,13.0,84336637.0,2311.0,419.0,16376.0,25.0
61,2020-07-02,202284.0,1186.0,5167.0,17.0,176965.0,20152.0,1067.0,2398.0,61.0,3483677.0,41306.0,Turkey,Asia,13.0,84339116.0,1543.0,417.0,16323.0,24.0
62,2020-07-03,203456.0,1172.0,5186.0,19.0,178278.0,19992.0,1082.0,2412.0,61.0,3535818.0,41923.0,Turkey,Asia,13.0,84341594.0,1313.0,415.0,16263.0,24.0
63,2020-07-04,204610.0,1154.0,5206.0,20.0,179492.0,19912.0,1093.0,2426.0,62.0,3584066.0,42493.0,Turkey,Asia,14.0,84344072.0,1214.0,412.0,16201.0,24.0
64,2020-07-05,205758.0,1148.0,5225.0,19.0,180680.0,19853.0,1127.0,2439.0,62.0,3630480.0,43042.0,Turkey,Asia,14.0,84346550.0,1188.0,410.0,16143.0,23.0
65,2020-07-06,206844.0,1086.0,5241.0,16.0,182995.0,18608.0,1130.0,2452.0,62.0,3682673.0,43660.0,Turkey,Asia,14.0,84349028.0,2315.0,408.0,16094.0,23.0
66,2020-07-07,207897.0,1053.0,5260.0,19.0,185292.0,17345.0,1152.0,2465.0,62.0,3733218.0,44258.0,Turkey,Asia,14.0,84351507.0,2297.0,406.0,16036.0,23.0
67,2020-07-08,208938.0,1041.0,5282.0,22.0,187511.0,16145.0,1172.0,2477.0,63.0,3782520.0,44841.0,Turkey,Asia,15.0,84353985.0,2219.0,404.0,15970.0,22.0
68,2020-07-09,209962.0,1024.0,5300.0,18.0,190390.0,14272.0,1179.0,2489.0,63.0,3832623.0,45434.0,Turkey,Asia,15.0,84356463.0,2879.0,402.0,15916.0,22.0
69,2020-07-10,210965.0,1003.0,5323.0,23.0,191883.0,13759.0,1182.0,2501.0,63.0,3881410.0,46011.0,Turkey,Asia,15.0,84358941.0,1493.0,400.0,15848.0,22.0
70,2020-07-11,211981.0,1016.0,5344.0,21.0,193217.0,13420.0,1194.0,2513.0,63.0,3930223.0,46588.0,Turkey,Asia,15.0,84361420.0,1334.0,398.0,15786.0,21.0
71,2020-07-12,212993.0,1012.0,5363.0,19.0,194515.0,13115.0,1209.0,2525.0,64.0,3975455.0,47121.0,Turkey,Asia,15.0,84366376.0,1298.0,396.0,15731.0,21.0
72,2020-07-13,214001.0,1008.0,5382.0,19.0,195671.0,12948.0,1223.0,2537.0,64.0,4021947.0,47672.0,Turkey,Asia,15.0,84366376.0,1156.0,394.0,15676.0,21.0
73,2020-07-14,214993.0,992.0,5402.0,20.0,196720.0,12871.0,1204.0,2548.0,64.0,4065178.0,48183.0,Turkey,Asia,15.0,84368854.0,1049.0,392.0,15618.0,21.0
74,2020-07-15,215940.0,947.0,5419.0,17.0,197733.0,12788.0,1206.0,2559.0,64.0,4107498.0,48684.0,Turkey,Asia,15.0,84371332.0,1013.0,391.0,15570.0,21.0
75,2020-07-16,216873.0,933.0,5440.0,21.0,198820.0,12613.0,1213.0,2570.0,64.0,4149909.0,49185.0,Turkey,Asia,15.0,84373811.0,1087.0,389.0,15510.0,20.0
76,2020-07-17,217799.0,926.0,5458.0,18.0,199834.0,12507.0,1226.0,2581.0,65.0,4191124.0,49672.0,Turkey,Asia,15.0,84376289.0,1014.0,387.0,15459.0,20.0
77,2020-07-18,218717.0,918.0,5475.0,17.0,201013.0,12229.0,1231.0,2592.0,65.0,4232067.0,50156.0,Turkey,Asia,15.0,84378767.0,1179.0,386.0,15412.0,20.0
78,2020-07-19,219641.0,924.0,5491.0,16.0,202010.0,12140.0,1246.0,2603.0,65.0,4273377.0,50644.0,Turkey,Asia,15.0,84381245.0,997.0,384.0,15367.0,20.0
79,2020-07-20,220572.0,931.0,5508.0,17.0,203002.0,12062.0,1243.0,2614.0,65.0,4316781.0,51157.0,Turkey,Asia,15.0,84383723.0,992.0,383.0,15320.0,20.0
80,2020-07-21,221500.0,928.0,5526.0,18.0,204011.0,11963.0,1246.0,2625.0,65.0,4359627.0,51663.0,Turkey,Asia,15.0,84386202.0,1009.0,381.0,15271.0,19.0
81,2020-07-22,222402.0,902.0,5545.0,19.0,205214.0,11643.0,1244.0,2635.0,66.0,4403031.0,52176.0,Turkey,Asia,15.0,84388680.0,1203.0,379.0,15219.0,19.0
82,2020-07-23,223315.0,913.0,5563.0,18.0,206365.0,11387.0,1251.0,2646.0,66.0,4446374.0,52686.0,Turkey,Asia,16.0,84393636.0,1151.0,378.0,15171.0,19.0
83,2020-07-24,224252.0,937.0,5580.0,17.0,207374.0,11298.0,1248.0,2657.0,66.0,4489360.0,53195.0,Turkey,Asia,16.0,84393636.0,1009.0,376.0,15124.0,19.0
84,2020-07-25,225173.0,921.0,5596.0,16.0,208477.0,11100.0,1252.0,2668.0,66.0,4532672.0,53707.0,Turkey,Asia,16.0,84396114.0,1103.0,375.0,15082.0,19.0
85,2020-07-26,226100.0,927.0,5613.0,17.0,209487.0,11000.0,1249.0,2679.0,67.0,4572688.0,54180.0,Turkey,Asia,16.0,84398593.0,1010.0,373.0,15036.0,18.0
86,2020-07-27,227019.0,919.0,5630.0,17.0,210469.0,10920.0,1263.0,2690.0,67.0,4617971.0,54715.0,Turkey,Asia,16.0,84401071.0,982.0,372.0,14991.0,18.0
87,2020-07-28,227982.0,963.0,5645.0,15.0,211561.0,10776.0,1280.0,2701.0,67.0,4665383.0,55273.0,Turkey,Asia,17.0,84406027.0,1092.0,370.0,14952.0,18.0
88,2020-07-29,228924.0,942.0,5659.0,14.0,212557.0,10708.0,1280.0,2712.0,67.0,4711095.0,55815.0,Turkey,Asia,17.0,84406027.0,996.0,369.0,14915.0,18.0
89,2020-07-30,229891.0,967.0,5674.0,15.0,213539.0,10678.0,1280.0,2724.0,67.0,4754331.0,56325.0,Turkey,Asia,17.0,84408505.0,982.0,367.0,14876.0,18.0
90,2020-07-31,230873.0,982.0,5691.0,17.0,214535.0,10647.0,582.0,2735.0,67.0,4800823.0,56874.0,Turkey,Asia,17.0,84410984.0,996.0,366.0,14832.0,18.0
91,2020-08-01,231869.0,996.0,5710.0,19.0,215516.0,10643.0,586.0,2747.0,68.0,4845669.0,57404.0,Turkey,Asia,17.0,84413462.0,981.0,364.0,14783.0,17.0
92,2020-08-02,232856.0,987.0,5728.0,18.0,216494.0,10634.0,582.0,2758.0,68.0,4885916.0,57879.0,Turkey,Asia,17.0,84415940.0,978.0,363.0,14737.0,17.0
