,Date,Tot cases,New cases,Tot Deaths,New Deaths,Total Recovered,Active Cases,Serious,Tot C par million,Deaths par million,Total Test,Tot T par million,Country,Continent,index,population,New Recov,col1,col2,col3
0,2020-05-02,29817.0,112.0,1760.0,6.0,23900.0,4157.0,141.0,3445.0,203.0,276000.0,31890.0,Switzerland,Europe,,,0.0,,,
1,2020-05-03,29905.0,88.0,1762.0,-1.0,24500.0,3643.0,141.0,3455.0,204.0,280220.0,32378.0,Switzerland,Europe,,,0.0,,,
2,2020-05-04,29981.0,76.0,1784.0,22.0,25200.0,2997.0,141.0,3464.0,206.0,282750.0,32670.0,Switzerland,Europe,,,0.0,,,
3,2020-05-05,30009.0,-1.0,1795.0,-1.0,25400.0,2814.0,121.0,3467.0,207.0,286403.0,33092.0,Switzerland,Europe,,,0.0,,,
4,2020-05-06,30060.0,51.0,1795.0,-1.0,25400.0,2865.0,121.0,3473.0,207.0,290365.0,33550.0,Switzerland,Europe,,,0.0,,,
5,2020-05-07,30126.0,66.0,1810.0,5.0,25900.0,2416.0,121.0,3481.0,209.0,290365.0,33550.0,Switzerland,Europe,,,0.0,,,
6,2020-05-08,30207.0,-1.0,1823.0,-1.0,26100.0,2284.0,101.0,3490.0,211.0,301675.0,34857.0,Switzerland,Europe,,,0.0,,,
7,2020-05-09,30251.0,-1.0,1830.0,-1.0,26400.0,2021.0,101.0,3495.0,211.0,306223.0,35383.0,Switzerland,Europe,,,0.0,,,
8,2020-05-10,30305.0,54.0,1830.0,-1.0,26400.0,2075.0,101.0,3502.0,211.0,309595.0,35772.0,Switzerland,Europe,,,0.0,,,
9,2020-05-11,30344.0,39.0,1845.0,12.0,26600.0,1899.0,89.0,3506.0,213.0,312813.0,36144.0,Switzerland,Europe,,,0.0,,,
10,2020-05-12,30380.0,36.0,1867.0,22.0,26800.0,1713.0,89.0,3510.0,216.0,316852.0,36611.0,Switzerland,Europe,,,0.0,,,
11,2020-05-13,30413.0,33.0,1870.0,3.0,26800.0,1743.0,79.0,3514.0,216.0,322084.0,37215.0,Switzerland,Europe,,,0.0,,,
12,2020-05-14,30463.0,50.0,1872.0,2.0,27100.0,1491.0,79.0,3520.0,216.0,328163.0,37918.0,Switzerland,Europe,,,0.0,,,
13,2020-05-15,30514.0,51.0,1878.0,6.0,27100.0,1536.0,69.0,3529.0,217.0,334274.0,38660.0,Switzerland,Europe,20.0,8646448.0,0.0,,,
14,2020-05-16,30572.0,58.0,1879.0,1.0,27400.0,1293.0,69.0,3536.0,217.0,339364.0,39248.0,Switzerland,Europe,22.0,8646621.0,0.0,,,
15,2020-05-17,30587.0,15.0,1881.0,2.0,27400.0,1306.0,69.0,3537.0,218.0,343359.0,39709.0,Switzerland,Europe,22.0,8646793.0,0.0,,,
16,2020-05-18,30597.0,10.0,1886.0,5.0,27500.0,1211.0,57.0,3538.0,218.0,345760.0,39986.0,Switzerland,Europe,22.0,8646966.0,0.0,,,
17,2020-05-19,30618.0,21.0,1891.0,5.0,27600.0,1127.0,57.0,3541.0,219.0,350099.0,40487.0,Switzerland,Europe,24.0,8647139.0,0.0,,,
18,2020-05-20,30658.0,40.0,1892.0,1.0,27800.0,966.0,55.0,3545.0,219.0,355393.0,41099.0,Switzerland,Europe,24.0,8647311.0,0.0,,,
19,2020-05-21,30694.0,36.0,1898.0,6.0,27900.0,896.0,55.0,3549.0,219.0,361692.0,41826.0,Switzerland,Europe,24.0,8647484.0,0.0,,,
20,2020-05-22,30707.0,13.0,1903.0,5.0,27900.0,904.0,51.0,3551.0,220.0,364321.0,42129.0,Switzerland,Europe,24.0,8647657.0,0.0,,,
21,2020-05-23,30725.0,18.0,1905.0,2.0,28000.0,820.0,51.0,3553.0,220.0,367037.0,42443.0,Switzerland,Europe,26.0,8647829.0,0.0,,,
22,2020-05-24,30736.0,11.0,1906.0,1.0,28100.0,730.0,50.0,3554.0,220.0,370464.0,42838.0,Switzerland,Europe,26.0,8648002.0,0.0,,,
23,2020-05-25,30746.0,10.0,1913.0,7.0,28100.0,733.0,47.0,3555.0,221.0,372146.0,43032.0,Switzerland,Europe,27.0,8648175.0,0.0,,,
24,2020-05-26,30761.0,15.0,1915.0,2.0,28200.0,646.0,41.0,3557.0,221.0,375115.0,43374.0,Switzerland,Europe,28.0,8648347.0,0.0,,,
25,2020-05-27,30776.0,-1.0,1917.0,-1.0,28300.0,559.0,42.0,3558.0,222.0,380671.0,44015.0,Switzerland,Europe,28.0,8648693.0,0.0,,,
26,2020-05-28,30796.0,20.0,1919.0,2.0,28300.0,577.0,36.0,3561.0,222.0,385822.0,44610.0,Switzerland,Europe,28.0,8648693.0,0.0,,,
27,2020-05-29,30828.0,32.0,1919.0,-1.0,28300.0,609.0,32.0,3564.0,222.0,390697.0,45173.0,Switzerland,Europe,28.0,8648865.0,0.0,,,
28,2020-05-30,30845.0,17.0,1919.0,-1.0,28400.0,526.0,27.0,3566.0,222.0,394717.0,45637.0,Switzerland,Europe,29.0,8649038.0,0.0,,,
29,2020-05-31,30862.0,17.0,1920.0,1.0,28400.0,542.0,28.0,3568.0,222.0,397691.0,45980.0,Switzerland,Europe,29.0,8649211.0,0.0,,,
30,2020-06-01,30871.0,9.0,1920.0,-1.0,28500.0,451.0,28.0,3569.0,222.0,399215.0,46155.0,Switzerland,Europe,29.0,8649383.0,0.0,,,
31,2020-06-02,30874.0,3.0,1920.0,-1.0,28500.0,454.0,29.0,3569.0,222.0,400793.0,46337.0,Switzerland,Europe,29.0,8649556.0,-1.0,280.0,4505.0,22.0
32,2020-06-03,30893.0,19.0,1921.0,1.0,28600.0,372.0,25.0,3572.0,222.0,404071.0,46715.0,Switzerland,Europe,30.0,8649729.0,100.0,280.0,4503.0,21.0
33,2020-06-04,30913.0,20.0,1921.0,-1.0,28600.0,392.0,27.0,3574.0,222.0,409450.0,47336.0,Switzerland,Europe,30.0,8649901.0,-1.0,280.0,4503.0,21.0
34,2020-06-05,30936.0,23.0,1921.0,-1.0,28600.0,415.0,29.0,3576.0,222.0,415915.0,48082.0,Switzerland,Europe,31.0,8650074.0,-1.0,280.0,4503.0,21.0
35,2020-06-06,30956.0,20.0,1921.0,-1.0,28700.0,335.0,28.0,3579.0,222.0,419980.0,48551.0,Switzerland,Europe,32.0,8650247.0,100.0,279.0,4503.0,21.0
36,2020-06-07,30965.0,9.0,1921.0,-1.0,28700.0,344.0,28.0,3580.0,222.0,423468.0,48953.0,Switzerland,Europe,33.0,8650419.0,-1.0,279.0,4503.0,20.0
37,2020-06-08,30972.0,7.0,1923.0,2.0,28700.0,349.0,29.0,3580.0,222.0,425154.0,49147.0,Switzerland,Europe,33.0,8650592.0,-1.0,279.0,4498.0,20.0
38,2020-06-09,30988.0,16.0,1934.0,11.0,28700.0,354.0,24.0,3582.0,224.0,428973.0,49588.0,Switzerland,Europe,33.0,8650765.0,-1.0,279.0,4473.0,20.0
39,2020-06-10,31011.0,23.0,1936.0,2.0,28700.0,375.0,21.0,3585.0,224.0,435458.0,50337.0,Switzerland,Europe,33.0,8650937.0,-1.0,279.0,4468.0,20.0
40,2020-06-11,31044.0,33.0,1937.0,1.0,28800.0,307.0,18.0,3588.0,224.0,441628.0,51049.0,Switzerland,Europe,33.0,8651110.0,100.0,279.0,4466.0,20.0
41,2020-06-12,31063.0,19.0,1938.0,1.0,28800.0,325.0,18.0,3591.0,224.0,447617.0,51740.0,Switzerland,Europe,33.0,8651283.0,-1.0,279.0,4464.0,19.0
42,2020-06-13,31094.0,31.0,1938.0,-1.0,28800.0,356.0,15.0,3594.0,224.0,453745.0,52447.0,Switzerland,Europe,33.0,8651455.0,-1.0,278.0,4464.0,19.0
43,2020-06-14,31117.0,23.0,1938.0,-1.0,28800.0,379.0,15.0,3597.0,224.0,458933.0,53046.0,Switzerland,Europe,34.0,8651628.0,-1.0,278.0,4464.0,19.0
44,2020-06-15,31131.0,14.0,1939.0,1.0,28900.0,292.0,15.0,3598.0,224.0,461128.0,53298.0,Switzerland,Europe,35.0,8651801.0,100.0,278.0,4462.0,19.0
45,2020-06-16,31154.0,23.0,1954.0,15.0,28900.0,300.0,15.0,3601.0,226.0,465722.0,53828.0,Switzerland,Europe,35.0,8651973.0,-1.0,278.0,4428.0,19.0
46,2020-06-17,31183.0,29.0,1956.0,2.0,28900.0,327.0,18.0,3604.0,226.0,475224.0,54926.0,Switzerland,Europe,35.0,8652146.0,-1.0,277.0,4423.0,18.0
47,2020-06-18,31200.0,13.0,1956.0,-1.0,28900.0,344.0,18.0,3606.0,226.0,485948.0,56164.0,Switzerland,Europe,35.0,8652319.0,-1.0,277.0,4423.0,18.0
48,2020-06-19,31217.0,17.0,1956.0,-1.0,28900.0,361.0,17.0,3608.0,226.0,493843.0,57075.0,Switzerland,Europe,36.0,8652491.0,-1.0,277.0,4424.0,18.0
49,2020-06-20,31243.0,8.0,1956.0,-1.0,28900.0,387.0,16.0,3611.0,226.0,502371.0,58059.0,Switzerland,Europe,36.0,8652837.0,-1.0,277.0,4424.0,17.0
50,2020-06-21,31292.0,49.0,1956.0,-1.0,29000.0,336.0,16.0,3616.0,226.0,507736.0,58679.0,Switzerland,Europe,36.0,8652837.0,100.0,277.0,4424.0,17.0
51,2020-06-22,31310.0,18.0,1956.0,-1.0,29000.0,354.0,16.0,3618.0,226.0,509600.0,58893.0,Switzerland,Europe,37.0,8653010.0,-1.0,276.0,4424.0,17.0
52,2020-06-23,31332.0,22.0,1956.0,-1.0,29000.0,376.0,12.0,3621.0,226.0,515125.0,59530.0,Switzerland,Europe,39.0,8653182.0,-1.0,276.0,4424.0,17.0
53,2020-06-24,31376.0,44.0,1958.0,2.0,29000.0,418.0,12.0,3626.0,226.0,523909.0,60544.0,Switzerland,Europe,39.0,8653355.0,-1.0,276.0,4419.0,17.0
54,2020-06-25,31428.0,52.0,1958.0,-1.0,29000.0,470.0,12.0,3632.0,226.0,534490.0,61766.0,Switzerland,Europe,39.0,8653528.0,-1.0,275.0,4420.0,16.0
55,2020-06-26,31486.0,58.0,1962.0,4.0,29000.0,524.0,12.0,3638.0,227.0,545177.0,62999.0,Switzerland,Europe,39.0,8653700.0,-1.0,275.0,4411.0,16.0
56,2020-06-27,31555.0,69.0,1962.0,-1.0,29000.0,593.0,11.0,3646.0,227.0,555315.0,64170.0,Switzerland,Europe,39.0,8653873.0,-1.0,274.0,4411.0,16.0
57,2020-06-28,31617.0,62.0,1962.0,-1.0,29100.0,555.0,11.0,3653.0,227.0,562909.0,65046.0,Switzerland,Europe,39.0,8654046.0,-1.0,274.0,4411.0,15.0
58,2020-06-29,31652.0,35.0,1962.0,-1.0,29100.0,590.0,11.0,3657.0,227.0,566594.0,65470.0,Switzerland,Europe,41.0,8654218.0,-1.0,273.0,4411.0,15.0
59,2020-06-30,31714.0,62.0,1963.0,1.0,29200.0,551.0,11.0,3664.0,227.0,572664.0,66170.0,Switzerland,Europe,42.0,8654391.0,100.0,273.0,4409.0,15.0
60,2020-07-01,31851.0,137.0,1965.0,2.0,29200.0,686.0,14.0,3680.0,227.0,583928.0,67471.0,Switzerland,Europe,42.0,8654564.0,-1.0,272.0,4404.0,15.0
61,2020-07-02,31967.0,116.0,1965.0,-1.0,29200.0,802.0,15.0,3694.0,227.0,599105.0,69223.0,Switzerland,Europe,44.0,8654736.0,-1.0,271.0,4404.0,14.0
62,2020-07-03,32101.0,134.0,1965.0,-1.0,29200.0,936.0,15.0,3709.0,227.0,614283.0,70975.0,Switzerland,Europe,44.0,8654909.0,-1.0,270.0,4405.0,14.0
63,2020-07-04,32198.0,97.0,1965.0,-1.0,29200.0,1033.0,15.0,3720.0,227.0,624396.0,72142.0,Switzerland,Europe,44.0,8655082.0,-1.0,269.0,4405.0,14.0
64,2020-07-05,32268.0,70.0,1965.0,-1.0,29300.0,1003.0,15.0,3728.0,227.0,624396.0,72141.0,Switzerland,Europe,44.0,8655254.0,100.0,268.0,4405.0,14.0
65,2020-07-06,32315.0,47.0,1965.0,-1.0,29300.0,1050.0,17.0,3733.0,227.0,636397.0,73526.0,Switzerland,Europe,44.0,8655427.0,-1.0,268.0,4405.0,14.0
66,2020-07-07,32369.0,54.0,1966.0,1.0,29300.0,1103.0,17.0,3740.0,227.0,641982.0,74170.0,Switzerland,Europe,44.0,8655600.0,-1.0,267.0,4403.0,13.0
67,2020-07-08,32498.0,129.0,1966.0,-1.0,29400.0,1132.0,16.0,3754.0,227.0,652413.0,75373.0,Switzerland,Europe,45.0,8655772.0,100.0,266.0,4403.0,13.0
68,2020-07-09,32586.0,88.0,1966.0,-1.0,29400.0,1220.0,16.0,3765.0,227.0,661362.0,76406.0,Switzerland,Europe,45.0,8655945.0,-1.0,266.0,4403.0,13.0
69,2020-07-10,32690.0,104.0,1966.0,-1.0,29400.0,1324.0,16.0,3777.0,227.0,670484.0,77458.0,Switzerland,Europe,45.0,8656118.0,-1.0,265.0,4403.0,13.0
70,2020-07-11,32817.0,127.0,1968.0,2.0,29500.0,1349.0,17.0,3791.0,227.0,678679.0,78403.0,Switzerland,Europe,45.0,8656290.0,100.0,264.0,4399.0,13.0
71,2020-07-12,32883.0,66.0,1968.0,-1.0,29600.0,1315.0,17.0,3799.0,227.0,683873.0,79000.0,Switzerland,Europe,46.0,8656636.0,100.0,263.0,4399.0,13.0
72,2020-07-13,32946.0,63.0,1968.0,-1.0,29600.0,1378.0,18.0,3806.0,227.0,686349.0,79286.0,Switzerland,Europe,48.0,8656636.0,-1.0,263.0,4399.0,13.0
73,2020-07-14,33016.0,70.0,1968.0,-1.0,29800.0,1248.0,19.0,3814.0,227.0,690701.0,79787.0,Switzerland,Europe,48.0,8656808.0,200.0,262.0,4399.0,13.0
74,2020-07-15,33148.0,132.0,1968.0,-1.0,29800.0,1380.0,20.0,3829.0,227.0,700326.0,80897.0,Switzerland,Europe,48.0,8656981.0,-1.0,261.0,4399.0,12.0
75,2020-07-16,33290.0,142.0,1969.0,1.0,29900.0,1421.0,21.0,3845.0,227.0,708370.0,81825.0,Switzerland,Europe,49.0,8657154.0,100.0,260.0,4397.0,12.0
76,2020-07-17,33382.0,92.0,1969.0,-1.0,29900.0,1513.0,20.0,3856.0,227.0,715487.0,82645.0,Switzerland,Europe,50.0,8657326.0,-1.0,259.0,4397.0,12.0
77,2020-07-18,33492.0,110.0,1969.0,-1.0,29900.0,1623.0,22.0,3869.0,227.0,722116.0,83409.0,Switzerland,Europe,50.0,8657499.0,-1.0,258.0,4397.0,12.0
78,2020-07-19,33591.0,99.0,1969.0,-1.0,30300.0,1322.0,22.0,3880.0,227.0,726806.0,83949.0,Switzerland,Europe,50.0,8657672.0,400.0,258.0,4397.0,12.0
