,Date,Tot cases,New cases,Tot Deaths,New Deaths,Total Recovered,Active Cases,Serious,Tot C par million,Deaths par million,Total Test,Tot T par million,Country,Continent,index,population,New Recov,col1,col2,col3
0,2020-05-02,2483.0,36.0,12.0,1.0,750.0,1721.0,17.0,486.0,2.0,40459.0,7923.0,Oman,Asia,,,0.0,,,
1,2020-05-03,2568.0,85.0,12.0,-1.0,750.0,1806.0,17.0,503.0,2.0,40459.0,7923.0,Oman,Asia,,,0.0,,,
2,2020-05-04,2637.0,69.0,12.0,-1.0,816.0,1809.0,17.0,516.0,2.0,40459.0,7923.0,Oman,Asia,,,0.0,,,
3,2020-05-05,2735.0,-1.0,13.0,-1.0,858.0,1864.0,17.0,536.0,3.0,40459.0,7923.0,Oman,Asia,,,0.0,,,
4,2020-05-06,2903.0,168.0,13.0,-1.0,888.0,2002.0,17.0,568.0,3.0,40459.0,7923.0,Oman,Asia,,,0.0,,,
5,2020-05-07,2958.0,55.0,15.0,2.0,980.0,1963.0,17.0,579.0,3.0,50000.0,9791.0,Oman,Asia,,,0.0,,,
6,2020-05-08,3112.0,-1.0,16.0,-1.0,1025.0,2071.0,17.0,609.0,3.0,50000.0,9791.0,Oman,Asia,,,0.0,,,
7,2020-05-09,3224.0,-1.0,17.0,-1.0,1068.0,2139.0,17.0,631.0,3.0,50000.0,9791.0,Oman,Asia,,,0.0,,,
8,2020-05-10,3399.0,175.0,17.0,-1.0,1117.0,2265.0,17.0,666.0,3.0,50000.0,9791.0,Oman,Asia,,,0.0,,,
9,2020-05-11,3573.0,174.0,17.0,-1.0,1211.0,2345.0,17.0,700.0,3.0,50000.0,9791.0,Oman,Asia,,,0.0,,,
10,2020-05-12,3721.0,148.0,17.0,-1.0,1250.0,2454.0,27.0,729.0,3.0,50000.0,9791.0,Oman,Asia,,,0.0,,,
11,2020-05-13,4019.0,298.0,17.0,-1.0,1289.0,2713.0,27.0,787.0,3.0,50000.0,9791.0,Oman,Asia,,,0.0,,,
12,2020-05-14,4341.0,322.0,18.0,1.0,1303.0,3020.0,31.0,850.0,4.0,61000.0,11945.0,Oman,Asia,,,0.0,,,
13,2020-05-15,4625.0,284.0,20.0,2.0,1350.0,3255.0,31.0,909.0,4.0,61000.0,11988.0,Oman,Asia,61.0,5088544.0,0.0,,,
14,2020-05-16,5029.0,404.0,21.0,1.0,1436.0,3572.0,31.0,988.0,4.0,61000.0,11987.0,Oman,Asia,61.0,5088900.0,0.0,,,
15,2020-05-17,5186.0,157.0,22.0,1.0,1465.0,3699.0,31.0,1019.0,4.0,61000.0,11986.0,Oman,Asia,61.0,5089256.0,0.0,,,
16,2020-05-18,5379.0,193.0,25.0,3.0,1496.0,3858.0,31.0,1057.0,5.0,61000.0,11985.0,Oman,Asia,61.0,5089612.0,0.0,,,
17,2020-05-19,5671.0,292.0,27.0,2.0,1574.0,4070.0,31.0,1114.0,5.0,61000.0,11984.0,Oman,Asia,61.0,5089968.0,0.0,,,
18,2020-05-20,6043.0,372.0,30.0,3.0,1661.0,4352.0,31.0,1187.0,6.0,72000.0,14144.0,Oman,Asia,61.0,5090324.0,0.0,,,
19,2020-05-21,6370.0,327.0,31.0,1.0,1821.0,4518.0,31.0,1251.0,6.0,72000.0,14143.0,Oman,Asia,60.0,5090680.0,0.0,,,
20,2020-05-22,6794.0,424.0,32.0,1.0,1821.0,4941.0,31.0,1335.0,6.0,72000.0,14143.0,Oman,Asia,59.0,5091036.0,0.0,,,
21,2020-05-23,7257.0,463.0,36.0,2.0,1848.0,5373.0,31.0,1425.0,7.0,72000.0,14142.0,Oman,Asia,56.0,5091392.0,0.0,,,
22,2020-05-24,7770.0,513.0,37.0,1.0,1933.0,5800.0,31.0,1526.0,7.0,72000.0,14141.0,Oman,Asia,54.0,5091748.0,0.0,,,
23,2020-05-25,7770.0,-1.0,37.0,-1.0,1933.0,5800.0,31.0,1526.0,7.0,72000.0,14140.0,Oman,Asia,55.0,5092104.0,0.0,,,
24,2020-05-26,8118.0,348.0,37.0,-1.0,2067.0,6014.0,31.0,1594.0,7.0,72000.0,14139.0,Oman,Asia,54.0,5092460.0,0.0,,,
25,2020-05-27,8373.0,-1.0,39.0,-1.0,2177.0,6157.0,31.0,1644.0,8.0,72000.0,14137.0,Oman,Asia,55.0,5093172.0,0.0,,,
26,2020-05-28,9009.0,636.0,40.0,1.0,2177.0,6792.0,31.0,1769.0,8.0,72000.0,14137.0,Oman,Asia,52.0,5093172.0,0.0,,,
27,2020-05-29,9820.0,811.0,40.0,-1.0,2396.0,7384.0,31.0,1928.0,8.0,72000.0,14136.0,Oman,Asia,51.0,5093528.0,0.0,,,
28,2020-05-30,10423.0,603.0,42.0,1.0,2396.0,7985.0,31.0,2046.0,8.0,72000.0,14135.0,Oman,Asia,50.0,5093884.0,0.0,,,
29,2020-05-31,11437.0,1014.0,47.0,5.0,2396.0,8994.0,31.0,2245.0,9.0,72000.0,14134.0,Oman,Asia,48.0,5094240.0,0.0,,,
30,2020-06-01,12223.0,786.0,50.0,1.0,2682.0,9491.0,31.0,2399.0,10.0,100181.0,19664.0,Oman,Asia,46.0,5094596.0,0.0,,,
31,2020-06-02,12799.0,576.0,59.0,9.0,2812.0,9928.0,31.0,2512.0,12.0,100181.0,19663.0,Oman,Asia,46.0,5094952.0,130.0,398.0,86355.0,51.0
32,2020-06-03,13537.0,738.0,67.0,8.0,2845.0,10625.0,31.0,2657.0,13.0,100181.0,19661.0,Oman,Asia,46.0,5095308.0,33.0,376.0,76049.0,51.0
33,2020-06-04,14316.0,778.0,67.0,-1.0,3451.0,10798.0,58.0,2809.0,13.0,100181.0,19660.0,Oman,Asia,46.0,5095664.0,606.0,356.0,76055.0,51.0
34,2020-06-05,15086.0,770.0,72.0,5.0,3451.0,11563.0,60.0,2960.0,14.0,102644.0,20142.0,Oman,Asia,45.0,5096020.0,-1.0,338.0,70778.0,50.0
35,2020-06-06,16016.0,930.0,72.0,-1.0,3451.0,12493.0,67.0,3143.0,14.0,105772.0,20754.0,Oman,Asia,45.0,5096376.0,-1.0,318.0,70783.0,48.0
36,2020-06-07,16882.0,866.0,75.0,3.0,3451.0,13356.0,75.0,3312.0,15.0,108679.0,21323.0,Oman,Asia,45.0,5096732.0,-1.0,302.0,67956.0,47.0
37,2020-06-08,17486.0,604.0,81.0,6.0,3793.0,13612.0,75.0,3431.0,16.0,111376.0,21851.0,Oman,Asia,43.0,5097088.0,342.0,291.0,62927.0,46.0
38,2020-06-09,18198.0,712.0,83.0,2.0,4152.0,13963.0,85.0,3570.0,16.0,114064.0,22377.0,Oman,Asia,42.0,5097444.0,359.0,280.0,61415.0,45.0
39,2020-06-10,18887.0,689.0,84.0,1.0,5640.0,13163.0,85.0,3705.0,16.0,116722.0,22897.0,Oman,Asia,42.0,5097800.0,1488.0,270.0,60688.0,44.0
40,2020-06-11,19954.0,1067.0,89.0,5.0,6623.0,13242.0,92.0,3914.0,17.0,129527.0,25407.0,Oman,Asia,42.0,5098156.0,983.0,255.0,57283.0,39.0
41,2020-06-12,21071.0,1117.0,96.0,7.0,7489.0,13486.0,92.0,4133.0,19.0,133029.0,26092.0,Oman,Asia,42.0,5098511.0,866.0,242.0,53109.0,38.0
42,2020-06-13,22077.0,1006.0,99.0,3.0,7530.0,14448.0,94.0,4330.0,19.0,136164.0,26705.0,Oman,Asia,41.0,5098867.0,41.0,231.0,51504.0,37.0
43,2020-06-14,23481.0,1404.0,104.0,5.0,8454.0,14923.0,100.0,4605.0,20.0,139760.0,27408.0,Oman,Asia,40.0,5099223.0,924.0,217.0,49031.0,36.0
44,2020-06-15,24524.0,1043.0,108.0,4.0,9533.0,14883.0,104.0,4809.0,21.0,143043.0,28050.0,Oman,Asia,40.0,5099579.0,1079.0,208.0,47218.0,36.0
45,2020-06-16,25269.0,745.0,114.0,6.0,11089.0,14066.0,105.0,4955.0,22.0,145670.0,28563.0,Oman,Asia,40.0,5099935.0,1556.0,202.0,44736.0,35.0
46,2020-06-17,26079.0,810.0,116.0,2.0,11797.0,14166.0,102.0,5113.0,23.0,148467.0,29110.0,Oman,Asia,39.0,5100291.0,708.0,196.0,43968.0,34.0
47,2020-06-18,26818.0,739.0,119.0,3.0,13264.0,13435.0,102.0,5258.0,23.0,148467.0,29107.0,Oman,Asia,39.0,5100647.0,1467.0,190.0,42863.0,34.0
48,2020-06-19,27670.0,852.0,125.0,6.0,13974.0,13571.0,102.0,5424.0,25.0,151784.0,29756.0,Oman,Asia,39.0,5101003.0,710.0,184.0,40808.0,34.0
49,2020-06-20,28566.0,896.0,128.0,3.0,14780.0,13658.0,99.0,5599.0,25.0,154232.0,30231.0,Oman,Asia,39.0,5101715.0,806.0,179.0,39857.0,33.0
50,2020-06-21,29471.0,905.0,131.0,3.0,15552.0,13788.0,101.0,5777.0,26.0,157036.0,30781.0,Oman,Asia,39.0,5101715.0,772.0,173.0,38944.0,32.0
51,2020-06-22,31076.0,1605.0,137.0,6.0,16408.0,14531.0,100.0,6091.0,27.0,161580.0,31669.0,Oman,Asia,38.0,5102071.0,856.0,164.0,37241.0,32.0
52,2020-06-23,32394.0,1318.0,140.0,3.0,17279.0,14975.0,97.0,6349.0,27.0,165520.0,32439.0,Oman,Asia,37.0,5102427.0,871.0,158.0,36446.0,31.0
53,2020-06-24,33536.0,1142.0,142.0,2.0,17972.0,15422.0,100.0,6572.0,28.0,169105.0,33140.0,Oman,Asia,36.0,5102783.0,693.0,152.0,35935.0,30.0
54,2020-06-25,34902.0,1366.0,144.0,2.0,18520.0,16238.0,107.0,6839.0,28.0,172940.0,33889.0,Oman,Asia,36.0,5103139.0,548.0,146.0,35438.0,30.0
55,2020-06-26,36034.0,1132.0,153.0,9.0,19482.0,16399.0,105.0,7061.0,30.0,176953.0,34673.0,Oman,Asia,36.0,5103495.0,962.0,142.0,33356.0,29.0
56,2020-06-27,36953.0,919.0,159.0,6.0,20363.0,16431.0,113.0,7240.0,31.0,179461.0,35162.0,Oman,Asia,36.0,5103851.0,881.0,138.0,32100.0,28.0
57,2020-06-28,38150.0,1197.0,163.0,4.0,21200.0,16787.0,118.0,7474.0,32.0,182753.0,35804.0,Oman,Asia,36.0,5104207.0,837.0,134.0,31314.0,28.0
58,2020-06-29,39060.0,910.0,169.0,6.0,22422.0,16469.0,115.0,7652.0,33.0,188291.0,36887.0,Oman,Asia,36.0,5104563.0,1222.0,131.0,30205.0,27.0
59,2020-06-30,40070.0,1010.0,176.0,7.0,23425.0,16469.0,117.0,7849.0,34.0,191412.0,37496.0,Oman,Asia,36.0,5104919.0,1003.0,127.0,29005.0,27.0
60,2020-07-01,41194.0,1124.0,185.0,9.0,24162.0,16847.0,120.0,8069.0,36.0,194945.0,38185.0,Oman,Asia,36.0,5105275.0,737.0,124.0,27596.0,26.0
61,2020-07-02,42555.0,1361.0,188.0,3.0,25318.0,17049.0,114.0,8335.0,37.0,198994.0,38975.0,Oman,Asia,37.0,5105631.0,1156.0,120.0,27158.0,26.0
62,2020-07-03,43929.0,1374.0,193.0,5.0,26169.0,17567.0,113.0,8603.0,38.0,202837.0,39725.0,Oman,Asia,36.0,5105987.0,851.0,116.0,26456.0,25.0
63,2020-07-04,45106.0,1177.0,203.0,10.0,26968.0,17935.0,116.0,8833.0,40.0,202837.0,39723.0,Oman,Asia,35.0,5106343.0,799.0,113.0,25154.0,25.0
64,2020-07-05,46178.0,1072.0,213.0,10.0,27917.0,18048.0,116.0,9043.0,42.0,202837.0,39720.0,Oman,Asia,35.0,5106699.0,949.0,111.0,23975.0,25.0
65,2020-07-06,47735.0,1557.0,218.0,5.0,29146.0,18371.0,129.0,9347.0,43.0,213187.0,41744.0,Oman,Asia,35.0,5107055.0,1229.0,107.0,23427.0,24.0
66,2020-07-07,48997.0,1262.0,224.0,6.0,31000.0,17773.0,127.0,9593.0,44.0,217194.0,42525.0,Oman,Asia,35.0,5107411.0,1854.0,104.0,22801.0,24.0
67,2020-07-08,50207.0,1210.0,233.0,9.0,32005.0,17969.0,128.0,9830.0,46.0,221181.0,43303.0,Oman,Asia,36.0,5107767.0,1005.0,102.0,21922.0,23.0
68,2020-07-09,51725.0,1518.0,236.0,3.0,33021.0,18468.0,129.0,10126.0,46.0,226637.0,44368.0,Oman,Asia,34.0,5108123.0,1016.0,99.0,21645.0,23.0
69,2020-07-10,53614.0,1889.0,244.0,8.0,34225.0,19145.0,130.0,10495.0,48.0,231211.0,45260.0,Oman,Asia,32.0,5108479.0,1204.0,95.0,20936.0,22.0
70,2020-07-11,54697.0,1083.0,248.0,4.0,35255.0,19194.0,133.0,10706.0,49.0,235044.0,46007.0,Oman,Asia,31.0,5108835.0,1030.0,93.0,20600.0,22.0
71,2020-07-12,56015.0,1318.0,257.0,9.0,36098.0,19660.0,143.0,10963.0,50.0,238614.0,46700.0,Oman,Asia,31.0,5109547.0,843.0,91.0,19882.0,21.0
72,2020-07-13,58179.0,2164.0,259.0,2.0,37257.0,20663.0,146.0,11386.0,51.0,244787.0,47908.0,Oman,Asia,31.0,5109547.0,1159.0,88.0,19728.0,21.0
73,2020-07-14,59568.0,1389.0,273.0,14.0,37987.0,21308.0,149.0,11657.0,53.0,244831.0,47913.0,Oman,Asia,31.0,5109903.0,730.0,86.0,18718.0,21.0
74,2020-07-15,61247.0,1679.0,281.0,8.0,39038.0,21928.0,139.0,11985.0,55.0,253444.0,49595.0,Oman,Asia,31.0,5110259.0,1051.0,83.0,18186.0,20.0
75,2020-07-16,62574.0,1327.0,290.0,9.0,40090.0,22194.0,149.0,12244.0,57.0,258148.0,50512.0,Oman,Asia,31.0,5110615.0,1052.0,82.0,17623.0,20.0
76,2020-07-17,64193.0,1619.0,298.0,8.0,41450.0,22445.0,157.0,12560.0,58.0,262869.0,51432.0,Oman,Asia,30.0,5110971.0,1360.0,80.0,17151.0,19.0
77,2020-07-18,65504.0,1311.0,308.0,10.0,42772.0,22424.0,164.0,12815.0,60.0,266845.0,52207.0,Oman,Asia,30.0,5111327.0,1322.0,78.0,16595.0,19.0
78,2020-07-19,66661.0,1157.0,318.0,10.0,44004.0,22339.0,165.0,13041.0,62.0,270788.0,52974.0,Oman,Asia,30.0,5111683.0,1232.0,77.0,16074.0,19.0
