,Date,Tot cases,New cases,Tot Deaths,New Deaths,Total Recovered,Active Cases,Serious,Tot C par million,Deaths par million,Total Test,Tot T par million,Country,Continent,index,population,New Recov,col1,col2,col3
0,2020-05-02,2273.0,125.0,33.0,-1.0,1010.0,1230.0,10.0,767.0,11.0,23142.0,7810.0,Armenia,Asia,,,0.0,,,
1,2020-05-03,2386.0,113.0,35.0,2.0,1035.0,1316.0,10.0,805.0,12.0,24177.0,8159.0,Armenia,Asia,,,0.0,,,
2,2020-05-04,2507.0,121.0,39.0,4.0,1071.0,1397.0,10.0,846.0,13.0,24942.0,8417.0,Armenia,Asia,,,0.0,,,
3,2020-05-05,2619.0,-1.0,40.0,-1.0,1111.0,1468.0,10.0,884.0,13.0,25846.0,8722.0,Armenia,Asia,,,0.0,,,
4,2020-05-06,2782.0,163.0,40.0,-1.0,1135.0,1607.0,10.0,939.0,13.0,26929.0,9088.0,Armenia,Asia,,,0.0,,,
5,2020-05-07,2884.0,102.0,42.0,2.0,1185.0,1657.0,10.0,973.0,14.0,28017.0,9455.0,Armenia,Asia,,,0.0,,,
6,2020-05-08,3029.0,-1.0,43.0,-1.0,1218.0,1768.0,10.0,1022.0,15.0,29205.0,9856.0,Armenia,Asia,,,0.0,,,
7,2020-05-09,3175.0,-1.0,44.0,-1.0,1267.0,1864.0,10.0,1071.0,15.0,30397.0,10258.0,Armenia,Asia,,,0.0,,,
8,2020-05-10,3313.0,138.0,45.0,1.0,1325.0,1943.0,10.0,1118.0,15.0,31590.0,10661.0,Armenia,Asia,,,0.0,,,
9,2020-05-11,3392.0,79.0,46.0,1.0,1359.0,1987.0,10.0,1145.0,16.0,32561.0,10988.0,Armenia,Asia,,,0.0,,,
10,2020-05-12,3538.0,146.0,47.0,1.0,1430.0,2061.0,10.0,1194.0,16.0,33313.0,11242.0,Armenia,Asia,,,0.0,,,
11,2020-05-13,3718.0,180.0,48.0,1.0,1500.0,2170.0,10.0,1255.0,16.0,34766.0,11732.0,Armenia,Asia,,,0.0,,,
12,2020-05-14,3860.0,142.0,49.0,1.0,1572.0,2239.0,10.0,1303.0,17.0,36016.0,12154.0,Armenia,Asia,,,0.0,,,
13,2020-05-15,4044.0,184.0,52.0,3.0,1666.0,2326.0,10.0,1365.0,18.0,37476.0,12650.0,Armenia,Asia,62.0,2962544.0,0.0,,,
14,2020-05-16,4283.0,239.0,55.0,3.0,1791.0,2437.0,10.0,1446.0,19.0,39005.0,13166.0,Armenia,Asia,62.0,2962559.0,0.0,,,
15,2020-05-17,4472.0,189.0,60.0,5.0,1925.0,2487.0,10.0,1509.0,20.0,40230.0,13579.0,Armenia,Asia,62.0,2962574.0,0.0,,,
16,2020-05-18,4823.0,351.0,61.0,1.0,2019.0,2743.0,10.0,1628.0,21.0,41850.0,14126.0,Armenia,Asia,62.0,2962589.0,0.0,,,
17,2020-05-19,5041.0,218.0,64.0,3.0,2164.0,2813.0,10.0,1702.0,22.0,43041.0,14528.0,Armenia,Asia,62.0,2962604.0,0.0,,,
18,2020-05-20,5271.0,230.0,67.0,3.0,2419.0,2785.0,10.0,1779.0,23.0,44071.0,14876.0,Armenia,Asia,62.0,2962619.0,0.0,,,
19,2020-05-21,5606.0,335.0,70.0,3.0,2581.0,2955.0,10.0,1892.0,24.0,45822.0,15467.0,Armenia,Asia,62.0,2962634.0,0.0,,,
20,2020-05-22,5928.0,322.0,74.0,4.0,2874.0,2980.0,10.0,2001.0,25.0,47654.0,16085.0,Armenia,Asia,62.0,2962649.0,0.0,,,
21,2020-05-23,6302.0,374.0,77.0,3.0,2936.0,3289.0,10.0,2127.0,26.0,49080.0,16566.0,Armenia,Asia,62.0,2962665.0,0.0,,,
22,2020-05-24,6661.0,359.0,81.0,4.0,3064.0,3516.0,10.0,2248.0,27.0,50397.0,17011.0,Armenia,Asia,61.0,2962680.0,0.0,,,
23,2020-05-25,7113.0,452.0,87.0,6.0,3145.0,3881.0,10.0,2401.0,29.0,51594.0,17415.0,Armenia,Asia,60.0,2962695.0,0.0,,,
24,2020-05-26,7402.0,289.0,91.0,4.0,3220.0,4091.0,10.0,2498.0,31.0,52554.0,17738.0,Armenia,Asia,58.0,2962710.0,0.0,,,
25,2020-05-27,7774.0,-1.0,98.0,-1.0,3255.0,4421.0,10.0,2624.0,33.0,53678.0,18118.0,Armenia,Asia,56.0,2962740.0,0.0,,,
26,2020-05-28,8216.0,442.0,113.0,15.0,3287.0,4816.0,10.0,2773.0,38.0,54931.0,18541.0,Armenia,Asia,56.0,2962740.0,0.0,,,
27,2020-05-29,8676.0,460.0,120.0,7.0,3297.0,5259.0,10.0,2928.0,41.0,56042.0,18916.0,Armenia,Asia,55.0,2962755.0,0.0,,,
28,2020-05-30,8927.0,251.0,127.0,7.0,3317.0,5483.0,10.0,3013.0,43.0,57081.0,19266.0,Armenia,Asia,55.0,2962770.0,0.0,,,
29,2020-05-31,9282.0,355.0,131.0,4.0,3386.0,5765.0,10.0,3133.0,44.0,58065.0,19598.0,Armenia,Asia,55.0,2962785.0,0.0,,,
30,2020-06-01,9492.0,210.0,139.0,8.0,3402.0,5951.0,10.0,3204.0,47.0,58668.0,19802.0,Armenia,Asia,55.0,2962800.0,0.0,,,
31,2020-06-02,10009.0,517.0,158.0,19.0,3427.0,6424.0,10.0,3378.0,53.0,59917.0,20223.0,Armenia,Asia,54.0,2962815.0,25.0,296.0,18752.0,49.0
32,2020-06-03,10524.0,515.0,170.0,12.0,3454.0,6900.0,10.0,3552.0,57.0,61650.0,20808.0,Armenia,Asia,54.0,2962831.0,27.0,282.0,17428.0,48.0
33,2020-06-04,11221.0,697.0,176.0,6.0,3468.0,7577.0,10.0,3787.0,59.0,63459.0,21418.0,Armenia,Asia,53.0,2962846.0,14.0,264.0,16834.0,47.0
34,2020-06-05,11817.0,596.0,183.0,7.0,3513.0,8121.0,10.0,3988.0,62.0,65161.0,21993.0,Armenia,Asia,51.0,2962861.0,45.0,251.0,16190.0,45.0
35,2020-06-06,12364.0,547.0,190.0,7.0,3720.0,8454.0,10.0,4173.0,64.0,66674.0,22503.0,Armenia,Asia,50.0,2962876.0,207.0,240.0,15594.0,44.0
36,2020-06-07,13130.0,766.0,200.0,10.0,4014.0,8916.0,10.0,4431.0,68.0,69171.0,23346.0,Armenia,Asia,49.0,2962891.0,294.0,226.0,14814.0,43.0
37,2020-06-08,13325.0,195.0,211.0,11.0,4099.0,9015.0,10.0,4497.0,71.0,70000.0,23625.0,Armenia,Asia,50.0,2962906.0,85.0,222.0,14042.0,42.0
38,2020-06-09,13675.0,350.0,217.0,6.0,4451.0,9007.0,10.0,4615.0,73.0,71405.0,24100.0,Armenia,Asia,50.0,2962921.0,352.0,217.0,13654.0,41.0
39,2020-06-10,14103.0,428.0,227.0,10.0,5226.0,8650.0,10.0,4760.0,77.0,73156.0,24690.0,Armenia,Asia,50.0,2962936.0,775.0,210.0,13053.0,41.0
40,2020-06-11,14669.0,566.0,245.0,18.0,5466.0,8958.0,10.0,4951.0,83.0,75389.0,25444.0,Armenia,Asia,50.0,2962951.0,240.0,202.0,12094.0,39.0
41,2020-06-12,15281.0,612.0,258.0,13.0,5639.0,9384.0,10.0,5157.0,87.0,77686.0,26219.0,Armenia,Asia,50.0,2962966.0,173.0,194.0,11484.0,38.0
42,2020-06-13,16004.0,723.0,264.0,6.0,6081.0,9659.0,10.0,5401.0,89.0,80130.0,27044.0,Armenia,Asia,50.0,2962981.0,442.0,185.0,11223.0,37.0
43,2020-06-14,16667.0,663.0,269.0,5.0,6214.0,10184.0,10.0,5625.0,91.0,82324.0,27784.0,Armenia,Asia,50.0,2962996.0,133.0,178.0,11015.0,36.0
44,2020-06-15,17064.0,397.0,285.0,16.0,6276.0,10503.0,10.0,5759.0,96.0,83600.0,28215.0,Armenia,Asia,50.0,2963012.0,62.0,174.0,10397.0,35.0
45,2020-06-16,17489.0,425.0,293.0,8.0,6571.0,10625.0,10.0,5902.0,99.0,85556.0,28875.0,Armenia,Asia,49.0,2963027.0,295.0,169.0,10113.0,35.0
46,2020-06-17,18033.0,544.0,302.0,9.0,6814.0,10917.0,10.0,6086.0,102.0,87600.0,29564.0,Armenia,Asia,48.0,2963042.0,243.0,164.0,9811.0,34.0
47,2020-06-18,18698.0,665.0,309.0,7.0,7560.0,10829.0,10.0,6310.0,104.0,89992.0,30371.0,Armenia,Asia,48.0,2963057.0,746.0,158.0,9589.0,33.0
48,2020-06-19,19157.0,459.0,319.0,10.0,8266.0,10572.0,10.0,6465.0,108.0,91943.0,31030.0,Armenia,Asia,48.0,2963072.0,706.0,155.0,9289.0,32.0
49,2020-06-20,19708.0,551.0,332.0,13.0,8854.0,10522.0,10.0,6651.0,112.0,93786.0,31651.0,Armenia,Asia,49.0,2963102.0,588.0,150.0,8925.0,32.0
50,2020-06-21,20268.0,560.0,350.0,18.0,9002.0,10916.0,10.0,6840.0,118.0,95754.0,32315.0,Armenia,Asia,48.0,2963102.0,148.0,146.0,8466.0,31.0
51,2020-06-22,20588.0,320.0,360.0,10.0,9131.0,11097.0,10.0,6948.0,121.0,96843.0,32683.0,Armenia,Asia,49.0,2963117.0,129.0,144.0,8231.0,31.0
52,2020-06-23,21006.0,418.0,372.0,12.0,10144.0,10490.0,10.0,7089.0,126.0,98117.0,33113.0,Armenia,Asia,49.0,2963132.0,1013.0,141.0,7965.0,30.0
53,2020-06-24,21717.0,711.0,386.0,14.0,10797.0,10534.0,10.0,7329.0,130.0,100400.0,33883.0,Armenia,Asia,48.0,2963147.0,653.0,136.0,7677.0,30.0
54,2020-06-25,22488.0,771.0,397.0,11.0,11335.0,10756.0,10.0,7589.0,134.0,102736.0,34671.0,Armenia,Asia,48.0,2963162.0,538.0,132.0,7464.0,29.0
55,2020-06-26,23247.0,759.0,410.0,13.0,12149.0,10688.0,10.0,7845.0,138.0,105046.0,35450.0,Armenia,Asia,47.0,2963178.0,814.0,127.0,7227.0,28.0
56,2020-06-27,23909.0,662.0,421.0,11.0,12911.0,10577.0,10.0,8069.0,142.0,107108.0,36146.0,Armenia,Asia,47.0,2963193.0,762.0,124.0,7038.0,28.0
57,2020-06-28,24645.0,736.0,426.0,5.0,13116.0,11103.0,10.0,8317.0,144.0,109173.0,36843.0,Armenia,Asia,47.0,2963208.0,205.0,120.0,6956.0,27.0
58,2020-06-29,25127.0,482.0,433.0,7.0,13297.0,11397.0,10.0,8480.0,146.0,110571.0,37314.0,Armenia,Asia,48.0,2963223.0,181.0,118.0,6843.0,27.0
59,2020-06-30,25542.0,415.0,443.0,10.0,14048.0,11051.0,10.0,8620.0,149.0,111844.0,37744.0,Armenia,Asia,46.0,2963238.0,751.0,116.0,6689.0,26.0
60,2020-07-01,26065.0,523.0,453.0,10.0,14563.0,11049.0,10.0,8796.0,153.0,113665.0,38358.0,Armenia,Asia,47.0,2963253.0,515.0,114.0,6541.0,26.0
61,2020-07-02,26658.0,593.0,459.0,6.0,15036.0,11163.0,10.0,8996.0,155.0,115765.0,39067.0,Armenia,Asia,48.0,2963268.0,473.0,111.0,6456.0,26.0
62,2020-07-03,27320.0,662.0,469.0,10.0,15484.0,11367.0,10.0,9220.0,158.0,118102.0,39855.0,Armenia,Asia,48.0,2963283.0,448.0,108.0,6318.0,25.0
63,2020-07-04,27900.0,580.0,477.0,8.0,15935.0,11488.0,10.0,9415.0,161.0,120245.0,40578.0,Armenia,Asia,48.0,2963298.0,451.0,106.0,6212.0,25.0
64,2020-07-05,28606.0,706.0,484.0,7.0,16140.0,11982.0,10.0,9653.0,163.0,122682.0,41400.0,Armenia,Asia,48.0,2963313.0,205.0,104.0,6123.0,24.0
65,2020-07-06,28936.0,330.0,491.0,7.0,16302.0,12143.0,10.0,9765.0,166.0,123815.0,41782.0,Armenia,Asia,48.0,2963328.0,162.0,102.0,6035.0,24.0
66,2020-07-07,29285.0,349.0,503.0,12.0,16907.0,11875.0,10.0,9882.0,170.0,125088.0,42212.0,Armenia,Asia,49.0,2963343.0,605.0,101.0,5891.0,24.0
67,2020-07-08,29820.0,535.0,521.0,18.0,17427.0,11872.0,10.0,10063.0,176.0,127171.0,42914.0,Armenia,Asia,49.0,2963359.0,520.0,99.0,5688.0,23.0
68,2020-07-09,30346.0,526.0,535.0,14.0,18000.0,11811.0,10.0,10240.0,181.0,129166.0,43587.0,Armenia,Asia,48.0,2963374.0,573.0,98.0,5539.0,23.0
69,2020-07-10,30903.0,557.0,546.0,11.0,18709.0,11648.0,10.0,10428.0,184.0,131216.0,44279.0,Armenia,Asia,48.0,2963389.0,709.0,96.0,5427.0,23.0
70,2020-07-11,31392.0,489.0,559.0,13.0,19419.0,11414.0,10.0,10593.0,189.0,133104.0,44916.0,Armenia,Asia,48.0,2963404.0,710.0,94.0,5301.0,22.0
71,2020-07-12,31969.0,577.0,565.0,6.0,19633.0,11771.0,10.0,10788.0,191.0,134989.0,45552.0,Armenia,Asia,49.0,2963434.0,214.0,93.0,5245.0,22.0
72,2020-07-13,32151.0,182.0,573.0,8.0,19865.0,11713.0,10.0,10849.0,193.0,135687.0,45787.0,Armenia,Asia,49.0,2963434.0,232.0,92.0,5172.0,22.0
73,2020-07-14,32490.0,339.0,581.0,8.0,20729.0,11180.0,10.0,10964.0,196.0,136802.0,46163.0,Armenia,Asia,49.0,2963449.0,864.0,91.0,5101.0,22.0
74,2020-07-15,33005.0,515.0,592.0,11.0,21348.0,11065.0,10.0,11137.0,200.0,139220.0,46979.0,Armenia,Asia,49.0,2963464.0,619.0,90.0,5006.0,21.0
75,2020-07-16,33559.0,554.0,607.0,15.0,21931.0,11021.0,10.0,11324.0,205.0,141410.0,47718.0,Armenia,Asia,48.0,2963479.0,583.0,88.0,4882.0,21.0
76,2020-07-17,34001.0,442.0,620.0,13.0,22492.0,10889.0,10.0,11473.0,209.0,143114.0,48292.0,Armenia,Asia,48.0,2963494.0,561.0,87.0,4780.0,21.0
77,2020-07-18,34462.0,461.0,631.0,11.0,23123.0,10708.0,10.0,11629.0,213.0,145083.0,48956.0,Armenia,Asia,48.0,2963509.0,631.0,86.0,4697.0,20.0
78,2020-07-19,34877.0,415.0,641.0,10.0,23294.0,10942.0,10.0,11769.0,216.0,146717.0,49508.0,Armenia,Asia,49.0,2963525.0,171.0,85.0,4623.0,20.0
79,2020-07-20,34981.0,104.0,650.0,9.0,23502.0,10829.0,10.0,11804.0,219.0,147108.0,49639.0,Armenia,Asia,49.0,2963540.0,208.0,85.0,4559.0,20.0
80,2020-07-21,35254.0,273.0,662.0,12.0,24206.0,10386.0,10.0,11896.0,223.0,148180.0,50001.0,Armenia,Asia,49.0,2963555.0,704.0,84.0,4477.0,20.0
81,2020-07-22,35693.0,439.0,678.0,16.0,24766.0,10249.0,10.0,12044.0,229.0,149898.0,50580.0,Armenia,Asia,49.0,2963570.0,560.0,83.0,4371.0,20.0
82,2020-07-23,36162.0,469.0,688.0,10.0,25244.0,10230.0,10.0,12202.0,232.0,151879.0,51248.0,Armenia,Asia,48.0,2963600.0,478.0,82.0,4308.0,20.0
83,2020-07-24,36613.0,451.0,692.0,4.0,25734.0,10187.0,10.0,12354.0,233.0,153814.0,51901.0,Armenia,Asia,49.0,2963600.0,490.0,81.0,4283.0,19.0
84,2020-07-25,36996.0,383.0,700.0,8.0,26243.0,10053.0,10.0,12483.0,236.0,155664.0,52525.0,Armenia,Asia,49.0,2963615.0,509.0,80.0,4234.0,19.0
85,2020-07-26,37317.0,321.0,705.0,5.0,26478.0,10134.0,10.0,12592.0,238.0,157152.0,53027.0,Armenia,Asia,49.0,2963630.0,235.0,79.0,4204.0,19.0
86,2020-07-27,37390.0,73.0,711.0,6.0,26665.0,10014.0,10.0,12616.0,240.0,157466.0,53133.0,Armenia,Asia,49.0,2963645.0,187.0,79.0,4168.0,19.0
87,2020-07-28,37629.0,239.0,719.0,8.0,27357.0,9553.0,10.0,12697.0,243.0,158527.0,53490.0,Armenia,Asia,49.0,2963675.0,692.0,79.0,4122.0,19.0
88,2020-07-29,37937.0,308.0,723.0,4.0,27824.0,9390.0,10.0,12801.0,244.0,160380.0,54115.0,Armenia,Asia,49.0,2963675.0,467.0,78.0,4099.0,18.0
89,2020-07-30,38196.0,259.0,728.0,5.0,28366.0,9102.0,10.0,12888.0,246.0,161754.0,54579.0,Armenia,Asia,49.0,2963691.0,542.0,78.0,4071.0,18.0
90,2020-07-31,38550.0,354.0,738.0,10.0,28997.0,8815.0,10.0,13007.0,249.0,163736.0,55247.0,Armenia,Asia,49.0,2963706.0,631.0,77.0,4016.0,18.0
91,2020-08-01,38841.0,291.0,749.0,11.0,29557.0,8535.0,10.0,13105.0,253.0,165656.0,55895.0,Armenia,Asia,49.0,2963721.0,560.0,76.0,3957.0,18.0
92,2020-08-02,39050.0,209.0,754.0,5.0,29750.0,8546.0,10.0,13176.0,254.0,166701.0,56247.0,Armenia,Asia,49.0,2963736.0,193.0,76.0,3931.0,18.0
