,Date,Tot cases,New cases,Tot Deaths,New Deaths,Total Recovered,Active Cases,Serious,Tot C par million,Deaths par million,Total Test,Tot T par million,Country,Continent,index,population,New Recov,col1,col2,col3
0,2020-05-02,725.0,-1.0,6.0,-1.0,355.0,364.0,7.0,142.0,1.0,13529.0,2656.0,Costa Rica,North America,,,0.0,,,
1,2020-05-03,739.0,6.0,6.0,-1.0,386.0,347.0,6.0,145.0,1.0,13851.0,2719.0,Costa Rica,North America,,,0.0,,,
2,2020-05-04,742.0,3.0,6.0,-1.0,399.0,337.0,5.0,146.0,1.0,13988.0,2746.0,Costa Rica,North America,,,0.0,,,
3,2020-05-05,755.0,-1.0,6.0,-1.0,413.0,336.0,5.0,148.0,1.0,14121.0,2772.0,Costa Rica,North America,,,0.0,,,
4,2020-05-06,755.0,-1.0,6.0,-1.0,413.0,336.0,5.0,148.0,1.0,14121.0,2772.0,Costa Rica,North America,,,0.0,,,
5,2020-05-07,765.0,4.0,6.0,-1.0,445.0,314.0,6.0,150.0,1.0,15140.0,2972.0,Costa Rica,North America,,,0.0,,,
6,2020-05-08,773.0,-1.0,6.0,-1.0,461.0,306.0,6.0,152.0,1.0,15810.0,3104.0,Costa Rica,North America,,,0.0,,,
7,2020-05-09,780.0,-1.0,6.0,-1.0,480.0,294.0,6.0,153.0,1.0,16517.0,3242.0,Costa Rica,North America,,,0.0,,,
8,2020-05-10,780.0,-1.0,6.0,-1.0,480.0,294.0,6.0,153.0,1.0,16517.0,3242.0,Costa Rica,North America,,,0.0,,,
9,2020-05-11,792.0,-1.0,7.0,1.0,501.0,284.0,6.0,155.0,1.0,17170.0,3371.0,Costa Rica,North America,,,0.0,,,
10,2020-05-12,804.0,3.0,7.0,-1.0,520.0,277.0,6.0,158.0,1.0,17470.0,3429.0,Costa Rica,North America,,,0.0,,,
11,2020-05-13,804.0,-1.0,7.0,-1.0,520.0,277.0,6.0,158.0,1.0,17470.0,3429.0,Costa Rica,North America,,,0.0,,,
12,2020-05-14,815.0,-1.0,8.0,1.0,527.0,280.0,6.0,160.0,2.0,18040.0,3541.0,Costa Rica,North America,,,0.0,,,
13,2020-05-15,830.0,-1.0,8.0,-1.0,535.0,287.0,4.0,163.0,2.0,18388.0,3614.0,Costa Rica,North America,107.0,5088065.0,0.0,,,
14,2020-05-16,853.0,10.0,10.0,1.0,551.0,292.0,4.0,168.0,2.0,19401.0,3813.0,Costa Rica,North America,107.0,5088192.0,0.0,,,
15,2020-05-17,853.0,-1.0,10.0,-1.0,551.0,292.0,4.0,168.0,2.0,19401.0,3813.0,Costa Rica,North America,109.0,5088318.0,0.0,,,
16,2020-05-18,866.0,3.0,10.0,-1.0,575.0,281.0,3.0,170.0,2.0,20352.0,4000.0,Costa Rica,North America,109.0,5088445.0,0.0,,,
17,2020-05-19,866.0,-1.0,10.0,-1.0,575.0,281.0,3.0,170.0,2.0,20352.0,4000.0,Costa Rica,North America,109.0,5088572.0,0.0,,,
18,2020-05-20,897.0,15.0,10.0,-1.0,582.0,305.0,5.0,176.0,2.0,21299.0,4186.0,Costa Rica,North America,109.0,5088699.0,0.0,,,
19,2020-05-21,903.0,6.0,10.0,-1.0,592.0,301.0,3.0,177.0,2.0,21929.0,4309.0,Costa Rica,North America,109.0,5088826.0,0.0,,,
20,2020-05-22,911.0,8.0,10.0,-1.0,600.0,301.0,4.0,179.0,2.0,22554.0,4432.0,Costa Rica,North America,111.0,5088953.0,0.0,,,
21,2020-05-23,918.0,7.0,10.0,-1.0,607.0,301.0,4.0,180.0,2.0,22910.0,4502.0,Costa Rica,North America,112.0,5089080.0,0.0,,,
22,2020-05-24,930.0,12.0,10.0,-1.0,620.0,300.0,3.0,183.0,2.0,23378.0,4594.0,Costa Rica,North America,111.0,5089207.0,0.0,,,
23,2020-05-25,951.0,21.0,10.0,-1.0,628.0,313.0,2.0,187.0,2.0,23580.0,4633.0,Costa Rica,North America,110.0,5089334.0,0.0,,,
24,2020-05-26,951.0,-1.0,10.0,-1.0,628.0,313.0,2.0,187.0,2.0,23580.0,4633.0,Costa Rica,North America,111.0,5089461.0,0.0,,,
25,2020-05-27,984.0,-1.0,10.0,-1.0,639.0,335.0,2.0,193.0,2.0,24338.0,4782.0,Costa Rica,North America,112.0,5089715.0,0.0,,,
26,2020-05-28,1000.0,16.0,10.0,-1.0,646.0,344.0,2.0,196.0,2.0,24897.0,4892.0,Costa Rica,North America,112.0,5089715.0,0.0,,,
27,2020-05-29,1022.0,22.0,10.0,-1.0,653.0,359.0,2.0,201.0,2.0,25503.0,5011.0,Costa Rica,North America,112.0,5089842.0,0.0,,,
28,2020-05-30,1047.0,25.0,10.0,-1.0,658.0,379.0,4.0,206.0,2.0,26073.0,5122.0,Costa Rica,North America,113.0,5089969.0,0.0,,,
29,2020-05-31,1056.0,9.0,10.0,-1.0,669.0,377.0,4.0,207.0,2.0,26622.0,5230.0,Costa Rica,North America,113.0,5090096.0,0.0,,,
30,2020-06-01,1056.0,-1.0,10.0,-1.0,669.0,377.0,4.0,207.0,2.0,26622.0,5230.0,Costa Rica,North America,114.0,5090223.0,0.0,,,
31,2020-06-02,1105.0,21.0,10.0,-1.0,682.0,413.0,5.0,217.0,2.0,27318.0,5367.0,Costa Rica,North America,110.0,5090350.0,6.0,4607.0,509035.0,186.0
32,2020-06-03,1157.0,52.0,10.0,-1.0,685.0,462.0,5.0,227.0,2.0,27318.0,5366.0,Costa Rica,North America,110.0,5090477.0,3.0,4400.0,509048.0,186.0
33,2020-06-04,1194.0,37.0,10.0,-1.0,687.0,497.0,5.0,235.0,2.0,27318.0,5366.0,Costa Rica,North America,110.0,5090604.0,2.0,4263.0,509060.0,186.0
34,2020-06-05,1228.0,34.0,10.0,-1.0,695.0,523.0,4.0,241.0,2.0,28753.0,5648.0,Costa Rica,North America,109.0,5090731.0,8.0,4146.0,509073.0,177.0
35,2020-06-06,1263.0,35.0,10.0,-1.0,701.0,552.0,3.0,248.0,2.0,29140.0,5724.0,Costa Rica,North America,109.0,5090858.0,6.0,4031.0,509086.0,175.0
36,2020-06-07,1318.0,55.0,10.0,-1.0,704.0,604.0,4.0,259.0,2.0,29449.0,5785.0,Costa Rica,North America,108.0,5090985.0,3.0,3863.0,509099.0,173.0
37,2020-06-08,1342.0,24.0,10.0,-1.0,712.0,620.0,5.0,264.0,2.0,29622.0,5818.0,Costa Rica,North America,109.0,5091112.0,8.0,3794.0,509111.0,172.0
38,2020-06-09,1375.0,33.0,11.0,1.0,717.0,647.0,5.0,270.0,2.0,29622.0,5818.0,Costa Rica,North America,109.0,5091239.0,5.0,3703.0,462840.0,172.0
39,2020-06-10,1461.0,86.0,12.0,1.0,722.0,727.0,3.0,287.0,2.0,30372.0,5965.0,Costa Rica,North America,108.0,5091366.0,5.0,3485.0,424281.0,168.0
40,2020-06-11,1538.0,77.0,12.0,-1.0,722.0,804.0,3.0,302.0,2.0,30779.0,6045.0,Costa Rica,North America,105.0,5091493.0,-1.0,3310.0,424291.0,165.0
41,2020-06-12,1612.0,74.0,12.0,-1.0,731.0,869.0,3.0,317.0,2.0,31308.0,6149.0,Costa Rica,North America,104.0,5091620.0,9.0,3159.0,424302.0,163.0
42,2020-06-13,1662.0,50.0,12.0,-1.0,743.0,907.0,3.0,326.0,2.0,31763.0,6238.0,Costa Rica,North America,105.0,5091747.0,12.0,3064.0,424312.0,160.0
43,2020-06-14,1715.0,53.0,12.0,-1.0,752.0,951.0,3.0,337.0,2.0,32262.0,6336.0,Costa Rica,North America,103.0,5091874.0,9.0,2969.0,424323.0,158.0
44,2020-06-15,1744.0,29.0,12.0,-1.0,771.0,961.0,4.0,342.0,2.0,32510.0,6385.0,Costa Rica,North America,104.0,5092001.0,19.0,2920.0,424333.0,157.0
45,2020-06-16,1796.0,52.0,12.0,-1.0,794.0,990.0,2.0,353.0,2.0,32801.0,6442.0,Costa Rica,North America,104.0,5092128.0,23.0,2835.0,424344.0,155.0
46,2020-06-17,1871.0,75.0,12.0,-1.0,899.0,960.0,3.0,367.0,2.0,33282.0,6536.0,Costa Rica,North America,102.0,5092255.0,105.0,2722.0,424355.0,153.0
47,2020-06-18,1939.0,68.0,12.0,-1.0,937.0,990.0,3.0,381.0,2.0,33780.0,6633.0,Costa Rica,North America,101.0,5092382.0,38.0,2626.0,424365.0,151.0
48,2020-06-19,2058.0,119.0,12.0,-1.0,982.0,1064.0,5.0,404.0,2.0,34477.0,6770.0,Costa Rica,North America,99.0,5092509.0,45.0,2474.0,424376.0,148.0
49,2020-06-20,2127.0,69.0,12.0,-1.0,1014.0,1101.0,5.0,418.0,2.0,34946.0,6862.0,Costa Rica,North America,100.0,5092762.0,32.0,2394.0,424397.0,146.0
50,2020-06-21,2213.0,86.0,12.0,-1.0,1032.0,1169.0,4.0,435.0,2.0,35369.0,6945.0,Costa Rica,North America,99.0,5092762.0,18.0,2301.0,424397.0,144.0
51,2020-06-22,2277.0,64.0,12.0,-1.0,1043.0,1222.0,4.0,447.0,2.0,35625.0,6995.0,Costa Rica,North America,99.0,5092889.0,11.0,2237.0,424407.0,143.0
52,2020-06-23,2368.0,91.0,12.0,-1.0,1129.0,1227.0,3.0,465.0,2.0,36135.0,7095.0,Costa Rica,North America,97.0,5093016.0,86.0,2151.0,424418.0,141.0
53,2020-06-24,2515.0,147.0,12.0,-1.0,1210.0,1293.0,5.0,494.0,2.0,36765.0,7219.0,Costa Rica,North America,96.0,5093143.0,81.0,2025.0,424429.0,139.0
54,2020-06-25,2684.0,169.0,12.0,-1.0,1227.0,1445.0,6.0,527.0,2.0,37645.0,7391.0,Costa Rica,North America,96.0,5093270.0,17.0,1898.0,424439.0,135.0
55,2020-06-26,2836.0,152.0,12.0,-1.0,1280.0,1544.0,6.0,557.0,2.0,38500.0,7559.0,Costa Rica,North America,96.0,5093397.0,53.0,1796.0,424450.0,132.0
56,2020-06-27,2979.0,143.0,13.0,1.0,1325.0,1641.0,5.0,585.0,3.0,38500.0,7559.0,Costa Rica,North America,95.0,5093524.0,45.0,1710.0,391810.0,132.0
57,2020-06-28,3130.0,151.0,15.0,2.0,1366.0,1749.0,5.0,614.0,3.0,38500.0,7558.0,Costa Rica,North America,95.0,5093651.0,41.0,1627.0,339577.0,132.0
58,2020-06-29,3269.0,139.0,15.0,-1.0,1394.0,1860.0,4.0,642.0,3.0,38500.0,7558.0,Costa Rica,North America,94.0,5093778.0,28.0,1558.0,339585.0,132.0
59,2020-06-30,3459.0,190.0,16.0,1.0,1436.0,2007.0,5.0,679.0,3.0,38500.0,7558.0,Costa Rica,North America,93.0,5093905.0,42.0,1473.0,318369.0,132.0
60,2020-07-01,3753.0,294.0,16.0,-1.0,1516.0,2221.0,6.0,737.0,3.0,38500.0,7558.0,Costa Rica,North America,92.0,5094032.0,80.0,1357.0,318377.0,132.0
61,2020-07-02,4023.0,270.0,17.0,-1.0,1589.0,2417.0,6.0,790.0,3.0,38500.0,7558.0,Costa Rica,North America,92.0,5094159.0,73.0,1266.0,299656.0,132.0
62,2020-07-03,4311.0,288.0,18.0,-1.0,1657.0,2636.0,10.0,846.0,4.0,43865.0,8611.0,Costa Rica,North America,91.0,5094286.0,68.0,1182.0,283016.0,116.0
63,2020-07-04,4621.0,310.0,18.0,-1.0,1721.0,2882.0,10.0,907.0,4.0,44917.0,8817.0,Costa Rica,North America,90.0,5094413.0,64.0,1102.0,283023.0,113.0
64,2020-07-05,4996.0,375.0,19.0,1.0,1745.0,3232.0,10.0,981.0,4.0,44917.0,8817.0,Costa Rica,North America,86.0,5094540.0,24.0,1020.0,268134.0,113.0
65,2020-07-06,5241.0,245.0,23.0,4.0,1776.0,3442.0,10.0,1029.0,5.0,47160.0,9257.0,Costa Rica,North America,87.0,5094667.0,31.0,972.0,221507.0,108.0
66,2020-07-07,5486.0,245.0,23.0,-1.0,1810.0,3653.0,11.0,1077.0,5.0,48487.0,9517.0,Costa Rica,North America,87.0,5094794.0,34.0,929.0,221513.0,105.0
67,2020-07-08,5836.0,350.0,24.0,1.0,1929.0,3883.0,11.0,1145.0,5.0,49717.0,9758.0,Costa Rica,North America,86.0,5094921.0,119.0,873.0,212288.0,102.0
68,2020-07-09,6485.0,649.0,25.0,1.0,2023.0,4437.0,14.0,1273.0,5.0,50852.0,9981.0,Costa Rica,North America,82.0,5095048.0,94.0,786.0,203802.0,100.0
69,2020-07-10,6845.0,360.0,26.0,1.0,2110.0,4709.0,14.0,1343.0,5.0,50852.0,9980.0,Costa Rica,North America,82.0,5095175.0,87.0,744.0,195968.0,100.0
70,2020-07-11,7231.0,386.0,28.0,2.0,2220.0,4983.0,22.0,1419.0,5.0,54191.0,10635.0,Costa Rica,North America,81.0,5095302.0,110.0,705.0,181975.0,94.0
71,2020-07-12,7596.0,365.0,30.0,2.0,2239.0,5327.0,27.0,1491.0,6.0,57745.0,11332.0,Costa Rica,North America,79.0,5095556.0,19.0,671.0,169852.0,88.0
72,2020-07-13,8036.0,440.0,31.0,1.0,2304.0,5701.0,30.0,1577.0,6.0,57745.0,11332.0,Costa Rica,North America,79.0,5095556.0,65.0,634.0,164373.0,88.0
73,2020-07-14,8482.0,446.0,36.0,5.0,2441.0,6005.0,30.0,1665.0,7.0,59749.0,11725.0,Costa Rica,North America,76.0,5095683.0,137.0,601.0,141547.0,85.0
74,2020-07-15,8986.0,504.0,40.0,4.0,2551.0,6395.0,31.0,1763.0,8.0,61216.0,12013.0,Costa Rica,North America,75.0,5095810.0,110.0,567.0,127395.0,83.0
75,2020-07-16,9546.0,560.0,42.0,2.0,2673.0,6831.0,35.0,1873.0,8.0,61216.0,12013.0,Costa Rica,North America,74.0,5095937.0,122.0,534.0,121332.0,83.0
76,2020-07-17,9969.0,423.0,47.0,5.0,2818.0,7104.0,38.0,1956.0,9.0,64150.0,12588.0,Costa Rica,North America,74.0,5096064.0,145.0,511.0,108427.0,79.0
77,2020-07-18,10551.0,582.0,54.0,7.0,2902.0,7595.0,41.0,2070.0,11.0,65819.0,12915.0,Costa Rica,North America,74.0,5096191.0,84.0,483.0,94374.0,77.0
78,2020-07-19,11114.0,563.0,62.0,8.0,2966.0,8086.0,44.0,2181.0,12.0,65819.0,12915.0,Costa Rica,North America,73.0,5096318.0,64.0,459.0,82199.0,77.0
