,Date,Tot cases,New cases,Tot Deaths,New Deaths,Total Recovered,Active Cases,Serious,Tot C par million,Deaths par million,Total Test,Tot T par million,Country,Continent,index,population,New Recov,col1,col2,col3
0,2020-05-02,2118.0,32.0,9.0,-1.0,1271.0,838.0,8.0,63.0,0.3,242536.0,7247.0,Uzbekistan,Asia,,,0.0,,,
1,2020-05-03,2149.0,31.0,10.0,1.0,1319.0,820.0,8.0,64.0,0.3,242536.0,7247.0,Uzbekistan,Asia,,,0.0,,,
2,2020-05-04,2189.0,40.0,10.0,-1.0,1405.0,774.0,8.0,65.0,0.3,325000.0,9710.0,Uzbekistan,Asia,,,0.0,,,
3,2020-05-05,2207.0,-1.0,10.0,-1.0,1501.0,696.0,8.0,66.0,0.3,325000.0,9710.0,Uzbekistan,Asia,,,0.0,,,
4,2020-05-06,2231.0,24.0,10.0,-1.0,1577.0,644.0,8.0,67.0,0.3,325000.0,9710.0,Uzbekistan,Asia,,,0.0,,,
5,2020-05-07,2298.0,65.0,10.0,-1.0,1656.0,632.0,8.0,69.0,0.3,325000.0,9710.0,Uzbekistan,Asia,,,0.0,,,
6,2020-05-08,2325.0,-1.0,10.0,-1.0,1775.0,540.0,8.0,69.0,0.3,325000.0,9710.0,Uzbekistan,Asia,,,0.0,,,
7,2020-05-09,2349.0,-1.0,10.0,-1.0,1846.0,493.0,8.0,70.0,0.3,325000.0,9710.0,Uzbekistan,Asia,,,0.0,,,
8,2020-05-10,2418.0,69.0,10.0,-1.0,1881.0,527.0,8.0,72.0,0.3,325000.0,9710.0,Uzbekistan,Asia,,,0.0,,,
9,2020-05-11,2482.0,64.0,10.0,-1.0,1982.0,490.0,8.0,74.0,0.3,325000.0,9710.0,Uzbekistan,Asia,,,0.0,,,
10,2020-05-12,2519.0,33.0,10.0,-1.0,2010.0,499.0,8.0,75.0,0.3,325000.0,9710.0,Uzbekistan,Asia,,,0.0,,,
11,2020-05-13,2568.0,49.0,11.0,1.0,2040.0,517.0,8.0,77.0,0.3,325000.0,9710.0,Uzbekistan,Asia,,,0.0,,,
12,2020-05-14,2636.0,24.0,11.0,-1.0,2136.0,489.0,8.0,79.0,0.3,325000.0,9710.0,Uzbekistan,Asia,,,0.0,,,
13,2020-05-15,2652.0,7.0,11.0,-1.0,2136.0,505.0,8.0,79.0,0.3,460000.0,13771.0,Uzbekistan,Asia,71.0,33404657.0,0.0,,,
14,2020-05-16,2738.0,52.0,11.0,-1.0,2213.0,514.0,8.0,82.0,0.3,460000.0,13770.0,Uzbekistan,Asia,71.0,33405983.0,0.0,,,
15,2020-05-17,2746.0,8.0,12.0,1.0,2247.0,487.0,8.0,82.0,0.4,460000.0,13769.0,Uzbekistan,Asia,71.0,33407309.0,0.0,,,
16,2020-05-18,2779.0,26.0,13.0,1.0,2314.0,452.0,8.0,83.0,0.4,460000.0,13769.0,Uzbekistan,Asia,71.0,33408634.0,0.0,,,
17,2020-05-19,2825.0,34.0,13.0,-1.0,2338.0,474.0,6.0,85.0,0.4,460000.0,13768.0,Uzbekistan,Asia,71.0,33409960.0,0.0,,,
18,2020-05-20,2939.0,84.0,13.0,-1.0,2372.0,554.0,6.0,88.0,0.4,460000.0,13768.0,Uzbekistan,Asia,71.0,33411286.0,0.0,,,
19,2020-05-21,2964.0,25.0,13.0,-1.0,2407.0,544.0,5.0,89.0,0.4,460000.0,13767.0,Uzbekistan,Asia,73.0,33412612.0,0.0,,,
20,2020-05-22,3028.0,64.0,13.0,-1.0,2492.0,523.0,4.0,91.0,0.4,460000.0,13767.0,Uzbekistan,Asia,73.0,33413938.0,0.0,,,
21,2020-05-23,3115.0,87.0,13.0,-1.0,2532.0,570.0,4.0,93.0,0.4,460000.0,13766.0,Uzbekistan,Asia,71.0,33415264.0,0.0,,,
22,2020-05-24,3164.0,49.0,13.0,-1.0,2565.0,586.0,4.0,95.0,0.4,460000.0,13766.0,Uzbekistan,Asia,72.0,33416589.0,0.0,,,
23,2020-05-25,3189.0,25.0,13.0,-1.0,2607.0,569.0,3.0,95.0,0.4,460000.0,13765.0,Uzbekistan,Asia,73.0,33417915.0,0.0,,,
24,2020-05-26,3281.0,92.0,13.0,-1.0,2636.0,632.0,3.0,98.0,0.4,460000.0,13765.0,Uzbekistan,Asia,72.0,33419241.0,0.0,,,
25,2020-05-27,3369.0,-1.0,14.0,-1.0,2668.0,687.0,4.0,101.0,0.4,460000.0,13763.0,Uzbekistan,Asia,73.0,33421893.0,0.0,,,
26,2020-05-28,3444.0,75.0,14.0,-1.0,2694.0,736.0,4.0,103.0,0.4,460000.0,13763.0,Uzbekistan,Asia,74.0,33421893.0,0.0,,,
27,2020-05-29,3468.0,24.0,14.0,-1.0,2728.0,726.0,7.0,104.0,0.4,460000.0,13763.0,Uzbekistan,Asia,74.0,33423219.0,0.0,,,
28,2020-05-30,3546.0,78.0,14.0,-1.0,2783.0,749.0,7.0,106.0,0.4,460000.0,13762.0,Uzbekistan,Asia,74.0,33424544.0,0.0,,,
29,2020-05-31,3623.0,77.0,15.0,1.0,2837.0,771.0,10.0,108.0,0.4,460000.0,13762.0,Uzbekistan,Asia,75.0,33425870.0,0.0,,,
30,2020-06-01,3673.0,50.0,15.0,-1.0,2859.0,799.0,9.0,110.0,0.4,460000.0,13761.0,Uzbekistan,Asia,75.0,33427196.0,0.0,,,
31,2020-06-02,3760.0,58.0,15.0,-1.0,2908.0,837.0,11.0,112.0,0.4,460000.0,13761.0,Uzbekistan,Asia,76.0,33428522.0,49.0,8891.0,2228568.0,73.0
32,2020-06-03,3843.0,83.0,16.0,1.0,3014.0,813.0,11.0,115.0,0.5,460000.0,13760.0,Uzbekistan,Asia,76.0,33429848.0,106.0,8699.0,2089366.0,73.0
33,2020-06-04,3939.0,96.0,16.0,-1.0,3087.0,836.0,11.0,118.0,0.5,460000.0,13760.0,Uzbekistan,Asia,75.0,33431174.0,73.0,8487.0,2089448.0,73.0
34,2020-06-05,4007.0,68.0,16.0,-1.0,3247.0,744.0,10.0,120.0,0.5,748555.0,22390.0,Uzbekistan,Asia,75.0,33432499.0,160.0,8344.0,2089531.0,45.0
35,2020-06-06,4064.0,57.0,17.0,1.0,3268.0,779.0,13.0,122.0,0.5,748555.0,22389.0,Uzbekistan,Asia,74.0,33433825.0,21.0,8227.0,1966696.0,45.0
36,2020-06-07,4331.0,237.0,17.0,-1.0,3354.0,960.0,13.0,130.0,0.5,748555.0,22388.0,Uzbekistan,Asia,71.0,33435151.0,86.0,7720.0,1966774.0,45.0
37,2020-06-08,4440.0,109.0,18.0,1.0,3357.0,1065.0,7.0,133.0,0.5,748555.0,22387.0,Uzbekistan,Asia,71.0,33436477.0,3.0,7531.0,1857582.0,45.0
38,2020-06-09,4520.0,80.0,18.0,-1.0,3459.0,1043.0,9.0,135.0,0.5,748555.0,22386.0,Uzbekistan,Asia,71.0,33437803.0,102.0,7398.0,1857656.0,45.0
39,2020-06-10,4623.0,103.0,19.0,1.0,3532.0,1072.0,9.0,138.0,0.6,748555.0,22386.0,Uzbekistan,Asia,72.0,33439129.0,73.0,7233.0,1759954.0,45.0
40,2020-06-11,4741.0,118.0,19.0,-1.0,3637.0,1085.0,11.0,142.0,0.6,748555.0,22385.0,Uzbekistan,Asia,72.0,33440454.0,105.0,7053.0,1760024.0,45.0
41,2020-06-12,4869.0,128.0,19.0,-1.0,3700.0,1150.0,14.0,146.0,0.6,748555.0,22384.0,Uzbekistan,Asia,72.0,33441780.0,63.0,6868.0,1760094.0,45.0
42,2020-06-13,4966.0,97.0,19.0,-1.0,3874.0,1073.0,16.0,148.0,0.6,748555.0,22383.0,Uzbekistan,Asia,73.0,33443106.0,116.0,6734.0,1760163.0,45.0
43,2020-06-14,5080.0,114.0,19.0,-1.0,3943.0,1118.0,16.0,152.0,0.6,748555.0,22382.0,Uzbekistan,Asia,73.0,33444432.0,69.0,6584.0,1760233.0,45.0
44,2020-06-15,5263.0,183.0,19.0,-1.0,4019.0,1225.0,17.0,157.0,0.6,748555.0,22381.0,Uzbekistan,Asia,72.0,33445758.0,76.0,6355.0,1760303.0,45.0
45,2020-06-16,5493.0,230.0,19.0,-1.0,4096.0,1378.0,16.0,164.0,0.6,748555.0,22380.0,Uzbekistan,Asia,72.0,33447084.0,77.0,6089.0,1760373.0,45.0
46,2020-06-17,5682.0,189.0,19.0,-1.0,4131.0,1532.0,13.0,170.0,0.6,748555.0,22379.0,Uzbekistan,Asia,71.0,33448409.0,35.0,5887.0,1760443.0,45.0
47,2020-06-18,5730.0,48.0,19.0,-1.0,4166.0,1545.0,12.0,171.0,0.6,748555.0,22379.0,Uzbekistan,Asia,72.0,33449735.0,35.0,5838.0,1760512.0,45.0
48,2020-06-19,5920.0,153.0,19.0,-1.0,4273.0,1628.0,12.0,177.0,0.6,748555.0,22378.0,Uzbekistan,Asia,72.0,33451061.0,107.0,5651.0,1760582.0,45.0
49,2020-06-20,6153.0,207.0,19.0,-1.0,4290.0,1844.0,16.0,184.0,0.6,748555.0,22376.0,Uzbekistan,Asia,72.0,33453713.0,17.0,5437.0,1760722.0,45.0
50,2020-06-21,6315.0,162.0,19.0,-1.0,4377.0,1919.0,16.0,189.0,0.6,748555.0,22376.0,Uzbekistan,Asia,72.0,33453713.0,87.0,5298.0,1760722.0,45.0
51,2020-06-22,6461.0,146.0,19.0,-1.0,4450.0,1992.0,18.0,193.0,0.6,1038575.0,31044.0,Uzbekistan,Asia,72.0,33455039.0,73.0,5178.0,1760792.0,32.0
52,2020-06-23,6662.0,201.0,19.0,-1.0,4560.0,2083.0,19.0,199.0,0.6,1038575.0,31043.0,Uzbekistan,Asia,72.0,33456364.0,110.0,5022.0,1760861.0,32.0
53,2020-06-24,6901.0,239.0,19.0,-1.0,4685.0,2197.0,19.0,206.0,0.6,1038575.0,31041.0,Uzbekistan,Asia,72.0,33457690.0,125.0,4848.0,1760931.0,32.0
54,2020-06-25,7177.0,276.0,20.0,1.0,4877.0,2280.0,19.0,215.0,0.6,1038575.0,31040.0,Uzbekistan,Asia,71.0,33459016.0,192.0,4662.0,1672951.0,32.0
55,2020-06-26,7427.0,250.0,20.0,-1.0,5038.0,2369.0,26.0,222.0,0.6,1121236.0,33509.0,Uzbekistan,Asia,71.0,33460342.0,161.0,4505.0,1673017.0,30.0
56,2020-06-27,7682.0,255.0,20.0,-1.0,5240.0,2422.0,28.0,230.0,0.6,1121236.0,33508.0,Uzbekistan,Asia,70.0,33461668.0,202.0,4356.0,1673083.0,30.0
57,2020-06-28,7948.0,266.0,22.0,2.0,5329.0,2597.0,25.0,238.0,0.7,1121236.0,33507.0,Uzbekistan,Asia,70.0,33462994.0,89.0,4210.0,1521045.0,30.0
58,2020-06-29,8222.0,274.0,23.0,1.0,5496.0,2703.0,25.0,246.0,0.7,1121236.0,33505.0,Uzbekistan,Asia,70.0,33464319.0,167.0,4070.0,1454970.0,30.0
59,2020-06-30,8503.0,281.0,26.0,3.0,5682.0,2795.0,25.0,254.0,0.8,1121236.0,33504.0,Uzbekistan,Asia,70.0,33465645.0,186.0,3936.0,1287140.0,30.0
60,2020-07-01,8781.0,278.0,26.0,-1.0,5847.0,2908.0,26.0,262.0,0.8,1121236.0,33503.0,Uzbekistan,Asia,69.0,33466971.0,165.0,3811.0,1287191.0,30.0
61,2020-07-02,9078.0,297.0,27.0,1.0,6034.0,3017.0,25.0,271.0,0.8,1121236.0,33501.0,Uzbekistan,Asia,68.0,33468297.0,187.0,3687.0,1239567.0,30.0
62,2020-07-03,9396.0,318.0,29.0,2.0,6251.0,3116.0,24.0,281.0,0.9,1121236.0,33500.0,Uzbekistan,Asia,68.0,33469623.0,217.0,3562.0,1154125.0,30.0
63,2020-07-04,9708.0,312.0,31.0,2.0,6425.0,3252.0,24.0,290.0,0.9,1121236.0,33499.0,Uzbekistan,Asia,67.0,33470949.0,174.0,3448.0,1079708.0,30.0
64,2020-07-05,10020.0,312.0,34.0,3.0,6584.0,3402.0,25.0,299.0,1.0,1121236.0,33497.0,Uzbekistan,Asia,67.0,33472274.0,159.0,3341.0,984479.0,30.0
65,2020-07-06,10362.0,342.0,37.0,3.0,6628.0,3697.0,33.0,310.0,1.0,1121236.0,33496.0,Uzbekistan,Asia,67.0,33473600.0,44.0,3230.0,904692.0,30.0
66,2020-07-07,10587.0,225.0,40.0,3.0,6690.0,3857.0,36.0,316.0,1.0,1121236.0,33495.0,Uzbekistan,Asia,67.0,33474926.0,62.0,3162.0,836873.0,30.0
67,2020-07-08,11092.0,422.0,45.0,5.0,7060.0,3987.0,37.0,331.0,1.0,1121236.0,33493.0,Uzbekistan,Asia,67.0,33476252.0,249.0,3018.0,743917.0,30.0
68,2020-07-09,11447.0,355.0,51.0,6.0,7082.0,4314.0,37.0,342.0,2.0,1121236.0,33492.0,Uzbekistan,Asia,67.0,33477578.0,22.0,2925.0,656423.0,30.0
69,2020-07-10,12027.0,463.0,54.0,3.0,7530.0,4443.0,42.0,359.0,2.0,1121236.0,33491.0,Uzbekistan,Asia,67.0,33478904.0,243.0,2784.0,619980.0,30.0
70,2020-07-11,12513.0,486.0,57.0,3.0,7723.0,4733.0,43.0,374.0,2.0,1121236.0,33489.0,Uzbekistan,Asia,66.0,33480229.0,193.0,2676.0,587372.0,30.0
71,2020-07-12,12997.0,484.0,60.0,3.0,7852.0,5085.0,43.0,388.0,2.0,1377915.0,41153.0,Uzbekistan,Asia,65.0,33482881.0,129.0,2576.0,558048.0,24.0
72,2020-07-13,13591.0,594.0,64.0,4.0,8030.0,5497.0,43.0,406.0,2.0,1377915.0,41153.0,Uzbekistan,Asia,63.0,33482881.0,178.0,2464.0,523170.0,24.0
73,2020-07-14,14085.0,494.0,67.0,3.0,8327.0,5691.0,43.0,421.0,2.0,1377915.0,41151.0,Uzbekistan,Asia,63.0,33484207.0,297.0,2377.0,499764.0,24.0
74,2020-07-15,14581.0,496.0,71.0,4.0,8655.0,5855.0,43.0,435.0,2.0,1377915.0,41150.0,Uzbekistan,Asia,63.0,33485533.0,328.0,2297.0,471627.0,24.0
75,2020-07-16,15066.0,485.0,75.0,4.0,8783.0,6208.0,43.0,450.0,2.0,1377915.0,41148.0,Uzbekistan,Asia,63.0,33486859.0,128.0,2223.0,446491.0,24.0
76,2020-07-17,15607.0,541.0,79.0,4.0,9003.0,6525.0,43.0,466.0,2.0,1377915.0,41146.0,Uzbekistan,Asia,63.0,33488184.0,220.0,2146.0,423901.0,24.0
77,2020-07-18,16186.0,579.0,83.0,4.0,9127.0,6976.0,70.0,483.0,2.0,1377915.0,41145.0,Uzbekistan,Asia,62.0,33489510.0,124.0,2069.0,403488.0,24.0
78,2020-07-19,16607.0,421.0,85.0,2.0,9178.0,7344.0,70.0,496.0,3.0,1377915.0,41143.0,Uzbekistan,Asia,63.0,33490836.0,51.0,2017.0,394010.0,24.0
79,2020-07-20,17149.0,542.0,90.0,5.0,9387.0,7672.0,70.0,512.0,3.0,1377915.0,41141.0,Uzbekistan,Asia,63.0,33492162.0,209.0,1953.0,372135.0,24.0
80,2020-07-21,17881.0,567.0,95.0,5.0,9521.0,8265.0,70.0,534.0,3.0,1377915.0,41140.0,Uzbekistan,Asia,62.0,33493488.0,134.0,1873.0,352563.0,24.0
81,2020-07-22,18379.0,498.0,98.0,3.0,9872.0,8409.0,70.0,549.0,3.0,1377915.0,41138.0,Uzbekistan,Asia,61.0,33494814.0,351.0,1822.0,341784.0,24.0
82,2020-07-23,18868.0,489.0,102.0,4.0,10149.0,8617.0,100.0,563.0,3.0,1377915.0,41135.0,Uzbekistan,Asia,61.0,33497465.0,277.0,1775.0,328407.0,24.0
83,2020-07-24,19360.0,492.0,106.0,4.0,10472.0,8782.0,100.0,578.0,3.0,1377915.0,41135.0,Uzbekistan,Asia,61.0,33497465.0,323.0,1730.0,316014.0,24.0
84,2020-07-25,19952.0,592.0,111.0,5.0,10831.0,9010.0,138.0,596.0,3.0,1377915.0,41133.0,Uzbekistan,Asia,61.0,33498791.0,359.0,1679.0,301791.0,24.0
85,2020-07-26,20531.0,579.0,116.0,5.0,11105.0,9310.0,138.0,613.0,3.0,1377915.0,41132.0,Uzbekistan,Asia,60.0,33500117.0,274.0,1632.0,288794.0,24.0
86,2020-07-27,20952.0,421.0,119.0,3.0,11245.0,9588.0,138.0,625.0,4.0,1377915.0,41130.0,Uzbekistan,Asia,60.0,33501443.0,140.0,1599.0,281525.0,24.0
87,2020-07-28,21699.0,490.0,124.0,3.0,12026.0,9549.0,138.0,648.0,4.0,1377915.0,41127.0,Uzbekistan,Asia,60.0,33504094.0,352.0,1544.0,270194.0,24.0
88,2020-07-29,22585.0,692.0,131.0,5.0,12937.0,9517.0,138.0,674.0,4.0,1377915.0,41127.0,Uzbekistan,Asia,60.0,33504094.0,672.0,1483.0,255756.0,24.0
89,2020-07-30,23271.0,686.0,136.0,5.0,13680.0,9455.0,138.0,695.0,4.0,1377915.0,41125.0,Uzbekistan,Asia,60.0,33505420.0,743.0,1440.0,246363.0,24.0
90,2020-07-31,24009.0,738.0,141.0,5.0,14464.0,9404.0,138.0,717.0,4.0,1377915.0,41124.0,Uzbekistan,Asia,61.0,33506746.0,784.0,1396.0,237636.0,24.0
91,2020-08-01,24783.0,774.0,147.0,6.0,15299.0,9337.0,138.0,740.0,4.0,1377915.0,41122.0,Uzbekistan,Asia,61.0,33508072.0,835.0,1352.0,227946.0,24.0
92,2020-08-02,25336.0,553.0,151.0,4.0,15833.0,9352.0,185.0,756.0,5.0,1377915.0,41120.0,Uzbekistan,Asia,61.0,33509398.0,534.0,1323.0,221917.0,24.0
