,Date,Tot cases,New cases,Tot Deaths,New Deaths,Total Recovered,Active Cases,Serious,Tot C par million,Deaths par million,Total Test,Tot T par million,Country,Continent,index,population,New Recov,col1,col2,col3
0,2020-05-02,6176.0,105.0,103.0,-1.0,4326.0,1747.0,31.0,191.0,3.0,184213.0,5692.0,Malaysia,Asia,,,0.0,,,
1,2020-05-03,6298.0,122.0,105.0,2.0,4413.0,1780.0,27.0,195.0,3.0,195833.0,6051.0,Malaysia,Asia,,,0.0,,,
2,2020-05-04,6353.0,55.0,105.0,-1.0,4484.0,1764.0,28.0,196.0,3.0,205598.0,6352.0,Malaysia,Asia,,,0.0,,,
3,2020-05-05,6383.0,-1.0,106.0,-1.0,4567.0,1710.0,24.0,197.0,3.0,213220.0,6588.0,Malaysia,Asia,,,0.0,,,
4,2020-05-06,6428.0,45.0,107.0,1.0,4702.0,1619.0,22.0,199.0,3.0,222150.0,6864.0,Malaysia,Asia,,,0.0,,,
5,2020-05-07,6467.0,39.0,107.0,-1.0,4776.0,1584.0,19.0,200.0,3.0,231019.0,7138.0,Malaysia,Asia,,,0.0,,,
6,2020-05-08,6535.0,-1.0,107.0,-1.0,4864.0,1564.0,18.0,202.0,3.0,245102.0,7573.0,Malaysia,Asia,,,0.0,,,
7,2020-05-09,6589.0,-1.0,108.0,-1.0,4929.0,1552.0,18.0,204.0,3.0,245102.0,7573.0,Malaysia,Asia,,,0.0,,,
8,2020-05-10,6656.0,67.0,108.0,-1.0,5025.0,1523.0,18.0,206.0,3.0,256937.0,7938.0,Malaysia,Asia,,,0.0,,,
9,2020-05-11,6726.0,70.0,109.0,1.0,5113.0,1504.0,20.0,208.0,3.0,271721.0,8395.0,Malaysia,Asia,,,0.0,,,
10,2020-05-12,6742.0,16.0,109.0,-1.0,5223.0,1410.0,16.0,208.0,3.0,271721.0,8395.0,Malaysia,Asia,,,0.0,,,
11,2020-05-13,6779.0,37.0,111.0,2.0,5281.0,1387.0,16.0,209.0,3.0,271721.0,8395.0,Malaysia,Asia,,,0.0,,,
12,2020-05-14,6819.0,40.0,112.0,1.0,5351.0,1356.0,16.0,211.0,3.0,271721.0,8395.0,Malaysia,Asia,,,0.0,,,
13,2020-05-15,6855.0,36.0,112.0,-1.0,5439.0,1304.0,14.0,212.0,3.0,424306.0,13132.0,Malaysia,Asia,51.0,32311201.0,0.0,,,
14,2020-05-16,6872.0,17.0,113.0,1.0,5512.0,1247.0,13.0,213.0,3.0,434136.0,13436.0,Malaysia,Asia,51.0,32312334.0,0.0,,,
15,2020-05-17,6894.0,22.0,113.0,-1.0,5571.0,1210.0,13.0,213.0,3.0,443263.0,13718.0,Malaysia,Asia,53.0,32313467.0,0.0,,,
16,2020-05-18,6941.0,47.0,113.0,-1.0,5615.0,1213.0,13.0,215.0,3.0,443263.0,13717.0,Malaysia,Asia,55.0,32314600.0,0.0,,,
17,2020-05-19,6978.0,37.0,114.0,1.0,5646.0,1218.0,11.0,216.0,4.0,462257.0,14304.0,Malaysia,Asia,55.0,32315733.0,0.0,,,
18,2020-05-20,7009.0,31.0,114.0,-1.0,5706.0,1189.0,11.0,217.0,4.0,471318.0,14584.0,Malaysia,Asia,55.0,32316866.0,0.0,,,
19,2020-05-21,7059.0,50.0,114.0,-1.0,5796.0,1149.0,10.0,218.0,4.0,481411.0,14896.0,Malaysia,Asia,56.0,32317999.0,0.0,,,
20,2020-05-22,7137.0,78.0,115.0,1.0,5859.0,1163.0,9.0,221.0,4.0,491729.0,15215.0,Malaysia,Asia,55.0,32319132.0,0.0,,,
21,2020-05-23,7185.0,48.0,115.0,-1.0,5912.0,1158.0,9.0,222.0,4.0,500469.0,15485.0,Malaysia,Asia,57.0,32320265.0,0.0,,,
22,2020-05-24,7245.0,60.0,115.0,-1.0,5945.0,1185.0,9.0,224.0,4.0,507682.0,15707.0,Malaysia,Asia,57.0,32321398.0,0.0,,,
23,2020-05-25,7417.0,172.0,115.0,-1.0,5979.0,1323.0,8.0,229.0,4.0,513370.0,15883.0,Malaysia,Asia,57.0,32322531.0,0.0,,,
24,2020-05-26,7604.0,187.0,115.0,-1.0,6041.0,1448.0,8.0,235.0,4.0,519944.0,16086.0,Malaysia,Asia,56.0,32323664.0,0.0,,,
25,2020-05-27,7619.0,-1.0,115.0,-1.0,6083.0,1421.0,8.0,236.0,4.0,519944.0,16084.0,Malaysia,Asia,57.0,32325930.0,0.0,,,
26,2020-05-28,7629.0,10.0,115.0,-1.0,6169.0,1345.0,8.0,236.0,4.0,519944.0,16084.0,Malaysia,Asia,60.0,32325930.0,0.0,,,
27,2020-05-29,7732.0,103.0,115.0,-1.0,6235.0,1382.0,8.0,239.0,4.0,519944.0,16084.0,Malaysia,Asia,59.0,32327063.0,0.0,,,
28,2020-05-30,7762.0,30.0,115.0,-1.0,6330.0,1317.0,9.0,240.0,4.0,546368.0,16901.0,Malaysia,Asia,61.0,32328196.0,0.0,,,
29,2020-05-31,7819.0,57.0,115.0,-1.0,6353.0,1351.0,9.0,242.0,4.0,553183.0,17111.0,Malaysia,Asia,60.0,32329329.0,0.0,,,
30,2020-06-01,7857.0,38.0,115.0,-1.0,6404.0,1338.0,8.0,243.0,4.0,560738.0,17344.0,Malaysia,Asia,60.0,32330462.0,0.0,,,
31,2020-06-02,7877.0,20.0,115.0,-1.0,6470.0,1292.0,6.0,244.0,4.0,560738.0,17343.0,Malaysia,Asia,60.0,32331595.0,66.0,4105.0,281144.0,58.0
32,2020-06-03,7970.0,93.0,115.0,-1.0,6531.0,1324.0,6.0,246.0,4.0,560738.0,17343.0,Malaysia,Asia,61.0,32332728.0,61.0,4057.0,281154.0,58.0
33,2020-06-04,8247.0,277.0,115.0,-1.0,6559.0,1573.0,6.0,255.0,4.0,560738.0,17342.0,Malaysia,Asia,61.0,32333861.0,28.0,3921.0,281164.0,58.0
34,2020-06-05,8266.0,19.0,116.0,1.0,6610.0,1540.0,6.0,256.0,4.0,560738.0,17342.0,Malaysia,Asia,61.0,32334994.0,51.0,3912.0,278750.0,58.0
35,2020-06-06,8303.0,37.0,117.0,1.0,6635.0,1551.0,5.0,257.0,4.0,560738.0,17341.0,Malaysia,Asia,61.0,32336127.0,25.0,3895.0,276377.0,58.0
36,2020-06-07,8322.0,19.0,117.0,-1.0,6674.0,1531.0,5.0,257.0,4.0,560738.0,17340.0,Malaysia,Asia,61.0,32337260.0,39.0,3886.0,276387.0,58.0
37,2020-06-08,8329.0,7.0,117.0,-1.0,6694.0,1518.0,6.0,258.0,4.0,618360.0,19122.0,Malaysia,Asia,61.0,32338393.0,20.0,3883.0,276397.0,52.0
38,2020-06-09,8336.0,7.0,117.0,-1.0,6975.0,1244.0,6.0,258.0,4.0,618360.0,19121.0,Malaysia,Asia,62.0,32339526.0,281.0,3880.0,276406.0,52.0
39,2020-06-10,8338.0,2.0,118.0,1.0,7014.0,1206.0,5.0,258.0,4.0,618360.0,19120.0,Malaysia,Asia,64.0,32340659.0,39.0,3879.0,274073.0,52.0
40,2020-06-11,8369.0,31.0,118.0,-1.0,7065.0,1186.0,5.0,259.0,4.0,618360.0,19120.0,Malaysia,Asia,64.0,32341792.0,51.0,3864.0,274083.0,52.0
41,2020-06-12,8402.0,33.0,119.0,1.0,7168.0,1115.0,4.0,260.0,4.0,618360.0,19119.0,Malaysia,Asia,65.0,32342925.0,103.0,3849.0,271789.0,52.0
42,2020-06-13,8445.0,43.0,120.0,1.0,7311.0,1014.0,4.0,261.0,4.0,618360.0,19118.0,Malaysia,Asia,65.0,32344058.0,143.0,3830.0,269534.0,52.0
43,2020-06-14,8453.0,8.0,121.0,1.0,7346.0,986.0,4.0,261.0,4.0,618360.0,19118.0,Malaysia,Asia,66.0,32345191.0,35.0,3826.0,267316.0,52.0
44,2020-06-15,8494.0,41.0,121.0,-1.0,7400.0,973.0,4.0,263.0,4.0,656210.0,20287.0,Malaysia,Asia,66.0,32346324.0,54.0,3808.0,267325.0,49.0
45,2020-06-16,8505.0,11.0,121.0,-1.0,7733.0,651.0,4.0,263.0,4.0,659632.0,20392.0,Malaysia,Asia,66.0,32347457.0,333.0,3803.0,267334.0,49.0
46,2020-06-17,8515.0,10.0,121.0,-1.0,7873.0,521.0,4.0,263.0,4.0,664334.0,20537.0,Malaysia,Asia,66.0,32348590.0,140.0,3799.0,267344.0,49.0
47,2020-06-18,8529.0,14.0,121.0,-1.0,8000.0,408.0,4.0,264.0,4.0,669589.0,20698.0,Malaysia,Asia,66.0,32349723.0,127.0,3793.0,267353.0,48.0
48,2020-06-19,8535.0,6.0,121.0,-1.0,8070.0,344.0,3.0,264.0,4.0,674551.0,20851.0,Malaysia,Asia,66.0,32350856.0,70.0,3790.0,267362.0,48.0
49,2020-06-20,8556.0,21.0,121.0,-1.0,8146.0,289.0,3.0,264.0,4.0,679826.0,21013.0,Malaysia,Asia,67.0,32353122.0,76.0,3781.0,267381.0,48.0
50,2020-06-21,8572.0,16.0,121.0,-1.0,8156.0,295.0,3.0,265.0,4.0,683968.0,21141.0,Malaysia,Asia,68.0,32353122.0,10.0,3774.0,267381.0,47.0
51,2020-06-22,8587.0,15.0,121.0,-1.0,8177.0,289.0,2.0,265.0,4.0,686905.0,21231.0,Malaysia,Asia,68.0,32354255.0,21.0,3768.0,267391.0,47.0
52,2020-06-23,8590.0,3.0,121.0,-1.0,8186.0,283.0,3.0,265.0,4.0,693603.0,21437.0,Malaysia,Asia,68.0,32355388.0,9.0,3767.0,267400.0,47.0
53,2020-06-24,8596.0,6.0,121.0,-1.0,8231.0,244.0,2.0,266.0,4.0,704336.0,21768.0,Malaysia,Asia,68.0,32356521.0,45.0,3764.0,267409.0,46.0
54,2020-06-25,8600.0,4.0,121.0,-1.0,8271.0,208.0,2.0,266.0,4.0,716178.0,22133.0,Malaysia,Asia,68.0,32357654.0,40.0,3763.0,267419.0,45.0
55,2020-06-26,8606.0,6.0,121.0,-1.0,8294.0,191.0,2.0,266.0,4.0,729116.0,22532.0,Malaysia,Asia,69.0,32358787.0,23.0,3760.0,267428.0,44.0
56,2020-06-27,8616.0,10.0,121.0,-1.0,8308.0,187.0,2.0,266.0,4.0,739458.0,22851.0,Malaysia,Asia,69.0,32359920.0,14.0,3756.0,267437.0,44.0
57,2020-06-28,8634.0,18.0,121.0,-1.0,8318.0,195.0,2.0,267.0,4.0,749950.0,23174.0,Malaysia,Asia,69.0,32361053.0,10.0,3748.0,267447.0,43.0
58,2020-06-29,8637.0,3.0,121.0,-1.0,8334.0,182.0,4.0,267.0,4.0,756171.0,23366.0,Malaysia,Asia,69.0,32362186.0,16.0,3747.0,267456.0,43.0
59,2020-06-30,8639.0,2.0,121.0,-1.0,8354.0,164.0,4.0,267.0,4.0,764999.0,23638.0,Malaysia,Asia,69.0,32363319.0,20.0,3746.0,267465.0,42.0
60,2020-07-01,8640.0,1.0,121.0,-1.0,8375.0,144.0,4.0,267.0,4.0,764999.0,23637.0,Malaysia,Asia,70.0,32364451.0,21.0,3746.0,267475.0,42.0
61,2020-07-02,8643.0,3.0,121.0,-1.0,8437.0,85.0,2.0,267.0,4.0,782638.0,24181.0,Malaysia,Asia,70.0,32365584.0,62.0,3745.0,267484.0,41.0
62,2020-07-03,8648.0,5.0,121.0,-1.0,8446.0,81.0,2.0,267.0,4.0,782638.0,24180.0,Malaysia,Asia,70.0,32366717.0,9.0,3743.0,267494.0,41.0
63,2020-07-04,8658.0,10.0,121.0,-1.0,8461.0,76.0,2.0,267.0,4.0,797796.0,24648.0,Malaysia,Asia,70.0,32367850.0,15.0,3738.0,267503.0,41.0
64,2020-07-05,8663.0,5.0,121.0,-1.0,8465.0,77.0,2.0,268.0,4.0,804518.0,24855.0,Malaysia,Asia,70.0,32368983.0,4.0,3736.0,267512.0,40.0
65,2020-07-06,8668.0,5.0,121.0,-1.0,8476.0,71.0,2.0,268.0,4.0,810057.0,25025.0,Malaysia,Asia,70.0,32370116.0,11.0,3734.0,267522.0,40.0
66,2020-07-07,8674.0,6.0,121.0,-1.0,8481.0,72.0,2.0,268.0,4.0,816118.0,25211.0,Malaysia,Asia,71.0,32371249.0,5.0,3732.0,267531.0,40.0
67,2020-07-08,8677.0,3.0,121.0,-1.0,8486.0,70.0,2.0,268.0,4.0,822646.0,25412.0,Malaysia,Asia,71.0,32372382.0,5.0,3731.0,267540.0,39.0
68,2020-07-09,8683.0,6.0,121.0,-1.0,8499.0,63.0,2.0,268.0,4.0,829988.0,25638.0,Malaysia,Asia,74.0,32373515.0,13.0,3728.0,267550.0,39.0
69,2020-07-10,8696.0,13.0,121.0,-1.0,8511.0,64.0,2.0,269.0,4.0,836255.0,25831.0,Malaysia,Asia,74.0,32374648.0,12.0,3723.0,267559.0,39.0
70,2020-07-11,8704.0,8.0,122.0,1.0,8515.0,67.0,3.0,269.0,4.0,842476.0,26022.0,Malaysia,Asia,75.0,32375781.0,4.0,3720.0,265375.0,38.0
71,2020-07-12,8718.0,14.0,122.0,-1.0,8519.0,77.0,3.0,269.0,4.0,847510.0,26175.0,Malaysia,Asia,75.0,32378047.0,4.0,3714.0,265394.0,38.0
72,2020-07-13,8725.0,7.0,122.0,-1.0,8520.0,83.0,4.0,269.0,4.0,850423.0,26265.0,Malaysia,Asia,75.0,32378047.0,1.0,3711.0,265394.0,38.0
73,2020-07-14,8729.0,4.0,122.0,-1.0,8524.0,83.0,6.0,270.0,4.0,850423.0,26265.0,Malaysia,Asia,75.0,32379180.0,4.0,3709.0,265403.0,38.0
74,2020-07-15,8734.0,5.0,122.0,-1.0,8526.0,86.0,5.0,270.0,4.0,861896.0,26618.0,Malaysia,Asia,76.0,32380313.0,2.0,3707.0,265412.0,38.0
75,2020-07-16,8737.0,3.0,122.0,-1.0,8538.0,77.0,3.0,270.0,4.0,868394.0,26818.0,Malaysia,Asia,76.0,32381446.0,12.0,3706.0,265422.0,37.0
76,2020-07-17,8755.0,18.0,122.0,-1.0,8541.0,92.0,3.0,270.0,4.0,868394.0,26817.0,Malaysia,Asia,78.0,32382579.0,3.0,3699.0,265431.0,37.0
77,2020-07-18,8764.0,9.0,122.0,-1.0,8546.0,96.0,1.0,271.0,4.0,868394.0,26816.0,Malaysia,Asia,78.0,32383712.0,5.0,3695.0,265440.0,37.0
78,2020-07-19,8779.0,15.0,123.0,1.0,8553.0,103.0,2.0,271.0,4.0,889744.0,27474.0,Malaysia,Asia,79.0,32384845.0,7.0,3689.0,263291.0,36.0
79,2020-07-20,8800.0,21.0,123.0,-1.0,8555.0,122.0,3.0,272.0,4.0,889744.0,27473.0,Malaysia,Asia,80.0,32385978.0,2.0,3680.0,263301.0,36.0
80,2020-07-21,8815.0,15.0,123.0,-1.0,8562.0,130.0,4.0,272.0,4.0,902439.0,27864.0,Malaysia,Asia,81.0,32387111.0,7.0,3674.0,263310.0,36.0
81,2020-07-22,8831.0,16.0,123.0,-1.0,8566.0,142.0,5.0,273.0,4.0,902439.0,27863.0,Malaysia,Asia,82.0,32388244.0,4.0,3668.0,263319.0,36.0
82,2020-07-23,8840.0,9.0,123.0,-1.0,8574.0,143.0,5.0,273.0,4.0,916340.0,28290.0,Malaysia,Asia,82.0,32390510.0,8.0,3664.0,263337.0,35.0
83,2020-07-24,8861.0,21.0,123.0,-1.0,8577.0,161.0,5.0,274.0,4.0,925188.0,28564.0,Malaysia,Asia,82.0,32390510.0,3.0,3655.0,263337.0,35.0
84,2020-07-25,8884.0,23.0,123.0,-1.0,8594.0,167.0,5.0,274.0,4.0,925188.0,28563.0,Malaysia,Asia,82.0,32391643.0,17.0,3646.0,263347.0,35.0
85,2020-07-26,8897.0,13.0,124.0,1.0,8600.0,173.0,2.0,275.0,4.0,937645.0,28946.0,Malaysia,Asia,83.0,32392776.0,6.0,3641.0,261232.0,35.0
86,2020-07-27,8904.0,7.0,124.0,-1.0,8601.0,179.0,-1.0,275.0,4.0,937645.0,28945.0,Malaysia,Asia,83.0,32393909.0,1.0,3638.0,261241.0,35.0
87,2020-07-28,8943.0,39.0,124.0,-1.0,8607.0,212.0,1.0,276.0,4.0,937645.0,28943.0,Malaysia,Asia,83.0,32396175.0,6.0,3623.0,261259.0,35.0
88,2020-07-29,8956.0,13.0,124.0,-1.0,8612.0,220.0,2.0,276.0,4.0,955133.0,29483.0,Malaysia,Asia,83.0,32396175.0,5.0,3617.0,261259.0,34.0
89,2020-07-30,8964.0,8.0,124.0,-1.0,8617.0,223.0,3.0,277.0,4.0,963079.0,29727.0,Malaysia,Asia,84.0,32397308.0,5.0,3614.0,261269.0,34.0
90,2020-07-31,8976.0,12.0,125.0,1.0,8644.0,207.0,3.0,277.0,4.0,970644.0,29960.0,Malaysia,Asia,84.0,32398441.0,27.0,3609.0,259188.0,33.0
91,2020-08-01,8985.0,9.0,125.0,-1.0,8647.0,213.0,2.0,277.0,4.0,970644.0,29959.0,Malaysia,Asia,84.0,32399574.0,3.0,3606.0,259197.0,33.0
92,2020-08-02,8999.0,14.0,125.0,-1.0,8664.0,210.0,2.0,278.0,4.0,979178.0,30221.0,Malaysia,Asia,84.0,32400707.0,17.0,3600.0,259206.0,33.0
