,Date,Tot cases,New cases,Tot Deaths,New Deaths,Total Recovered,Active Cases,Serious,Tot C par million,Deaths par million,Total Test,Tot T par million,Country,Continent,index,population,New Recov,col1,col2,col3
0,2020-05-02,10843.0,292.0,831.0,31.0,1665.0,8347.0,-1.0,40.0,3.0,107943.0,395.0,Indonesia,Asia,,,0.0,,,
1,2020-05-03,11192.0,349.0,845.0,14.0,1876.0,8471.0,-1.0,41.0,3.0,112965.0,413.0,Indonesia,Asia,,,0.0,,,
2,2020-05-04,11587.0,395.0,864.0,19.0,1954.0,8769.0,-1.0,42.0,3.0,116861.0,427.0,Indonesia,Asia,,,0.0,,,
3,2020-05-05,12071.0,-1.0,872.0,-1.0,2197.0,9002.0,-1.0,44.0,3.0,121547.0,444.0,Indonesia,Asia,,,0.0,,,
4,2020-05-06,12438.0,367.0,895.0,23.0,2317.0,9226.0,-1.0,45.0,3.0,121547.0,444.0,Indonesia,Asia,,,0.0,,,
5,2020-05-07,12776.0,338.0,930.0,35.0,2381.0,9465.0,-1.0,47.0,3.0,134151.0,490.0,Indonesia,Asia,,,0.0,,,
6,2020-05-08,13112.0,-1.0,943.0,-1.0,2494.0,9675.0,-1.0,48.0,3.0,143781.0,526.0,Indonesia,Asia,,,0.0,,,
7,2020-05-09,13645.0,-1.0,959.0,-1.0,2607.0,10079.0,-1.0,50.0,4.0,150887.0,552.0,Indonesia,Asia,,,0.0,,,
8,2020-05-10,14032.0,387.0,973.0,14.0,2698.0,10361.0,-1.0,51.0,4.0,158273.0,579.0,Indonesia,Asia,,,0.0,,,
9,2020-05-11,14265.0,233.0,991.0,18.0,2881.0,10393.0,-1.0,52.0,4.0,161351.0,590.0,Indonesia,Asia,,,0.0,,,
10,2020-05-12,14749.0,484.0,1007.0,16.0,3063.0,10679.0,-1.0,54.0,4.0,165128.0,604.0,Indonesia,Asia,,,0.0,,,
11,2020-05-13,15438.0,689.0,1028.0,21.0,3287.0,11123.0,-1.0,56.0,4.0,169195.0,619.0,Indonesia,Asia,,,0.0,,,
12,2020-05-14,16006.0,568.0,1043.0,15.0,3518.0,11445.0,-1.0,59.0,4.0,173690.0,635.0,Indonesia,Asia,,,0.0,,,
13,2020-05-15,16496.0,490.0,1076.0,33.0,3803.0,11617.0,-1.0,60.0,4.0,178602.0,654.0,Indonesia,Asia,33.0,273144953.0,0.0,,,
14,2020-05-16,17025.0,529.0,1089.0,13.0,3911.0,12025.0,-1.0,62.0,4.0,182818.0,669.0,Indonesia,Asia,32.0,273152851.0,0.0,,,
15,2020-05-17,17514.0,489.0,1148.0,59.0,4129.0,12237.0,-1.0,64.0,4.0,187965.0,688.0,Indonesia,Asia,32.0,273160748.0,0.0,,,
16,2020-05-18,18010.0,496.0,1191.0,43.0,4324.0,12495.0,-1.0,66.0,4.0,190660.0,698.0,Indonesia,Asia,32.0,273168646.0,0.0,,,
17,2020-05-19,18496.0,486.0,1221.0,30.0,4467.0,12808.0,-1.0,68.0,4.0,202936.0,743.0,Indonesia,Asia,32.0,273176544.0,0.0,,,
18,2020-05-20,19189.0,693.0,1242.0,21.0,4575.0,13372.0,-1.0,70.0,5.0,211883.0,776.0,Indonesia,Asia,32.0,273184442.0,0.0,,,
19,2020-05-21,20162.0,973.0,1278.0,36.0,4838.0,14046.0,-1.0,74.0,5.0,219975.0,805.0,Indonesia,Asia,30.0,273192339.0,0.0,,,
20,2020-05-22,20796.0,634.0,1326.0,48.0,5057.0,14413.0,-1.0,76.0,5.0,229334.0,839.0,Indonesia,Asia,30.0,273200237.0,0.0,,,
21,2020-05-23,21745.0,949.0,1351.0,25.0,5249.0,15145.0,-1.0,80.0,5.0,239740.0,877.0,Indonesia,Asia,30.0,273208135.0,0.0,,,
22,2020-05-24,22271.0,526.0,1372.0,21.0,5402.0,15497.0,-1.0,82.0,5.0,248555.0,910.0,Indonesia,Asia,31.0,273216033.0,0.0,,,
23,2020-05-25,22750.0,479.0,1391.0,19.0,5642.0,15717.0,-1.0,83.0,5.0,256946.0,940.0,Indonesia,Asia,30.0,273223931.0,0.0,,,
24,2020-05-26,23165.0,415.0,1418.0,27.0,5877.0,15870.0,-1.0,85.0,5.0,264098.0,967.0,Indonesia,Asia,31.0,273231828.0,0.0,,,
25,2020-05-27,23851.0,-1.0,1473.0,-1.0,6057.0,16321.0,-1.0,87.0,5.0,278411.0,1019.0,Indonesia,Asia,32.0,273247624.0,0.0,,,
26,2020-05-28,24538.0,687.0,1496.0,23.0,6240.0,16802.0,-1.0,90.0,5.0,289906.0,1061.0,Indonesia,Asia,31.0,273247624.0,0.0,,,
27,2020-05-29,25216.0,678.0,1520.0,24.0,6492.0,17204.0,-1.0,92.0,6.0,300545.0,1100.0,Indonesia,Asia,31.0,273255522.0,0.0,,,
28,2020-05-30,25773.0,557.0,1573.0,53.0,7015.0,17185.0,-1.0,94.0,6.0,311906.0,1141.0,Indonesia,Asia,32.0,273263419.0,0.0,,,
29,2020-05-31,26473.0,700.0,1613.0,40.0,7308.0,17552.0,-1.0,97.0,6.0,323376.0,1183.0,Indonesia,Asia,32.0,273271317.0,0.0,,,
30,2020-06-01,26940.0,467.0,1641.0,28.0,7637.0,17662.0,-1.0,99.0,6.0,333415.0,1220.0,Indonesia,Asia,32.0,273279215.0,0.0,,,
31,2020-06-02,27549.0,609.0,1663.0,22.0,7935.0,17951.0,-1.0,101.0,6.0,342464.0,1253.0,Indonesia,Asia,32.0,273287113.0,298.0,9920.0,164334.0,798.0
32,2020-06-03,28233.0,684.0,1698.0,35.0,8406.0,18129.0,-1.0,103.0,6.0,354434.0,1297.0,Indonesia,Asia,33.0,273295010.0,471.0,9680.0,160951.0,771.0
33,2020-06-04,28818.0,585.0,1721.0,23.0,8892.0,18205.0,-1.0,105.0,6.0,367640.0,1345.0,Indonesia,Asia,33.0,273302908.0,486.0,9484.0,158805.0,743.0
34,2020-06-05,29521.0,703.0,1770.0,49.0,9443.0,18308.0,-1.0,108.0,6.0,380973.0,1394.0,Indonesia,Asia,33.0,273310806.0,551.0,9258.0,154413.0,717.0
35,2020-06-06,30514.0,993.0,1801.0,31.0,9907.0,18806.0,-1.0,112.0,7.0,394068.0,1442.0,Indonesia,Asia,33.0,273318704.0,464.0,8957.0,151759.0,694.0
36,2020-06-07,31186.0,672.0,1851.0,50.0,10498.0,18837.0,-1.0,114.0,7.0,405992.0,1485.0,Indonesia,Asia,32.0,273326601.0,591.0,8764.0,147664.0,673.0
37,2020-06-08,32033.0,847.0,1883.0,32.0,10904.0,19246.0,-1.0,117.0,7.0,412980.0,1511.0,Indonesia,Asia,32.0,273334499.0,406.0,8533.0,145159.0,662.0
38,2020-06-09,33076.0,1043.0,1923.0,40.0,11414.0,19739.0,-1.0,121.0,7.0,429161.0,1570.0,Indonesia,Asia,32.0,273342397.0,510.0,8264.0,142144.0,637.0
39,2020-06-10,34316.0,1240.0,1959.0,36.0,12129.0,20228.0,-1.0,126.0,7.0,446918.0,1635.0,Indonesia,Asia,31.0,273350295.0,715.0,7966.0,139536.0,612.0
40,2020-06-11,35295.0,979.0,2000.0,41.0,12636.0,20659.0,-1.0,129.0,7.0,463620.0,1696.0,Indonesia,Asia,31.0,273358192.0,507.0,7745.0,136679.0,590.0
41,2020-06-12,36406.0,1111.0,2048.0,48.0,13213.0,21145.0,-1.0,133.0,7.0,478953.0,1752.0,Indonesia,Asia,30.0,273366090.0,577.0,7509.0,133480.0,571.0
42,2020-06-13,37420.0,1014.0,2091.0,43.0,13776.0,21553.0,-1.0,137.0,8.0,495527.0,1813.0,Indonesia,Asia,30.0,273373988.0,563.0,7306.0,130738.0,552.0
43,2020-06-14,38277.0,857.0,2134.0,43.0,14531.0,21612.0,-1.0,140.0,8.0,514287.0,1881.0,Indonesia,Asia,30.0,273381886.0,755.0,7142.0,128108.0,532.0
44,2020-06-15,39294.0,1017.0,2198.0,64.0,15123.0,21973.0,-1.0,144.0,8.0,523063.0,1913.0,Indonesia,Asia,30.0,273389783.0,592.0,6958.0,124381.0,523.0
45,2020-06-16,40400.0,1106.0,2231.0,33.0,15703.0,22466.0,-1.0,148.0,8.0,540115.0,1976.0,Indonesia,Asia,30.0,273397681.0,580.0,6767.0,122545.0,506.0
46,2020-06-17,41431.0,1031.0,2276.0,45.0,16243.0,22912.0,-1.0,152.0,8.0,559872.0,2048.0,Indonesia,Asia,29.0,273405579.0,540.0,6599.0,120125.0,488.0
47,2020-06-18,42762.0,1331.0,2339.0,63.0,16798.0,23625.0,-1.0,156.0,9.0,580522.0,2123.0,Indonesia,Asia,29.0,273413477.0,555.0,6394.0,116893.0,471.0
48,2020-06-19,43803.0,1041.0,2373.0,34.0,17349.0,24081.0,-1.0,160.0,9.0,601239.0,2199.0,Indonesia,Asia,29.0,273421374.0,551.0,6242.0,115222.0,455.0
49,2020-06-20,45029.0,1226.0,2429.0,56.0,17883.0,24717.0,-1.0,165.0,9.0,621156.0,2272.0,Indonesia,Asia,28.0,273437170.0,534.0,6072.0,112572.0,440.0
50,2020-06-21,45891.0,862.0,2465.0,36.0,18404.0,25022.0,-1.0,168.0,9.0,639385.0,2338.0,Indonesia,Asia,28.0,273437170.0,521.0,5958.0,110928.0,428.0
51,2020-06-22,46845.0,954.0,2500.0,35.0,18735.0,25610.0,-1.0,171.0,9.0,650311.0,2378.0,Indonesia,Asia,28.0,273445068.0,331.0,5837.0,109378.0,420.0
52,2020-06-23,47896.0,1051.0,2535.0,35.0,19241.0,26120.0,-1.0,175.0,9.0,668219.0,2444.0,Indonesia,Asia,28.0,273452965.0,506.0,5709.0,107871.0,409.0
53,2020-06-24,49009.0,1113.0,2573.0,38.0,19658.0,26778.0,-1.0,179.0,9.0,689452.0,2521.0,Indonesia,Asia,28.0,273460863.0,417.0,5580.0,106281.0,397.0
54,2020-06-25,50187.0,1178.0,2620.0,47.0,20449.0,27118.0,-1.0,184.0,10.0,708962.0,2592.0,Indonesia,Asia,28.0,273468761.0,791.0,5449.0,104377.0,386.0
55,2020-06-26,51427.0,1240.0,2683.0,63.0,21333.0,27411.0,-1.0,188.0,10.0,731781.0,2676.0,Indonesia,Asia,28.0,273476659.0,884.0,5318.0,101929.0,374.0
56,2020-06-27,52812.0,1385.0,2720.0,37.0,21909.0,28183.0,-1.0,193.0,10.0,753370.0,2755.0,Indonesia,Asia,28.0,273484557.0,576.0,5178.0,100546.0,363.0
57,2020-06-28,54010.0,1198.0,2754.0,34.0,22936.0,28320.0,-1.0,197.0,10.0,770600.0,2818.0,Indonesia,Asia,28.0,273492454.0,1027.0,5064.0,99307.0,355.0
58,2020-06-29,55092.0,1082.0,2805.0,51.0,23800.0,28487.0,-1.0,201.0,10.0,782383.0,2861.0,Indonesia,Asia,28.0,273500352.0,864.0,4964.0,97505.0,350.0
59,2020-06-30,56385.0,1293.0,2876.0,71.0,24806.0,28703.0,-1.0,206.0,11.0,803898.0,2939.0,Indonesia,Asia,28.0,273508250.0,1006.0,4851.0,95100.0,340.0
60,2020-07-01,57770.0,1385.0,2934.0,58.0,25595.0,29241.0,-1.0,211.0,11.0,825636.0,3019.0,Indonesia,Asia,27.0,273516148.0,789.0,4735.0,93223.0,331.0
61,2020-07-02,59394.0,1624.0,2987.0,53.0,26667.0,29740.0,-1.0,217.0,11.0,849155.0,3104.0,Indonesia,Asia,28.0,273524045.0,1072.0,4605.0,91571.0,322.0
62,2020-07-03,60695.0,1301.0,3036.0,49.0,27568.0,30091.0,-1.0,222.0,11.0,871436.0,3186.0,Indonesia,Asia,27.0,273531943.0,901.0,4507.0,90096.0,314.0
63,2020-07-04,62142.0,1447.0,3089.0,53.0,28219.0,30834.0,-1.0,227.0,11.0,894428.0,3270.0,Indonesia,Asia,26.0,273539841.0,651.0,4402.0,88553.0,306.0
64,2020-07-05,63749.0,1607.0,3171.0,82.0,29105.0,31473.0,-1.0,233.0,12.0,915482.0,3347.0,Indonesia,Asia,25.0,273547739.0,886.0,4291.0,86265.0,299.0
65,2020-07-06,64958.0,1209.0,3241.0,70.0,29919.0,31798.0,-1.0,237.0,12.0,928238.0,3393.0,Indonesia,Asia,25.0,273555636.0,814.0,4211.0,84405.0,295.0
66,2020-07-07,66226.0,1268.0,3309.0,68.0,30785.0,32132.0,-1.0,242.0,12.0,946054.0,3458.0,Indonesia,Asia,25.0,273563534.0,866.0,4131.0,82673.0,289.0
67,2020-07-08,68079.0,1853.0,3359.0,50.0,31585.0,33135.0,-1.0,249.0,12.0,968237.0,3539.0,Indonesia,Asia,25.0,273571432.0,800.0,4018.0,81444.0,283.0
68,2020-07-09,70736.0,2657.0,3417.0,58.0,32651.0,34668.0,-1.0,259.0,12.0,992069.0,3626.0,Indonesia,Asia,25.0,273579330.0,1066.0,3868.0,80064.0,276.0
69,2020-07-10,72347.0,1611.0,3469.0,52.0,33529.0,35349.0,-1.0,264.0,13.0,1015678.0,3712.0,Indonesia,Asia,26.0,273587227.0,878.0,3782.0,78866.0,269.0
70,2020-07-11,74018.0,1671.0,3535.0,66.0,34719.0,35764.0,-1.0,271.0,13.0,1038988.0,3798.0,Indonesia,Asia,26.0,273595125.0,1190.0,3696.0,77396.0,263.0
71,2020-07-12,75699.0,1681.0,3606.0,71.0,35638.0,36455.0,-1.0,277.0,13.0,1061367.0,3879.0,Indonesia,Asia,25.0,273610921.0,919.0,3614.0,75877.0,258.0
72,2020-07-13,76981.0,1282.0,3656.0,50.0,36689.0,36636.0,-1.0,281.0,13.0,1074467.0,3927.0,Indonesia,Asia,25.0,273610921.0,1051.0,3554.0,74839.0,255.0
73,2020-07-14,78572.0,1591.0,3710.0,54.0,37636.0,37226.0,-1.0,287.0,14.0,1097468.0,4011.0,Indonesia,Asia,25.0,273618818.0,947.0,3482.0,73752.0,249.0
74,2020-07-15,80094.0,1522.0,3797.0,87.0,39050.0,37247.0,-1.0,293.0,14.0,1122339.0,4102.0,Indonesia,Asia,25.0,273626716.0,1414.0,3416.0,72064.0,244.0
75,2020-07-16,81668.0,1574.0,3873.0,76.0,40345.0,37450.0,-1.0,298.0,14.0,1146286.0,4189.0,Indonesia,Asia,25.0,273634614.0,1295.0,3351.0,70652.0,239.0
76,2020-07-17,83130.0,1462.0,3957.0,84.0,41834.0,37339.0,-1.0,304.0,14.0,1175462.0,4296.0,Indonesia,Asia,25.0,273642512.0,1489.0,3292.0,69154.0,233.0
77,2020-07-18,84882.0,1752.0,4016.0,59.0,43268.0,37598.0,-1.0,310.0,15.0,1201014.0,4389.0,Indonesia,Asia,25.0,273650409.0,1434.0,3224.0,68140.0,228.0
78,2020-07-19,86521.0,1639.0,4143.0,127.0,45401.0,36977.0,-1.0,316.0,15.0,1221518.0,4464.0,Indonesia,Asia,25.0,273658307.0,2133.0,3163.0,66053.0,224.0
