,Date,Tot cases,New cases,Tot Deaths,New Deaths,Total Recovered,Active Cases,Serious,Tot C par million,Deaths par million,Total Test,Tot T par million,Country,Continent,index,population,New Recov,col1,col2,col3
0,2020-05-02,108.0,2.0,1.0,-1.0,12.0,95.0,-1.0,93.0,0.9,714.0,615.0,Eswatini,Africa,,,0.0,,,
1,2020-05-03,112.0,4.0,1.0,-1.0,12.0,99.0,-1.0,97.0,0.9,714.0,615.0,Eswatini,Africa,,,0.0,,,
2,2020-05-04,116.0,4.0,1.0,-1.0,12.0,103.0,-1.0,100.0,0.9,714.0,615.0,Eswatini,Africa,,,0.0,,,
3,2020-05-05,119.0,-1.0,1.0,-1.0,12.0,106.0,-1.0,103.0,0.9,714.0,615.0,Eswatini,Africa,,,0.0,,,
4,2020-05-06,123.0,4.0,2.0,1.0,12.0,109.0,-1.0,106.0,2.0,714.0,615.0,Eswatini,Africa,,,0.0,,,
5,2020-05-07,153.0,30.0,2.0,-1.0,12.0,139.0,-1.0,132.0,2.0,714.0,615.0,Eswatini,Africa,,,0.0,,,
6,2020-05-08,159.0,-1.0,2.0,-1.0,12.0,145.0,-1.0,137.0,2.0,714.0,615.0,Eswatini,Africa,,,0.0,,,
7,2020-05-09,163.0,-1.0,2.0,-1.0,14.0,147.0,-1.0,140.0,2.0,714.0,615.0,Eswatini,Africa,,,0.0,,,
8,2020-05-10,163.0,-1.0,2.0,-1.0,14.0,147.0,-1.0,140.0,2.0,714.0,615.0,Eswatini,Africa,,,0.0,,,
9,2020-05-11,175.0,3.0,2.0,-1.0,28.0,145.0,-1.0,151.0,2.0,714.0,615.0,Eswatini,Africa,,,0.0,,,
10,2020-05-12,184.0,9.0,2.0,-1.0,28.0,154.0,-1.0,159.0,2.0,714.0,615.0,Eswatini,Africa,,,0.0,,,
11,2020-05-13,187.0,3.0,2.0,-1.0,48.0,137.0,-1.0,161.0,2.0,2262.0,1950.0,Eswatini,Africa,,,0.0,,,
12,2020-05-14,187.0,-1.0,2.0,-1.0,51.0,134.0,-1.0,161.0,2.0,2262.0,1950.0,Eswatini,Africa,,,0.0,,,
13,2020-05-15,190.0,3.0,2.0,-1.0,66.0,122.0,-1.0,164.0,2.0,4160.0,3591.0,Eswatini,Africa,146.0,1158593.0,0.0,,,
14,2020-05-16,202.0,12.0,2.0,-1.0,72.0,128.0,-1.0,174.0,2.0,4160.0,3590.0,Eswatini,Africa,148.0,1158626.0,0.0,,,
15,2020-05-17,203.0,1.0,2.0,-1.0,73.0,128.0,-1.0,175.0,2.0,4160.0,3590.0,Eswatini,Africa,148.0,1158658.0,0.0,,,
16,2020-05-18,205.0,2.0,2.0,-1.0,78.0,125.0,-1.0,177.0,2.0,4160.0,3590.0,Eswatini,Africa,148.0,1158691.0,0.0,,,
17,2020-05-19,208.0,3.0,2.0,-1.0,87.0,119.0,-1.0,180.0,2.0,4160.0,3590.0,Eswatini,Africa,149.0,1158724.0,0.0,,,
18,2020-05-20,208.0,-1.0,2.0,-1.0,87.0,119.0,-1.0,180.0,2.0,4160.0,3590.0,Eswatini,Africa,149.0,1158757.0,0.0,,,
19,2020-05-21,220.0,3.0,2.0,-1.0,112.0,106.0,-1.0,190.0,2.0,4994.0,4310.0,Eswatini,Africa,148.0,1158790.0,0.0,,,
20,2020-05-22,225.0,5.0,2.0,-1.0,119.0,104.0,-1.0,194.0,2.0,4994.0,4310.0,Eswatini,Africa,148.0,1158822.0,0.0,,,
21,2020-05-23,238.0,13.0,2.0,-1.0,119.0,117.0,-1.0,205.0,2.0,4994.0,4309.0,Eswatini,Africa,148.0,1158855.0,0.0,,,
22,2020-05-24,250.0,12.0,2.0,-1.0,156.0,92.0,-1.0,216.0,2.0,4994.0,4309.0,Eswatini,Africa,148.0,1158888.0,0.0,,,
23,2020-05-25,256.0,6.0,2.0,-1.0,158.0,96.0,-1.0,221.0,2.0,4994.0,4309.0,Eswatini,Africa,149.0,1158921.0,0.0,,,
24,2020-05-26,261.0,5.0,2.0,-1.0,164.0,95.0,-1.0,225.0,2.0,4994.0,4309.0,Eswatini,Africa,149.0,1158954.0,0.0,,,
25,2020-05-27,272.0,-1.0,2.0,-1.0,168.0,102.0,-1.0,235.0,2.0,4994.0,4309.0,Eswatini,Africa,149.0,1159019.0,0.0,,,
26,2020-05-28,279.0,7.0,2.0,-1.0,168.0,109.0,-1.0,241.0,2.0,4994.0,4309.0,Eswatini,Africa,149.0,1159019.0,0.0,,,
27,2020-05-29,279.0,-1.0,2.0,-1.0,168.0,109.0,-1.0,241.0,2.0,4994.0,4309.0,Eswatini,Africa,150.0,1159052.0,0.0,,,
28,2020-05-30,283.0,4.0,2.0,-1.0,168.0,113.0,-1.0,244.0,2.0,4994.0,4309.0,Eswatini,Africa,150.0,1159085.0,0.0,,,
29,2020-05-31,285.0,2.0,2.0,-1.0,189.0,94.0,-1.0,246.0,2.0,4994.0,4308.0,Eswatini,Africa,151.0,1159118.0,0.0,,,
30,2020-06-01,293.0,8.0,3.0,1.0,194.0,96.0,-1.0,253.0,3.0,4994.0,4308.0,Eswatini,Africa,152.0,1159150.0,0.0,,,
31,2020-06-02,294.0,1.0,3.0,-1.0,198.0,93.0,-1.0,254.0,3.0,4994.0,4308.0,Eswatini,Africa,153.0,1159183.0,4.0,3943.0,386394.0,232.0
32,2020-06-03,295.0,1.0,3.0,-1.0,201.0,91.0,2.0,254.0,3.0,6551.0,5651.0,Eswatini,Africa,153.0,1159216.0,3.0,3930.0,386405.0,177.0
33,2020-06-04,300.0,5.0,3.0,-1.0,201.0,96.0,5.0,259.0,3.0,6551.0,5651.0,Eswatini,Africa,153.0,1159249.0,-1.0,3864.0,386416.0,177.0
34,2020-06-05,305.0,5.0,3.0,-1.0,221.0,81.0,5.0,263.0,3.0,6551.0,5651.0,Eswatini,Africa,153.0,1159282.0,20.0,3801.0,386427.0,177.0
35,2020-06-06,322.0,17.0,3.0,-1.0,224.0,95.0,5.0,278.0,3.0,6551.0,5651.0,Eswatini,Africa,153.0,1159314.0,3.0,3600.0,386438.0,177.0
36,2020-06-07,333.0,11.0,3.0,-1.0,225.0,105.0,5.0,287.0,3.0,6551.0,5651.0,Eswatini,Africa,151.0,1159347.0,1.0,3482.0,386449.0,177.0
37,2020-06-08,340.0,7.0,3.0,-1.0,229.0,108.0,5.0,293.0,3.0,6551.0,5650.0,Eswatini,Africa,149.0,1159380.0,4.0,3410.0,386460.0,177.0
38,2020-06-09,371.0,31.0,3.0,-1.0,232.0,136.0,5.0,320.0,3.0,6551.0,5650.0,Eswatini,Africa,149.0,1159413.0,3.0,3125.0,386471.0,177.0
39,2020-06-10,398.0,27.0,3.0,-1.0,236.0,159.0,5.0,343.0,3.0,6551.0,5650.0,Eswatini,Africa,148.0,1159446.0,4.0,2913.0,386482.0,177.0
40,2020-06-11,449.0,51.0,3.0,-1.0,238.0,208.0,5.0,387.0,3.0,6551.0,5650.0,Eswatini,Africa,147.0,1159478.0,2.0,2582.0,386493.0,177.0
41,2020-06-12,472.0,23.0,3.0,-1.0,246.0,223.0,5.0,407.0,3.0,6551.0,5650.0,Eswatini,Africa,147.0,1159511.0,8.0,2457.0,386504.0,177.0
42,2020-06-13,486.0,14.0,3.0,-1.0,247.0,236.0,5.0,419.0,3.0,6551.0,5650.0,Eswatini,Africa,147.0,1159544.0,1.0,2386.0,386515.0,177.0
43,2020-06-14,490.0,4.0,4.0,1.0,249.0,237.0,5.0,423.0,3.0,6551.0,5649.0,Eswatini,Africa,147.0,1159577.0,2.0,2366.0,289894.0,177.0
44,2020-06-15,506.0,16.0,4.0,-1.0,249.0,253.0,5.0,436.0,3.0,6551.0,5649.0,Eswatini,Africa,145.0,1159610.0,-1.0,2292.0,289903.0,177.0
45,2020-06-16,520.0,14.0,4.0,-1.0,259.0,257.0,5.0,448.0,3.0,6551.0,5649.0,Eswatini,Africa,145.0,1159642.0,10.0,2230.0,289911.0,177.0
46,2020-06-17,563.0,43.0,4.0,-1.0,262.0,297.0,5.0,485.0,3.0,6551.0,5649.0,Eswatini,Africa,144.0,1159675.0,3.0,2060.0,289919.0,177.0
47,2020-06-18,586.0,23.0,4.0,-1.0,267.0,315.0,5.0,505.0,3.0,6551.0,5649.0,Eswatini,Africa,144.0,1159708.0,5.0,1979.0,289927.0,177.0
48,2020-06-19,623.0,37.0,4.0,-1.0,276.0,343.0,5.0,537.0,3.0,6551.0,5649.0,Eswatini,Africa,143.0,1159741.0,9.0,1862.0,289935.0,177.0
49,2020-06-20,627.0,4.0,5.0,1.0,285.0,337.0,5.0,541.0,4.0,6551.0,5648.0,Eswatini,Africa,143.0,1159806.0,9.0,1850.0,231961.0,177.0
50,2020-06-21,635.0,8.0,5.0,-1.0,285.0,345.0,5.0,548.0,4.0,6551.0,5648.0,Eswatini,Africa,144.0,1159806.0,-1.0,1826.0,231961.0,177.0
51,2020-06-22,643.0,8.0,6.0,1.0,291.0,346.0,5.0,554.0,5.0,6551.0,5648.0,Eswatini,Africa,145.0,1159839.0,6.0,1804.0,193307.0,177.0
52,2020-06-23,674.0,31.0,7.0,1.0,319.0,348.0,5.0,581.0,6.0,6551.0,5648.0,Eswatini,Africa,142.0,1159872.0,28.0,1721.0,165696.0,177.0
53,2020-06-24,690.0,16.0,7.0,-1.0,331.0,352.0,5.0,595.0,6.0,6551.0,5648.0,Eswatini,Africa,142.0,1159905.0,12.0,1681.0,165701.0,177.0
54,2020-06-25,706.0,16.0,8.0,1.0,347.0,351.0,5.0,609.0,7.0,6551.0,5648.0,Eswatini,Africa,141.0,1159938.0,16.0,1643.0,144992.0,177.0
55,2020-06-26,706.0,-1.0,8.0,-1.0,347.0,351.0,5.0,609.0,7.0,6551.0,5648.0,Eswatini,Africa,141.0,1159970.0,-1.0,1643.0,144996.0,177.0
56,2020-06-27,745.0,17.0,8.0,-1.0,370.0,367.0,5.0,642.0,7.0,6551.0,5647.0,Eswatini,Africa,139.0,1160003.0,3.0,1557.0,145000.0,177.0
57,2020-06-28,781.0,36.0,11.0,3.0,372.0,398.0,5.0,673.0,9.0,11872.0,10234.0,Eswatini,Africa,139.0,1160036.0,2.0,1485.0,105458.0,98.0
58,2020-06-29,795.0,14.0,11.0,-1.0,380.0,404.0,5.0,685.0,9.0,11872.0,10234.0,Eswatini,Africa,140.0,1160069.0,8.0,1459.0,105461.0,98.0
59,2020-06-30,812.0,17.0,11.0,-1.0,408.0,393.0,5.0,700.0,9.0,11872.0,10234.0,Eswatini,Africa,139.0,1160102.0,28.0,1429.0,105464.0,98.0
60,2020-07-01,840.0,28.0,11.0,-1.0,418.0,411.0,5.0,724.0,9.0,11872.0,10233.0,Eswatini,Africa,139.0,1160134.0,10.0,1381.0,105467.0,98.0
61,2020-07-02,873.0,33.0,11.0,-1.0,452.0,410.0,5.0,752.0,9.0,11872.0,10233.0,Eswatini,Africa,138.0,1160167.0,34.0,1329.0,105470.0,98.0
62,2020-07-03,909.0,36.0,13.0,2.0,515.0,381.0,5.0,783.0,11.0,11872.0,10233.0,Eswatini,Africa,137.0,1160200.0,63.0,1276.0,89246.0,98.0
63,2020-07-04,954.0,45.0,13.0,-1.0,535.0,406.0,5.0,822.0,11.0,11872.0,10232.0,Eswatini,Africa,134.0,1160233.0,20.0,1216.0,89249.0,98.0
64,2020-07-05,988.0,34.0,13.0,-1.0,547.0,428.0,5.0,852.0,11.0,11872.0,10232.0,Eswatini,Africa,133.0,1160266.0,12.0,1174.0,89251.0,98.0
65,2020-07-06,1011.0,23.0,13.0,-1.0,564.0,434.0,5.0,871.0,11.0,14247.0,12279.0,Eswatini,Africa,133.0,1160298.0,17.0,1148.0,89254.0,81.0
66,2020-07-07,1056.0,45.0,14.0,1.0,570.0,472.0,5.0,910.0,12.0,14247.0,12278.0,Eswatini,Africa,132.0,1160331.0,6.0,1099.0,82881.0,81.0
67,2020-07-08,1138.0,82.0,14.0,-1.0,588.0,536.0,5.0,981.0,12.0,14247.0,12278.0,Eswatini,Africa,131.0,1160364.0,18.0,1020.0,82883.0,81.0
68,2020-07-09,1213.0,75.0,17.0,3.0,609.0,587.0,5.0,1045.0,15.0,14247.0,12278.0,Eswatini,Africa,127.0,1160397.0,21.0,957.0,68259.0,81.0
69,2020-07-10,1257.0,44.0,18.0,1.0,633.0,606.0,5.0,1083.0,16.0,14247.0,12277.0,Eswatini,Africa,127.0,1160430.0,24.0,923.0,64468.0,81.0
70,2020-07-11,1311.0,54.0,18.0,-1.0,656.0,637.0,5.0,1130.0,16.0,14247.0,12277.0,Eswatini,Africa,126.0,1160462.0,23.0,885.0,64470.0,81.0
71,2020-07-12,1351.0,40.0,20.0,2.0,668.0,663.0,5.0,1164.0,17.0,14247.0,12276.0,Eswatini,Africa,127.0,1160528.0,12.0,859.0,58026.0,81.0
72,2020-07-13,1389.0,38.0,20.0,-1.0,688.0,681.0,5.0,1197.0,17.0,17559.0,15130.0,Eswatini,Africa,126.0,1160528.0,20.0,836.0,58026.0,66.0
73,2020-07-14,1434.0,45.0,20.0,-1.0,695.0,719.0,5.0,1236.0,17.0,17559.0,15130.0,Eswatini,Africa,126.0,1160561.0,7.0,809.0,58028.0,66.0
74,2020-07-15,1434.0,-1.0,20.0,-1.0,695.0,719.0,5.0,1236.0,17.0,17559.0,15129.0,Eswatini,Africa,127.0,1160594.0,-1.0,809.0,58030.0,66.0
75,2020-07-16,1489.0,-1.0,20.0,-1.0,724.0,745.0,5.0,1283.0,17.0,17559.0,15129.0,Eswatini,Africa,126.0,1160626.0,-1.0,779.0,58031.0,66.0
76,2020-07-17,1619.0,67.0,21.0,-1.0,769.0,829.0,5.0,1395.0,18.0,17559.0,15128.0,Eswatini,Africa,125.0,1160659.0,33.0,717.0,55269.0,66.0
77,2020-07-18,1619.0,-1.0,21.0,-1.0,769.0,829.0,5.0,1395.0,18.0,17559.0,15128.0,Eswatini,Africa,125.0,1160692.0,-1.0,717.0,55271.0,66.0
78,2020-07-19,1793.0,64.0,21.0,-1.0,822.0,950.0,5.0,1545.0,18.0,17559.0,15128.0,Eswatini,Africa,124.0,1160725.0,34.0,647.0,55273.0,66.0
79,2020-07-20,1826.0,33.0,23.0,2.0,850.0,953.0,5.0,1573.0,20.0,17559.0,15127.0,Eswatini,Africa,124.0,1160758.0,28.0,636.0,50468.0,66.0
80,2020-07-21,1894.0,68.0,24.0,1.0,855.0,1015.0,5.0,1632.0,21.0,20784.0,17905.0,Eswatini,Africa,124.0,1160790.0,5.0,613.0,48366.0,56.0
81,2020-07-22,1938.0,44.0,25.0,1.0,876.0,1037.0,5.0,1670.0,22.0,20784.0,17905.0,Eswatini,Africa,124.0,1160823.0,21.0,599.0,46433.0,56.0
82,2020-07-23,2021.0,83.0,28.0,3.0,882.0,1111.0,5.0,1741.0,24.0,20784.0,17904.0,Eswatini,Africa,122.0,1160889.0,6.0,574.0,41460.0,56.0
83,2020-07-24,2073.0,52.0,28.0,-1.0,929.0,1116.0,5.0,1786.0,24.0,20784.0,17904.0,Eswatini,Africa,120.0,1160889.0,47.0,560.0,41460.0,56.0
84,2020-07-25,2142.0,69.0,28.0,-1.0,940.0,1174.0,5.0,1845.0,24.0,20784.0,17903.0,Eswatini,Africa,119.0,1160922.0,11.0,542.0,41462.0,56.0
85,2020-07-26,2207.0,65.0,32.0,4.0,986.0,1189.0,5.0,1901.0,28.0,20784.0,17903.0,Eswatini,Africa,119.0,1160954.0,46.0,526.0,36280.0,56.0
86,2020-07-27,2316.0,109.0,34.0,2.0,1025.0,1257.0,5.0,1995.0,29.0,20784.0,17902.0,Eswatini,Africa,118.0,1160987.0,39.0,501.0,34147.0,56.0
87,2020-07-28,2404.0,88.0,39.0,5.0,1025.0,1340.0,5.0,2071.0,34.0,20784.0,17901.0,Eswatini,Africa,117.0,1161053.0,-1.0,483.0,29771.0,56.0
88,2020-07-29,2551.0,147.0,40.0,1.0,1070.0,1441.0,5.0,2197.0,34.0,20784.0,17901.0,Eswatini,Africa,116.0,1161053.0,45.0,455.0,29026.0,56.0
89,2020-07-30,2577.0,26.0,40.0,-1.0,1134.0,1403.0,5.0,2219.0,34.0,20784.0,17900.0,Eswatini,Africa,116.0,1161086.0,64.0,451.0,29027.0,56.0
90,2020-07-31,2648.0,71.0,41.0,1.0,1214.0,1393.0,5.0,2281.0,35.0,20784.0,17900.0,Eswatini,Africa,115.0,1161118.0,80.0,438.0,28320.0,56.0
91,2020-08-01,2706.0,58.0,43.0,2.0,1214.0,1449.0,5.0,2330.0,37.0,20784.0,17899.0,Eswatini,Africa,115.0,1161151.0,-1.0,429.0,27004.0,56.0
92,2020-08-02,2775.0,69.0,43.0,-1.0,1214.0,1518.0,5.0,2390.0,37.0,20784.0,17899.0,Eswatini,Africa,115.0,1161184.0,-1.0,418.0,27004.0,56.0
