,Date,Tot cases,New cases,Tot Deaths,New Deaths,Total Recovered,Active Cases,Serious,Tot C par million,Deaths par million,Total Test,Tot T par million,Country,Continent,index,population,New Recov,col1,col2,col3
0,2020-05-02,1439.0,5.0,94.0,2.0,239.0,1106.0,21.0,692.0,45.0,55020.0,26465.0,Slovenia,Europe,,,0.0,,,
1,2020-05-03,1439.0,-1.0,96.0,2.0,241.0,1102.0,21.0,692.0,46.0,55520.0,26706.0,Slovenia,Europe,,,0.0,,,
2,2020-05-04,1439.0,-1.0,97.0,1.0,241.0,1101.0,20.0,692.0,47.0,57504.0,27660.0,Slovenia,Europe,,,0.0,,,
3,2020-05-05,1445.0,-1.0,98.0,-1.0,244.0,1103.0,17.0,695.0,47.0,57504.0,27660.0,Slovenia,Europe,,,0.0,,,
4,2020-05-06,1448.0,3.0,99.0,1.0,246.0,1103.0,14.0,697.0,48.0,58923.0,28343.0,Slovenia,Europe,,,0.0,,,
5,2020-05-07,1449.0,1.0,99.0,-1.0,247.0,1103.0,13.0,697.0,48.0,59978.0,28850.0,Slovenia,Europe,,,0.0,,,
6,2020-05-08,1450.0,-1.0,100.0,-1.0,252.0,1098.0,12.0,697.0,48.0,59978.0,28850.0,Slovenia,Europe,,,0.0,,,
7,2020-05-09,1454.0,-1.0,101.0,-1.0,255.0,1098.0,10.0,699.0,49.0,62203.0,29921.0,Slovenia,Europe,,,0.0,,,
8,2020-05-10,1457.0,3.0,102.0,1.0,256.0,1099.0,10.0,701.0,49.0,62828.0,30221.0,Slovenia,Europe,,,0.0,,,
9,2020-05-11,1460.0,3.0,102.0,-1.0,256.0,1102.0,10.0,702.0,49.0,63365.0,30480.0,Slovenia,Europe,,,0.0,,,
10,2020-05-12,1461.0,1.0,102.0,-1.0,259.0,1100.0,9.0,703.0,49.0,64547.0,31048.0,Slovenia,Europe,,,0.0,,,
11,2020-05-13,1463.0,2.0,103.0,1.0,260.0,1100.0,9.0,704.0,50.0,65694.0,31600.0,Slovenia,Europe,,,0.0,,,
12,2020-05-14,1464.0,1.0,103.0,-1.0,267.0,1094.0,7.0,704.0,50.0,66678.0,32073.0,Slovenia,Europe,,,0.0,,,
13,2020-05-15,1465.0,1.0,103.0,-1.0,270.0,1092.0,7.0,705.0,50.0,67701.0,32566.0,Slovenia,Europe,88.0,2078902.0,0.0,,,
14,2020-05-16,1465.0,-1.0,103.0,-1.0,272.0,1090.0,6.0,705.0,50.0,68852.0,33119.0,Slovenia,Europe,88.0,2078903.0,0.0,,,
15,2020-05-17,1466.0,1.0,104.0,1.0,273.0,1089.0,5.0,705.0,50.0,69363.0,33365.0,Slovenia,Europe,89.0,2078904.0,0.0,,,
16,2020-05-18,1466.0,-1.0,104.0,-1.0,274.0,1088.0,5.0,705.0,50.0,69842.0,33596.0,Slovenia,Europe,91.0,2078905.0,0.0,,,
17,2020-05-19,1467.0,1.0,104.0,-1.0,1335.0,28.0,5.0,706.0,50.0,70970.0,34138.0,Slovenia,Europe,92.0,2078905.0,0.0,,,
18,2020-05-20,1468.0,1.0,105.0,1.0,1340.0,23.0,4.0,706.0,51.0,73319.0,35268.0,Slovenia,Europe,95.0,2078906.0,0.0,,,
19,2020-05-21,1468.0,-1.0,106.0,1.0,1340.0,22.0,3.0,706.0,51.0,74228.0,35705.0,Slovenia,Europe,95.0,2078907.0,0.0,,,
20,2020-05-22,1468.0,-1.0,106.0,-1.0,1340.0,22.0,3.0,706.0,51.0,75110.0,36130.0,Slovenia,Europe,95.0,2078908.0,0.0,,,
21,2020-05-23,1468.0,-1.0,106.0,-1.0,1340.0,22.0,4.0,706.0,51.0,75110.0,36130.0,Slovenia,Europe,95.0,2078908.0,0.0,,,
22,2020-05-24,1468.0,-1.0,107.0,1.0,1340.0,21.0,4.0,706.0,51.0,75110.0,36130.0,Slovenia,Europe,95.0,2078909.0,0.0,,,
23,2020-05-25,1469.0,1.0,107.0,-1.0,1346.0,16.0,3.0,707.0,51.0,76384.0,36742.0,Slovenia,Europe,95.0,2078910.0,0.0,,,
24,2020-05-26,1469.0,-1.0,108.0,1.0,1346.0,15.0,2.0,707.0,52.0,77138.0,37105.0,Slovenia,Europe,95.0,2078911.0,0.0,,,
25,2020-05-27,1471.0,-1.0,108.0,-1.0,1354.0,9.0,2.0,708.0,52.0,77947.0,37494.0,Slovenia,Europe,96.0,2078912.0,0.0,,,
26,2020-05-28,1473.0,2.0,108.0,-1.0,1356.0,9.0,2.0,709.0,52.0,78578.0,37798.0,Slovenia,Europe,99.0,2078912.0,0.0,,,
27,2020-05-29,1473.0,-1.0,108.0,-1.0,1357.0,8.0,2.0,709.0,52.0,79284.0,38137.0,Slovenia,Europe,99.0,2078913.0,0.0,,,
28,2020-05-30,1473.0,-1.0,108.0,-1.0,1357.0,8.0,2.0,709.0,52.0,79897.0,38432.0,Slovenia,Europe,100.0,2078914.0,0.0,,,
29,2020-05-31,1473.0,-1.0,108.0,-1.0,1358.0,7.0,2.0,709.0,52.0,79897.0,38432.0,Slovenia,Europe,101.0,2078915.0,0.0,,,
30,2020-06-01,1473.0,-1.0,109.0,1.0,1358.0,6.0,1.0,709.0,52.0,80407.0,38677.0,Slovenia,Europe,102.0,2078915.0,0.0,,,
31,2020-06-02,1475.0,2.0,109.0,-1.0,1358.0,8.0,1.0,710.0,52.0,81066.0,38994.0,Slovenia,Europe,102.0,2078916.0,-1.0,1409.0,19073.0,26.0
32,2020-06-03,1477.0,2.0,109.0,-1.0,1358.0,10.0,-1.0,710.0,52.0,81873.0,39383.0,Slovenia,Europe,103.0,2078917.0,-1.0,1408.0,19073.0,25.0
33,2020-06-04,1477.0,-1.0,109.0,-1.0,1359.0,9.0,-1.0,710.0,52.0,82701.0,39781.0,Slovenia,Europe,103.0,2078918.0,1.0,1408.0,19073.0,25.0
34,2020-06-05,1479.0,2.0,109.0,-1.0,1359.0,11.0,-1.0,711.0,52.0,83529.0,40179.0,Slovenia,Europe,104.0,2078919.0,-1.0,1406.0,19073.0,25.0
35,2020-06-06,1484.0,5.0,109.0,-1.0,1359.0,16.0,-1.0,714.0,52.0,84244.0,40523.0,Slovenia,Europe,105.0,2078919.0,-1.0,1401.0,19073.0,25.0
36,2020-06-07,1485.0,1.0,109.0,-1.0,1359.0,17.0,-1.0,714.0,52.0,84537.0,40664.0,Slovenia,Europe,105.0,2078920.0,-1.0,1400.0,19073.0,25.0
37,2020-06-08,1485.0,-1.0,109.0,-1.0,1359.0,17.0,-1.0,714.0,52.0,84748.0,40765.0,Slovenia,Europe,106.0,2078921.0,-1.0,1400.0,19073.0,25.0
38,2020-06-09,1486.0,1.0,109.0,-1.0,1359.0,18.0,-1.0,715.0,52.0,85562.0,41157.0,Slovenia,Europe,106.0,2078922.0,-1.0,1399.0,19073.0,24.0
39,2020-06-10,1488.0,2.0,109.0,-1.0,1359.0,20.0,-1.0,716.0,52.0,86300.0,41512.0,Slovenia,Europe,106.0,2078922.0,-1.0,1397.0,19073.0,24.0
40,2020-06-11,1488.0,-1.0,109.0,-1.0,1359.0,20.0,-1.0,716.0,52.0,87058.0,41876.0,Slovenia,Europe,107.0,2078923.0,-1.0,1397.0,19073.0,24.0
41,2020-06-12,1490.0,2.0,109.0,-1.0,1359.0,22.0,-1.0,717.0,52.0,87760.0,42214.0,Slovenia,Europe,108.0,2078924.0,-1.0,1395.0,19073.0,24.0
42,2020-06-13,1492.0,2.0,109.0,-1.0,1359.0,24.0,-1.0,718.0,52.0,88463.0,42552.0,Slovenia,Europe,108.0,2078925.0,-1.0,1393.0,19073.0,24.0
43,2020-06-14,1495.0,3.0,109.0,-1.0,1359.0,27.0,-1.0,719.0,52.0,88754.0,42692.0,Slovenia,Europe,109.0,2078926.0,-1.0,1391.0,19073.0,23.0
44,2020-06-15,1496.0,1.0,109.0,-1.0,1359.0,28.0,1.0,720.0,52.0,88966.0,42794.0,Slovenia,Europe,109.0,2078926.0,-1.0,1390.0,19073.0,23.0
45,2020-06-16,1499.0,3.0,109.0,-1.0,1359.0,31.0,1.0,721.0,52.0,89533.0,43067.0,Slovenia,Europe,110.0,2078927.0,-1.0,1387.0,19073.0,23.0
46,2020-06-17,1503.0,4.0,109.0,-1.0,1359.0,35.0,1.0,723.0,52.0,90519.0,43541.0,Slovenia,Europe,112.0,2078928.0,-1.0,1383.0,19073.0,23.0
47,2020-06-18,1511.0,8.0,109.0,-1.0,1359.0,43.0,1.0,727.0,52.0,90519.0,43541.0,Slovenia,Europe,111.0,2078929.0,-1.0,1376.0,19073.0,23.0
48,2020-06-19,1513.0,2.0,109.0,-1.0,1359.0,45.0,1.0,728.0,52.0,91421.0,43975.0,Slovenia,Europe,112.0,2078929.0,-1.0,1374.0,19073.0,23.0
49,2020-06-20,1519.0,6.0,109.0,-1.0,1359.0,51.0,1.0,731.0,52.0,93520.0,44985.0,Slovenia,Europe,113.0,2078931.0,-1.0,1369.0,19073.0,22.0
50,2020-06-21,1520.0,1.0,109.0,-1.0,1376.0,35.0,1.0,731.0,52.0,94278.0,45349.0,Slovenia,Europe,114.0,2078931.0,17.0,1368.0,19073.0,22.0
51,2020-06-22,1521.0,1.0,109.0,-1.0,1376.0,36.0,1.0,732.0,52.0,94549.0,45480.0,Slovenia,Europe,114.0,2078932.0,-1.0,1367.0,19073.0,22.0
52,2020-06-23,1534.0,13.0,109.0,-1.0,1376.0,49.0,1.0,738.0,52.0,95533.0,45953.0,Slovenia,Europe,114.0,2078933.0,-1.0,1355.0,19073.0,22.0
53,2020-06-24,1541.0,7.0,109.0,-1.0,1376.0,56.0,2.0,741.0,52.0,96755.0,46541.0,Slovenia,Europe,114.0,2078933.0,-1.0,1349.0,19073.0,21.0
54,2020-06-25,1547.0,6.0,109.0,-1.0,1376.0,62.0,2.0,744.0,52.0,97967.0,47124.0,Slovenia,Europe,115.0,2078934.0,-1.0,1344.0,19073.0,21.0
55,2020-06-26,1558.0,11.0,109.0,-1.0,1376.0,73.0,2.0,749.0,52.0,98810.0,47529.0,Slovenia,Europe,114.0,2078935.0,-1.0,1334.0,19073.0,21.0
56,2020-06-27,1572.0,14.0,109.0,-1.0,1376.0,87.0,2.0,756.0,52.0,99688.0,47951.0,Slovenia,Europe,116.0,2078936.0,-1.0,1322.0,19073.0,21.0
57,2020-06-28,1581.0,9.0,111.0,2.0,1384.0,86.0,-1.0,760.0,53.0,100313.0,48252.0,Slovenia,Europe,116.0,2078936.0,8.0,1315.0,18729.0,21.0
58,2020-06-29,1585.0,4.0,111.0,-1.0,1384.0,90.0,-1.0,762.0,53.0,100613.0,48396.0,Slovenia,Europe,116.0,2078937.0,-1.0,1312.0,18729.0,21.0
59,2020-06-30,1600.0,15.0,111.0,-1.0,1384.0,105.0,-1.0,770.0,53.0,101698.0,48918.0,Slovenia,Europe,116.0,2078938.0,-1.0,1299.0,18729.0,20.0
60,2020-07-01,1613.0,13.0,111.0,-1.0,1384.0,118.0,-1.0,776.0,53.0,103097.0,49591.0,Slovenia,Europe,117.0,2078939.0,-1.0,1289.0,18729.0,20.0
61,2020-07-02,1634.0,21.0,111.0,-1.0,1384.0,139.0,-1.0,786.0,53.0,104295.0,50167.0,Slovenia,Europe,116.0,2078940.0,-1.0,1272.0,18729.0,20.0
62,2020-07-03,1650.0,16.0,111.0,-1.0,1384.0,155.0,-1.0,794.0,53.0,105569.0,50780.0,Slovenia,Europe,116.0,2078940.0,-1.0,1260.0,18729.0,20.0
63,2020-07-04,1679.0,29.0,111.0,-1.0,1384.0,184.0,-1.0,808.0,53.0,105652.0,50820.0,Slovenia,Europe,116.0,2078941.0,-1.0,1238.0,18729.0,20.0
64,2020-07-05,1700.0,21.0,111.0,-1.0,1384.0,205.0,-1.0,818.0,53.0,105652.0,50820.0,Slovenia,Europe,116.0,2078942.0,-1.0,1223.0,18729.0,20.0
65,2020-07-06,1716.0,16.0,111.0,-1.0,1384.0,221.0,-1.0,825.0,53.0,107736.0,51822.0,Slovenia,Europe,117.0,2078943.0,-1.0,1212.0,18729.0,19.0
66,2020-07-07,1739.0,23.0,111.0,-1.0,1423.0,205.0,-1.0,836.0,53.0,109596.0,52717.0,Slovenia,Europe,118.0,2078943.0,39.0,1195.0,18729.0,19.0
67,2020-07-08,1763.0,24.0,111.0,-1.0,1429.0,223.0,-1.0,848.0,53.0,111203.0,53490.0,Slovenia,Europe,119.0,2078944.0,6.0,1179.0,18729.0,19.0
68,2020-07-09,1776.0,13.0,111.0,-1.0,1429.0,236.0,-1.0,854.0,53.0,112474.0,54101.0,Slovenia,Europe,119.0,2078945.0,-1.0,1171.0,18729.0,18.0
69,2020-07-10,1793.0,17.0,111.0,-1.0,1429.0,253.0,-1.0,862.0,53.0,113864.0,54770.0,Slovenia,Europe,118.0,2078946.0,-1.0,1159.0,18729.0,18.0
70,2020-07-11,1827.0,34.0,111.0,-1.0,1429.0,287.0,-1.0,879.0,53.0,115023.0,55328.0,Slovenia,Europe,119.0,2078947.0,-1.0,1138.0,18729.0,18.0
71,2020-07-12,1841.0,14.0,111.0,-1.0,1469.0,261.0,-1.0,886.0,53.0,115583.0,55597.0,Slovenia,Europe,119.0,2078948.0,-1.0,1129.0,18729.0,18.0
72,2020-07-13,1849.0,8.0,111.0,-1.0,1473.0,265.0,1.0,889.0,53.0,116023.0,55809.0,Slovenia,Europe,118.0,2078948.0,4.0,1124.0,18729.0,18.0
73,2020-07-14,1859.0,10.0,111.0,-1.0,1488.0,260.0,1.0,894.0,53.0,117241.0,56394.0,Slovenia,Europe,118.0,2078949.0,15.0,1118.0,18729.0,18.0
74,2020-07-15,1878.0,19.0,111.0,-1.0,1501.0,266.0,1.0,903.0,53.0,118353.0,56929.0,Slovenia,Europe,118.0,2078950.0,13.0,1107.0,18729.0,18.0
75,2020-07-16,1897.0,19.0,111.0,-1.0,1522.0,264.0,1.0,912.0,53.0,119385.0,57426.0,Slovenia,Europe,118.0,2078950.0,21.0,1096.0,18729.0,17.0
76,2020-07-17,1916.0,19.0,111.0,-1.0,1522.0,283.0,1.0,922.0,53.0,120397.0,57912.0,Slovenia,Europe,119.0,2078951.0,-1.0,1085.0,18729.0,17.0
77,2020-07-18,1940.0,24.0,111.0,-1.0,1568.0,261.0,2.0,933.0,53.0,121424.0,58406.0,Slovenia,Europe,119.0,2078952.0,46.0,1072.0,18729.0,17.0
78,2020-07-19,1946.0,6.0,112.0,1.0,1568.0,266.0,2.0,936.0,54.0,121904.0,58637.0,Slovenia,Europe,119.0,2078953.0,-1.0,1068.0,18562.0,17.0
