,Date,Tot cases,New cases,Tot Deaths,New Deaths,Total Recovered,Active Cases,Serious,Tot C par million,Deaths par million,Total Test,Tot T par million,Country,Continent,index,population,New Recov,col1,col2,col3
0,2020-05-02,1894.0,40.0,25.0,-1.0,1411.0,458.0,17.0,187.0,2.0,152597.0,15050.0,Azerbaijan,Asia,,,0.0,,,
1,2020-05-03,1932.0,38.0,25.0,-1.0,1441.0,466.0,17.0,191.0,2.0,157932.0,15576.0,Azerbaijan,Asia,,,0.0,,,
2,2020-05-04,1984.0,52.0,26.0,1.0,1480.0,478.0,18.0,196.0,3.0,157932.0,15576.0,Azerbaijan,Asia,,,0.0,,,
3,2020-05-05,2060.0,-1.0,26.0,-1.0,1508.0,526.0,18.0,203.0,3.0,164481.0,16222.0,Azerbaijan,Asia,,,0.0,,,
4,2020-05-06,2127.0,67.0,28.0,2.0,1536.0,563.0,18.0,210.0,3.0,169790.0,16746.0,Azerbaijan,Asia,,,0.0,,,
5,2020-05-07,2204.0,77.0,28.0,-1.0,1551.0,625.0,18.0,217.0,3.0,175910.0,17350.0,Azerbaijan,Asia,,,0.0,,,
6,2020-05-08,2279.0,-1.0,28.0,-1.0,1576.0,675.0,18.0,225.0,3.0,181530.0,17904.0,Azerbaijan,Asia,,,0.0,,,
7,2020-05-09,2422.0,-1.0,31.0,-1.0,1620.0,771.0,29.0,239.0,3.0,188950.0,18636.0,Azerbaijan,Asia,,,0.0,,,
8,2020-05-10,2519.0,97.0,32.0,1.0,1650.0,837.0,33.0,248.0,3.0,193411.0,19076.0,Azerbaijan,Asia,,,0.0,,,
9,2020-05-11,2589.0,70.0,32.0,-1.0,1680.0,877.0,33.0,255.0,3.0,193411.0,19076.0,Azerbaijan,Asia,,,0.0,,,
10,2020-05-12,2693.0,104.0,33.0,1.0,1680.0,980.0,28.0,266.0,3.0,202282.0,19951.0,Azerbaijan,Asia,,,0.0,,,
11,2020-05-13,2758.0,65.0,35.0,2.0,1789.0,934.0,30.0,272.0,3.0,208546.0,20568.0,Azerbaijan,Asia,,,0.0,,,
12,2020-05-14,2879.0,121.0,35.0,-1.0,1833.0,1011.0,29.0,284.0,3.0,214291.0,21135.0,Azerbaijan,Asia,,,0.0,,,
13,2020-05-15,2980.0,101.0,36.0,1.0,1886.0,1058.0,37.0,294.0,4.0,220363.0,21759.0,Azerbaijan,Asia,68.0,10127290.0,0.0,,,
14,2020-05-16,3138.0,158.0,36.0,-1.0,1944.0,1158.0,37.0,310.0,4.0,226005.0,22316.0,Azerbaijan,Asia,67.0,10127539.0,0.0,,,
15,2020-05-17,3274.0,136.0,39.0,3.0,2015.0,1220.0,37.0,323.0,4.0,232077.0,22915.0,Azerbaijan,Asia,67.0,10127789.0,0.0,,,
16,2020-05-18,3387.0,113.0,40.0,1.0,2055.0,1292.0,37.0,334.0,4.0,235910.0,23293.0,Azerbaijan,Asia,67.0,10128038.0,0.0,,,
17,2020-05-19,3518.0,131.0,41.0,1.0,2198.0,1279.0,37.0,347.0,4.0,240220.0,23718.0,Azerbaijan,Asia,68.0,10128288.0,0.0,,,
18,2020-05-20,3631.0,113.0,43.0,2.0,2253.0,1335.0,46.0,358.0,4.0,245609.0,24249.0,Azerbaijan,Asia,66.0,10128537.0,0.0,,,
19,2020-05-21,3749.0,118.0,44.0,1.0,2340.0,1365.0,42.0,370.0,4.0,252496.0,24929.0,Azerbaijan,Asia,67.0,10128787.0,0.0,,,
20,2020-05-22,3855.0,106.0,46.0,2.0,2399.0,1410.0,42.0,381.0,5.0,252496.0,24928.0,Azerbaijan,Asia,67.0,10129036.0,0.0,,,
21,2020-05-23,3982.0,127.0,49.0,3.0,2506.0,1427.0,42.0,393.0,5.0,265067.0,26168.0,Azerbaijan,Asia,67.0,10129286.0,0.0,,,
22,2020-05-24,4122.0,140.0,49.0,-1.0,2607.0,1466.0,42.0,407.0,5.0,270739.0,26728.0,Azerbaijan,Asia,66.0,10129535.0,0.0,,,
23,2020-05-25,4271.0,149.0,51.0,2.0,2741.0,1479.0,42.0,422.0,5.0,273411.0,26991.0,Azerbaijan,Asia,66.0,10129784.0,0.0,,,
24,2020-05-26,4403.0,132.0,52.0,1.0,2819.0,1532.0,42.0,435.0,5.0,273411.0,26990.0,Azerbaijan,Asia,66.0,10130034.0,0.0,,,
25,2020-05-27,4568.0,-1.0,54.0,-1.0,2897.0,1617.0,42.0,451.0,5.0,280663.0,27705.0,Azerbaijan,Asia,66.0,10130533.0,0.0,,,
26,2020-05-28,4759.0,191.0,56.0,2.0,3022.0,1681.0,42.0,470.0,6.0,284669.0,28100.0,Azerbaijan,Asia,66.0,10130533.0,0.0,,,
27,2020-05-29,4989.0,230.0,58.0,2.0,3125.0,1806.0,42.0,492.0,6.0,284669.0,28099.0,Azerbaijan,Asia,66.0,10130782.0,0.0,,,
28,2020-05-30,5246.0,257.0,61.0,3.0,3327.0,1858.0,42.0,518.0,6.0,294264.0,29046.0,Azerbaijan,Asia,66.0,10131032.0,0.0,,,
29,2020-05-31,5494.0,248.0,63.0,2.0,3428.0,2003.0,42.0,542.0,6.0,294264.0,29045.0,Azerbaijan,Asia,66.0,10131281.0,0.0,,,
30,2020-06-01,5662.0,168.0,68.0,5.0,3508.0,2086.0,42.0,559.0,7.0,302933.0,29900.0,Azerbaijan,Asia,66.0,10131531.0,0.0,,,
31,2020-06-02,5935.0,273.0,71.0,3.0,3564.0,2300.0,42.0,586.0,7.0,309901.0,30587.0,Azerbaijan,Asia,66.0,10131780.0,56.0,1707.0,142701.0,33.0
32,2020-06-03,6260.0,325.0,76.0,5.0,3665.0,2519.0,42.0,618.0,8.0,315527.0,31142.0,Azerbaijan,Asia,66.0,10132029.0,101.0,1619.0,133316.0,32.0
33,2020-06-04,6522.0,262.0,78.0,2.0,3737.0,2707.0,42.0,644.0,8.0,322574.0,31836.0,Azerbaijan,Asia,66.0,10132279.0,72.0,1554.0,129901.0,31.0
34,2020-06-05,6860.0,338.0,82.0,4.0,3871.0,2907.0,66.0,677.0,8.0,328385.0,32409.0,Azerbaijan,Asia,66.0,10132528.0,134.0,1477.0,123567.0,31.0
35,2020-06-06,7239.0,379.0,84.0,2.0,4024.0,3131.0,66.0,714.0,8.0,328385.0,32408.0,Azerbaijan,Asia,65.0,10132778.0,153.0,1400.0,120628.0,31.0
36,2020-06-07,7553.0,314.0,88.0,4.0,4149.0,3316.0,66.0,745.0,9.0,328385.0,32407.0,Azerbaijan,Asia,64.0,10133027.0,125.0,1342.0,115148.0,31.0
37,2020-06-08,7876.0,323.0,93.0,5.0,4377.0,3406.0,66.0,777.0,9.0,343391.0,33887.0,Azerbaijan,Asia,64.0,10133277.0,228.0,1287.0,108960.0,30.0
38,2020-06-09,8191.0,315.0,98.0,5.0,4606.0,3487.0,66.0,808.0,10.0,343391.0,33887.0,Azerbaijan,Asia,64.0,10133526.0,229.0,1237.0,103403.0,30.0
39,2020-06-10,8530.0,339.0,102.0,4.0,4720.0,3708.0,66.0,842.0,10.0,356032.0,35133.0,Azerbaijan,Asia,62.0,10133776.0,114.0,1188.0,99351.0,28.0
40,2020-06-11,8882.0,352.0,108.0,6.0,4930.0,3844.0,66.0,876.0,11.0,362654.0,35786.0,Azerbaijan,Asia,60.0,10134025.0,210.0,1141.0,93834.0,28.0
41,2020-06-12,9218.0,336.0,113.0,5.0,5116.0,3989.0,66.0,910.0,11.0,362654.0,35785.0,Azerbaijan,Asia,60.0,10134274.0,186.0,1099.0,89684.0,28.0
42,2020-06-13,9570.0,352.0,115.0,2.0,5309.0,4146.0,66.0,944.0,11.0,362654.0,35784.0,Azerbaijan,Asia,60.0,10134524.0,193.0,1059.0,88126.0,28.0
43,2020-06-14,9957.0,387.0,119.0,4.0,5583.0,4255.0,66.0,982.0,12.0,362654.0,35783.0,Azerbaijan,Asia,60.0,10134773.0,274.0,1018.0,85166.0,28.0
44,2020-06-15,10324.0,367.0,122.0,3.0,5739.0,4463.0,66.0,1019.0,12.0,386898.0,38174.0,Azerbaijan,Asia,59.0,10135023.0,156.0,982.0,83074.0,26.0
45,2020-06-16,10662.0,338.0,126.0,4.0,5948.0,4588.0,66.0,1052.0,12.0,386898.0,38173.0,Azerbaijan,Asia,59.0,10135272.0,209.0,951.0,80439.0,26.0
46,2020-06-17,10991.0,329.0,133.0,7.0,6075.0,4783.0,66.0,1084.0,13.0,397399.0,39209.0,Azerbaijan,Asia,59.0,10135522.0,127.0,922.0,76207.0,26.0
47,2020-06-18,11329.0,338.0,139.0,6.0,6192.0,4998.0,66.0,1118.0,14.0,403499.0,39809.0,Azerbaijan,Asia,59.0,10135771.0,117.0,895.0,72919.0,25.0
48,2020-06-19,11767.0,438.0,143.0,4.0,6325.0,5299.0,66.0,1161.0,14.0,403499.0,39808.0,Azerbaijan,Asia,59.0,10136021.0,133.0,861.0,70881.0,25.0
49,2020-06-20,12238.0,471.0,148.0,5.0,6516.0,5574.0,66.0,1207.0,15.0,417102.0,41148.0,Azerbaijan,Asia,59.0,10136519.0,191.0,828.0,68490.0,24.0
50,2020-06-21,12729.0,491.0,154.0,6.0,6799.0,5776.0,66.0,1256.0,15.0,417102.0,41148.0,Azerbaijan,Asia,57.0,10136519.0,283.0,796.0,65822.0,24.0
51,2020-06-22,13207.0,478.0,161.0,7.0,7168.0,5878.0,66.0,1303.0,16.0,426394.0,42064.0,Azerbaijan,Asia,55.0,10136769.0,369.0,768.0,62961.0,24.0
52,2020-06-23,13715.0,508.0,167.0,6.0,7503.0,6045.0,66.0,1353.0,16.0,426394.0,42063.0,Azerbaijan,Asia,56.0,10137018.0,335.0,739.0,60701.0,24.0
53,2020-06-24,14305.0,590.0,174.0,7.0,7768.0,6363.0,66.0,1411.0,17.0,441961.0,43598.0,Azerbaijan,Asia,56.0,10137268.0,265.0,709.0,58260.0,23.0
54,2020-06-25,14852.0,547.0,180.0,6.0,8059.0,6613.0,66.0,1465.0,18.0,449235.0,44314.0,Azerbaijan,Asia,55.0,10137517.0,291.0,683.0,56320.0,23.0
55,2020-06-26,15369.0,517.0,187.0,7.0,8364.0,6818.0,66.0,1516.0,18.0,456215.0,45002.0,Azerbaijan,Asia,56.0,10137767.0,305.0,660.0,54213.0,22.0
56,2020-06-27,15890.0,521.0,193.0,6.0,8719.0,6978.0,66.0,1567.0,19.0,461861.0,45557.0,Azerbaijan,Asia,56.0,10138016.0,355.0,638.0,52529.0,22.0
57,2020-06-28,16424.0,534.0,198.0,5.0,9026.0,7200.0,66.0,1620.0,20.0,461861.0,45556.0,Azerbaijan,Asia,55.0,10138266.0,307.0,617.0,51203.0,22.0
58,2020-06-29,16968.0,544.0,206.0,8.0,9369.0,7393.0,66.0,1674.0,20.0,475525.0,46903.0,Azerbaijan,Asia,55.0,10138515.0,343.0,598.0,49216.0,21.0
59,2020-06-30,17524.0,556.0,213.0,7.0,9715.0,7596.0,66.0,1728.0,21.0,482170.0,47557.0,Azerbaijan,Asia,55.0,10138764.0,346.0,579.0,47600.0,21.0
60,2020-07-01,18112.0,588.0,220.0,7.0,10061.0,7831.0,66.0,1786.0,22.0,482170.0,47556.0,Azerbaijan,Asia,53.0,10139014.0,346.0,560.0,46086.0,21.0
61,2020-07-02,18684.0,572.0,228.0,8.0,10425.0,8031.0,66.0,1843.0,22.0,482170.0,47555.0,Azerbaijan,Asia,54.0,10139263.0,364.0,543.0,44470.0,21.0
62,2020-07-03,19267.0,583.0,235.0,7.0,10820.0,8212.0,66.0,1900.0,23.0,502965.0,49604.0,Azerbaijan,Asia,53.0,10139513.0,395.0,526.0,43147.0,20.0
63,2020-07-04,19801.0,534.0,241.0,6.0,11291.0,8269.0,66.0,1953.0,24.0,509811.0,50278.0,Azerbaijan,Asia,53.0,10139762.0,471.0,512.0,42074.0,20.0
64,2020-07-05,20324.0,523.0,250.0,9.0,11742.0,8332.0,66.0,2004.0,25.0,516533.0,50940.0,Azerbaijan,Asia,53.0,10140012.0,451.0,499.0,40560.0,20.0
65,2020-07-06,20837.0,513.0,258.0,8.0,12182.0,8397.0,66.0,2055.0,25.0,522773.0,51554.0,Azerbaijan,Asia,53.0,10140261.0,440.0,487.0,39303.0,19.0
66,2020-07-07,21374.0,537.0,265.0,7.0,12635.0,8474.0,66.0,2108.0,26.0,529875.0,52253.0,Azerbaijan,Asia,53.0,10140510.0,453.0,474.0,38266.0,19.0
67,2020-07-08,21916.0,542.0,274.0,9.0,13100.0,8542.0,66.0,2161.0,27.0,537230.0,52977.0,Azerbaijan,Asia,54.0,10140760.0,465.0,463.0,37010.0,19.0
68,2020-07-09,22464.0,548.0,284.0,10.0,13591.0,8589.0,66.0,2215.0,28.0,537230.0,52976.0,Azerbaijan,Asia,54.0,10141009.0,491.0,451.0,35708.0,19.0
69,2020-07-10,22990.0,526.0,292.0,8.0,14093.0,8605.0,66.0,2267.0,29.0,552311.0,54462.0,Azerbaijan,Asia,54.0,10141259.0,502.0,441.0,34730.0,18.0
70,2020-07-11,23521.0,531.0,298.0,6.0,14607.0,8616.0,66.0,2319.0,29.0,552311.0,54460.0,Azerbaijan,Asia,54.0,10141508.0,514.0,431.0,34032.0,18.0
71,2020-07-12,24041.0,520.0,306.0,8.0,15093.0,8642.0,66.0,2370.0,30.0,568234.0,56028.0,Azerbaijan,Asia,54.0,10142007.0,486.0,422.0,33144.0,18.0
72,2020-07-13,24570.0,529.0,313.0,7.0,15640.0,8617.0,66.0,2423.0,31.0,576249.0,56818.0,Azerbaijan,Asia,54.0,10142007.0,547.0,413.0,32403.0,18.0
73,2020-07-14,25113.0,543.0,319.0,6.0,16150.0,8644.0,66.0,2476.0,31.0,576249.0,56817.0,Azerbaijan,Asia,53.0,10142257.0,510.0,404.0,31794.0,18.0
74,2020-07-15,25672.0,559.0,326.0,7.0,16695.0,8651.0,66.0,2531.0,32.0,592778.0,58445.0,Azerbaijan,Asia,53.0,10142506.0,545.0,395.0,31112.0,17.0
75,2020-07-16,26165.0,493.0,334.0,8.0,17256.0,8575.0,66.0,2580.0,33.0,601500.0,59303.0,Azerbaijan,Asia,52.0,10142755.0,561.0,388.0,30368.0,17.0
76,2020-07-17,26636.0,471.0,341.0,7.0,17805.0,8490.0,66.0,2626.0,34.0,601500.0,59302.0,Azerbaijan,Asia,52.0,10143005.0,549.0,381.0,29745.0,17.0
77,2020-07-18,27133.0,497.0,349.0,8.0,18450.0,8334.0,66.0,2675.0,34.0,619786.0,61103.0,Azerbaijan,Asia,52.0,10143254.0,645.0,374.0,29064.0,16.0
78,2020-07-19,27521.0,388.0,354.0,5.0,18967.0,8200.0,66.0,2713.0,35.0,627881.0,61900.0,Azerbaijan,Asia,53.0,10143504.0,517.0,369.0,28654.0,16.0
