,Date,Tot cases,New cases,Tot Deaths,New Deaths,Total Recovered,Active Cases,Serious,Tot C par million,Deaths par million,Total Test,Tot T par million,Country,Continent,index,population,New Recov,col1,col2,col3
0,2020-05-02,135.0,3.0,-1.0,-1.0,97.0,38.0,1.0,5.0,-1.0,3393.0,123.0,Madagascar,Africa,,,0.0,,,
1,2020-05-03,149.0,14.0,-1.0,-1.0,98.0,51.0,1.0,5.0,-1.0,3611.0,130.0,Madagascar,Africa,,,0.0,,,
2,2020-05-04,149.0,-1.0,-1.0,-1.0,99.0,50.0,1.0,5.0,-1.0,3772.0,136.0,Madagascar,Africa,,,0.0,,,
3,2020-05-05,151.0,-1.0,-1.0,-1.0,101.0,50.0,1.0,5.0,-1.0,3861.0,139.0,Madagascar,Africa,,,0.0,,,
4,2020-05-06,158.0,7.0,-1.0,-1.0,101.0,57.0,1.0,6.0,-1.0,3907.0,141.0,Madagascar,Africa,,,0.0,,,
5,2020-05-07,193.0,35.0,-1.0,-1.0,101.0,92.0,1.0,7.0,-1.0,3968.0,143.0,Madagascar,Africa,,,0.0,,,
6,2020-05-08,193.0,-1.0,-1.0,-1.0,101.0,92.0,1.0,7.0,-1.0,3968.0,143.0,Madagascar,Africa,,,0.0,,,
7,2020-05-09,193.0,-1.0,-1.0,-1.0,101.0,92.0,1.0,7.0,-1.0,3968.0,143.0,Madagascar,Africa,,,0.0,,,
8,2020-05-10,193.0,-1.0,-1.0,-1.0,101.0,92.0,1.0,7.0,-1.0,3968.0,143.0,Madagascar,Africa,,,0.0,,,
9,2020-05-11,193.0,-1.0,-1.0,-1.0,101.0,92.0,1.0,7.0,-1.0,3968.0,143.0,Madagascar,Africa,,,0.0,,,
10,2020-05-12,186.0,-1.0,-1.0,-1.0,101.0,85.0,1.0,7.0,-1.0,3968.0,143.0,Madagascar,Africa,,,0.0,,,
11,2020-05-13,212.0,26.0,-1.0,-1.0,107.0,105.0,1.0,8.0,-1.0,5670.0,205.0,Madagascar,Africa,,,0.0,,,
12,2020-05-14,230.0,18.0,-1.0,-1.0,108.0,122.0,1.0,8.0,-1.0,5670.0,205.0,Madagascar,Africa,,,0.0,,,
13,2020-05-15,230.0,-1.0,-1.0,-1.0,108.0,122.0,1.0,8.0,-1.0,5670.0,205.0,Madagascar,Africa,144.0,27591793.0,0.0,,,
14,2020-05-16,283.0,45.0,-1.0,-1.0,114.0,169.0,3.0,10.0,-1.0,5670.0,205.0,Madagascar,Africa,141.0,27593744.0,0.0,,,
15,2020-05-17,304.0,21.0,1.0,1.0,114.0,189.0,2.0,11.0,0.04,5670.0,205.0,Madagascar,Africa,140.0,27595696.0,0.0,,,
16,2020-05-18,322.0,18.0,1.0,-1.0,119.0,202.0,1.0,12.0,0.04,5670.0,205.0,Madagascar,Africa,141.0,27597647.0,0.0,,,
17,2020-05-19,326.0,4.0,2.0,1.0,119.0,205.0,-1.0,12.0,0.07,5670.0,205.0,Madagascar,Africa,140.0,27599599.0,0.0,,,
18,2020-05-20,371.0,45.0,2.0,-1.0,131.0,238.0,-1.0,13.0,0.07,5670.0,205.0,Madagascar,Africa,134.0,27601550.0,0.0,,,
19,2020-05-21,405.0,34.0,2.0,-1.0,131.0,272.0,1.0,15.0,0.07,5670.0,205.0,Madagascar,Africa,135.0,27603501.0,0.0,,,
20,2020-05-22,448.0,43.0,2.0,-1.0,135.0,311.0,2.0,16.0,0.07,5670.0,205.0,Madagascar,Africa,133.0,27605453.0,0.0,,,
21,2020-05-23,488.0,40.0,2.0,-1.0,138.0,348.0,4.0,18.0,0.07,5670.0,205.0,Madagascar,Africa,132.0,27607404.0,0.0,,,
22,2020-05-24,527.0,39.0,2.0,-1.0,142.0,383.0,6.0,19.0,0.07,5670.0,205.0,Madagascar,Africa,131.0,27609355.0,0.0,,,
23,2020-05-25,542.0,15.0,2.0,-1.0,147.0,393.0,6.0,20.0,0.07,5670.0,205.0,Madagascar,Africa,131.0,27611307.0,0.0,,,
24,2020-05-26,586.0,44.0,2.0,-1.0,147.0,437.0,6.0,21.0,0.07,9340.0,338.0,Madagascar,Africa,129.0,27613258.0,0.0,,,
25,2020-05-27,612.0,-1.0,2.0,-1.0,151.0,459.0,10.0,22.0,0.07,9681.0,351.0,Madagascar,Africa,130.0,27617161.0,0.0,,,
26,2020-05-28,656.0,44.0,2.0,-1.0,154.0,500.0,10.0,24.0,0.07,9848.0,357.0,Madagascar,Africa,129.0,27617161.0,0.0,,,
27,2020-05-29,698.0,42.0,5.0,3.0,164.0,529.0,9.0,25.0,0.2,10249.0,371.0,Madagascar,Africa,128.0,27619112.0,0.0,,,
28,2020-05-30,758.0,60.0,6.0,1.0,165.0,587.0,8.0,27.0,0.2,10249.0,371.0,Madagascar,Africa,125.0,27621064.0,0.0,,,
29,2020-05-31,771.0,13.0,6.0,-1.0,168.0,597.0,8.0,28.0,0.2,10249.0,371.0,Madagascar,Africa,124.0,27623015.0,0.0,,,
30,2020-06-01,826.0,55.0,6.0,-1.0,174.0,646.0,8.0,30.0,0.2,10249.0,371.0,Madagascar,Africa,121.0,27624966.0,0.0,,,
31,2020-06-02,845.0,19.0,6.0,-1.0,185.0,654.0,9.0,31.0,0.2,11954.0,433.0,Madagascar,Africa,122.0,27626918.0,11.0,32695.0,4604486.0,2.0
32,2020-06-03,908.0,63.0,6.0,-1.0,195.0,707.0,9.0,33.0,0.2,11954.0,433.0,Madagascar,Africa,121.0,27628869.0,10.0,30428.0,4604812.0,2.0
33,2020-06-04,957.0,49.0,7.0,1.0,200.0,750.0,9.0,35.0,0.3,12608.0,456.0,Madagascar,Africa,120.0,27630820.0,5.0,28872.0,3947260.0,2.0
34,2020-06-05,975.0,18.0,7.0,-1.0,201.0,767.0,9.0,35.0,0.3,12907.0,467.0,Madagascar,Africa,118.0,27632772.0,1.0,28341.0,3947539.0,2.0
35,2020-06-06,1026.0,51.0,8.0,1.0,212.0,806.0,8.0,37.0,0.3,13230.0,479.0,Madagascar,Africa,117.0,27634723.0,11.0,26934.0,3454340.0,2.0
36,2020-06-07,1052.0,26.0,9.0,1.0,233.0,810.0,9.0,38.0,0.3,13608.0,492.0,Madagascar,Africa,118.0,27636675.0,21.0,26271.0,3070742.0,2.0
37,2020-06-08,1094.0,42.0,9.0,-1.0,254.0,831.0,10.0,40.0,0.3,13707.0,496.0,Madagascar,Africa,117.0,27638626.0,21.0,25264.0,3070958.0,2.0
38,2020-06-09,1138.0,44.0,9.0,-1.0,274.0,855.0,9.0,41.0,0.3,13707.0,496.0,Madagascar,Africa,116.0,27640577.0,20.0,24289.0,3071175.0,2.0
39,2020-06-10,1162.0,24.0,10.0,1.0,296.0,856.0,8.0,42.0,0.4,14525.0,525.0,Madagascar,Africa,116.0,27642529.0,22.0,23789.0,2764253.0,1.0
40,2020-06-11,1203.0,41.0,10.0,-1.0,312.0,881.0,8.0,44.0,0.4,14857.0,537.0,Madagascar,Africa,115.0,27644480.0,16.0,22980.0,2764448.0,1.0
41,2020-06-12,1240.0,37.0,10.0,-1.0,344.0,886.0,10.0,45.0,0.4,15148.0,548.0,Madagascar,Africa,116.0,27646431.0,32.0,22296.0,2764643.0,1.0
42,2020-06-13,1252.0,22.0,10.0,-1.0,362.0,880.0,9.0,45.0,0.4,15495.0,560.0,Madagascar,Africa,116.0,27648383.0,18.0,22083.0,2764838.0,1.0
43,2020-06-14,1272.0,20.0,10.0,-1.0,367.0,895.0,9.0,46.0,0.4,15756.0,570.0,Madagascar,Africa,116.0,27650334.0,5.0,21738.0,2765033.0,1.0
44,2020-06-15,1290.0,18.0,10.0,-1.0,384.0,896.0,9.0,47.0,0.4,15981.0,578.0,Madagascar,Africa,117.0,27652285.0,17.0,21436.0,2765229.0,1.0
45,2020-06-16,1317.0,27.0,12.0,2.0,417.0,888.0,6.0,48.0,0.4,16093.0,582.0,Madagascar,Africa,115.0,27654237.0,33.0,20998.0,2304520.0,1.0
46,2020-06-17,1378.0,61.0,12.0,-1.0,450.0,916.0,8.0,50.0,0.4,16402.0,593.0,Madagascar,Africa,116.0,27656188.0,33.0,20070.0,2304682.0,1.0
47,2020-06-18,1403.0,25.0,13.0,1.0,463.0,927.0,8.0,51.0,0.5,16402.0,593.0,Madagascar,Africa,116.0,27658140.0,13.0,19714.0,2127549.0,1.0
48,2020-06-19,1443.0,40.0,13.0,-1.0,498.0,932.0,6.0,52.0,0.5,17905.0,647.0,Madagascar,Africa,115.0,27660091.0,35.0,19168.0,2127699.0,1.0
49,2020-06-20,1503.0,60.0,13.0,-1.0,618.0,872.0,7.0,54.0,0.5,17905.0,647.0,Madagascar,Africa,115.0,27663994.0,120.0,18406.0,2128000.0,1.0
50,2020-06-21,1596.0,93.0,14.0,1.0,655.0,927.0,9.0,58.0,0.5,18119.0,655.0,Madagascar,Africa,110.0,27663994.0,37.0,17333.0,1976000.0,1.0
51,2020-06-22,1640.0,44.0,15.0,1.0,692.0,933.0,8.0,59.0,0.5,18741.0,677.0,Madagascar,Africa,110.0,27665945.0,37.0,16869.0,1844396.0,1.0
52,2020-06-23,1724.0,84.0,15.0,-1.0,732.0,977.0,11.0,62.0,0.5,19027.0,688.0,Madagascar,Africa,109.0,27667896.0,40.0,16049.0,1844526.0,1.0
53,2020-06-24,1787.0,63.0,16.0,1.0,779.0,992.0,8.0,65.0,0.6,19392.0,701.0,Madagascar,Africa,109.0,27669848.0,47.0,15484.0,1729366.0,1.0
54,2020-06-25,1829.0,42.0,16.0,-1.0,823.0,990.0,26.0,66.0,0.6,19757.0,714.0,Madagascar,Africa,108.0,27671799.0,44.0,15129.0,1729487.0,1.0
55,2020-06-26,1922.0,93.0,16.0,-1.0,862.0,1044.0,20.0,69.0,0.6,20066.0,725.0,Madagascar,Africa,108.0,27673751.0,39.0,14398.0,1729609.0,1.0
56,2020-06-27,2005.0,83.0,16.0,-1.0,907.0,1082.0,21.0,72.0,0.6,20066.0,725.0,Madagascar,Africa,105.0,27675702.0,45.0,13803.0,1729731.0,1.0
57,2020-06-28,2078.0,73.0,18.0,2.0,944.0,1116.0,24.0,75.0,0.7,20964.0,757.0,Madagascar,Africa,105.0,27677653.0,37.0,13319.0,1537647.0,1.0
58,2020-06-29,2138.0,60.0,20.0,2.0,966.0,1152.0,48.0,77.0,0.7,21444.0,775.0,Madagascar,Africa,106.0,27679605.0,22.0,12946.0,1383980.0,1.0
59,2020-06-30,2214.0,76.0,20.0,-1.0,994.0,1200.0,42.0,80.0,0.7,21696.0,784.0,Madagascar,Africa,104.0,27681556.0,28.0,12503.0,1384078.0,1.0
60,2020-07-01,2303.0,89.0,22.0,2.0,1006.0,1275.0,32.0,83.0,0.8,22348.0,807.0,Madagascar,Africa,104.0,27683507.0,12.0,12021.0,1258341.0,1.0
61,2020-07-02,2403.0,100.0,24.0,2.0,1040.0,1339.0,28.0,87.0,0.9,22788.0,823.0,Madagascar,Africa,102.0,27685459.0,34.0,11521.0,1153561.0,1.0
62,2020-07-03,2512.0,109.0,26.0,2.0,1057.0,1429.0,34.0,91.0,0.9,23244.0,840.0,Madagascar,Africa,103.0,27687410.0,17.0,11022.0,1064900.0,1.0
63,2020-07-04,2728.0,216.0,29.0,3.0,1078.0,1621.0,31.0,99.0,1.0,23244.0,839.0,Madagascar,Africa,101.0,27689361.0,21.0,10150.0,954806.0,1.0
64,2020-07-05,2941.0,213.0,32.0,3.0,1108.0,1801.0,33.0,106.0,1.0,23244.0,839.0,Madagascar,Africa,100.0,27691313.0,30.0,9416.0,865354.0,1.0
65,2020-07-06,3250.0,309.0,33.0,1.0,1135.0,2082.0,45.0,117.0,1.0,25286.0,913.0,Madagascar,Africa,96.0,27693264.0,27.0,8521.0,839190.0,1.0
66,2020-07-07,3472.0,222.0,33.0,-1.0,1187.0,2252.0,41.0,125.0,1.0,25864.0,934.0,Madagascar,Africa,96.0,27695216.0,52.0,7977.0,839249.0,1.0
67,2020-07-08,3573.0,101.0,33.0,-1.0,1761.0,1779.0,53.0,129.0,1.0,26160.0,945.0,Madagascar,Africa,96.0,27697167.0,574.0,7752.0,839308.0,1.0
68,2020-07-09,3782.0,209.0,33.0,-1.0,1950.0,1799.0,50.0,137.0,1.0,26688.0,963.0,Madagascar,Africa,95.0,27699118.0,189.0,7324.0,839367.0,1.0
69,2020-07-10,4143.0,361.0,34.0,1.0,2183.0,1926.0,49.0,150.0,1.0,27504.0,993.0,Madagascar,Africa,95.0,27701070.0,233.0,6686.0,814737.0,1.0
70,2020-07-11,4578.0,435.0,34.0,-1.0,2287.0,2257.0,66.0,165.0,1.0,28388.0,1025.0,Madagascar,Africa,93.0,27703021.0,104.0,6051.0,814795.0,976.0
71,2020-07-12,4867.0,289.0,35.0,1.0,2378.0,2454.0,58.0,176.0,1.0,29053.0,1049.0,Madagascar,Africa,93.0,27706924.0,91.0,5693.0,791626.0,954.0
72,2020-07-13,5080.0,213.0,37.0,2.0,2494.0,2549.0,59.0,183.0,1.0,29539.0,1066.0,Madagascar,Africa,91.0,27706924.0,116.0,5454.0,748836.0,938.0
73,2020-07-14,5343.0,263.0,39.0,2.0,2646.0,2658.0,45.0,193.0,1.0,30100.0,1086.0,Madagascar,Africa,91.0,27708875.0,152.0,5186.0,710484.0,921.0
74,2020-07-15,5605.0,262.0,43.0,4.0,2811.0,2751.0,51.0,202.0,2.0,30530.0,1102.0,Madagascar,Africa,90.0,27710827.0,165.0,4944.0,644438.0,908.0
75,2020-07-16,6089.0,484.0,53.0,10.0,2951.0,3085.0,61.0,220.0,2.0,31296.0,1129.0,Madagascar,Africa,90.0,27712778.0,140.0,4551.0,522883.0,886.0
76,2020-07-17,6467.0,378.0,54.0,1.0,3108.0,3305.0,86.0,233.0,2.0,31774.0,1146.0,Madagascar,Africa,88.0,27714729.0,157.0,4286.0,513236.0,872.0
77,2020-07-18,6849.0,382.0,55.0,1.0,3339.0,3455.0,92.0,247.0,2.0,32491.0,1172.0,Madagascar,Africa,86.0,27716681.0,231.0,4047.0,503940.0,853.0
78,2020-07-19,7049.0,200.0,59.0,4.0,3498.0,3492.0,97.0,254.0,2.0,32851.0,1185.0,Madagascar,Africa,86.0,27718632.0,159.0,3932.0,469807.0,844.0
