,Date,Tot cases,New cases,Tot Deaths,New Deaths,Total Recovered,Active Cases,Serious,Tot C par million,Deaths par million,Total Test,Tot T par million,Country,Continent,index,population,New Recov,col1,col2,col3
0,2020-05-02,8.0,-1.0,1.0,-1.0,6.0,1.0,-1.0,2.0,0.2,1032.0,222.0,Mauritania,Africa,,,0.0,,,
1,2020-05-03,8.0,-1.0,1.0,-1.0,6.0,1.0,-1.0,2.0,0.2,1032.0,222.0,Mauritania,Africa,,,0.0,,,
2,2020-05-04,8.0,-1.0,1.0,-1.0,6.0,1.0,-1.0,2.0,0.2,1032.0,222.0,Mauritania,Africa,,,0.0,,,
3,2020-05-05,8.0,-1.0,1.0,-1.0,6.0,1.0,-1.0,2.0,0.2,1032.0,222.0,Mauritania,Africa,,,0.0,,,
4,2020-05-06,8.0,-1.0,1.0,-1.0,6.0,1.0,-1.0,2.0,0.2,1842.0,396.0,Mauritania,Africa,,,0.0,,,
5,2020-05-07,8.0,-1.0,1.0,-1.0,6.0,1.0,-1.0,2.0,0.2,1842.0,396.0,Mauritania,Africa,,,0.0,,,
6,2020-05-08,8.0,-1.0,1.0,-1.0,6.0,1.0,-1.0,2.0,0.2,1842.0,396.0,Mauritania,Africa,,,0.0,,,
7,2020-05-09,8.0,-1.0,1.0,-1.0,6.0,1.0,-1.0,2.0,0.2,1842.0,396.0,Mauritania,Africa,,,0.0,,,
8,2020-05-10,8.0,-1.0,1.0,-1.0,6.0,1.0,-1.0,2.0,0.2,1842.0,396.0,Mauritania,Africa,,,0.0,,,
9,2020-05-11,8.0,-1.0,1.0,-1.0,6.0,1.0,-1.0,2.0,0.2,1842.0,396.0,Mauritania,Africa,,,0.0,,,
10,2020-05-12,8.0,-1.0,1.0,-1.0,6.0,1.0,-1.0,2.0,0.2,2015.0,433.0,Mauritania,Africa,,,0.0,,,
11,2020-05-13,9.0,-1.0,2.0,1.0,6.0,1.0,-1.0,2.0,0.4,2015.0,433.0,Mauritania,Africa,,,0.0,,,
12,2020-05-14,16.0,1.0,2.0,-1.0,6.0,8.0,-1.0,3.0,0.4,2015.0,433.0,Mauritania,Africa,,,0.0,,,
13,2020-05-15,26.0,6.0,2.0,-1.0,7.0,17.0,-1.0,6.0,0.4,2015.0,435.0,Mauritania,Africa,179.0,4632582.0,0.0,,,
14,2020-05-16,40.0,11.0,4.0,1.0,7.0,29.0,-1.0,9.0,0.9,2015.0,435.0,Mauritania,Africa,177.0,4632917.0,0.0,,,
15,2020-05-17,40.0,-1.0,4.0,-1.0,7.0,29.0,-1.0,9.0,0.9,2015.0,435.0,Mauritania,Africa,177.0,4633252.0,0.0,,,
16,2020-05-18,62.0,-1.0,4.0,-1.0,7.0,51.0,-1.0,13.0,0.9,2583.0,557.0,Mauritania,Africa,172.0,4633587.0,0.0,,,
17,2020-05-19,81.0,-1.0,4.0,-1.0,7.0,70.0,-1.0,17.0,0.9,2583.0,557.0,Mauritania,Africa,169.0,4633922.0,0.0,,,
18,2020-05-20,131.0,-1.0,4.0,-1.0,7.0,120.0,-1.0,28.0,0.9,2583.0,557.0,Mauritania,Africa,159.0,4634257.0,0.0,,,
19,2020-05-21,173.0,32.0,4.0,-1.0,7.0,162.0,-1.0,37.0,0.9,2583.0,557.0,Mauritania,Africa,153.0,4634593.0,0.0,,,
20,2020-05-22,200.0,27.0,6.0,1.0,7.0,187.0,-1.0,43.0,1.0,2583.0,557.0,Mauritania,Africa,150.0,4634928.0,0.0,,,
21,2020-05-23,200.0,-1.0,6.0,-1.0,7.0,187.0,-1.0,43.0,1.0,2583.0,557.0,Mauritania,Africa,151.0,4635263.0,0.0,,,
22,2020-05-24,237.0,10.0,6.0,-1.0,15.0,216.0,-1.0,51.0,1.0,2583.0,557.0,Mauritania,Africa,149.0,4635598.0,0.0,,,
23,2020-05-25,262.0,25.0,9.0,3.0,15.0,238.0,-1.0,57.0,2.0,2583.0,557.0,Mauritania,Africa,148.0,4635933.0,0.0,,,
24,2020-05-26,262.0,-1.0,9.0,-1.0,15.0,238.0,-1.0,57.0,2.0,2583.0,557.0,Mauritania,Africa,148.0,4636268.0,0.0,,,
25,2020-05-27,292.0,-1.0,16.0,-1.0,15.0,261.0,-1.0,63.0,3.0,2583.0,557.0,Mauritania,Africa,147.0,4636938.0,0.0,,,
26,2020-05-28,346.0,54.0,19.0,3.0,15.0,312.0,-1.0,75.0,4.0,2583.0,557.0,Mauritania,Africa,143.0,4636938.0,0.0,,,
27,2020-05-29,423.0,77.0,20.0,1.0,21.0,382.0,-1.0,91.0,4.0,2583.0,557.0,Mauritania,Africa,141.0,4637273.0,0.0,,,
28,2020-05-30,483.0,60.0,20.0,-1.0,21.0,442.0,-1.0,104.0,4.0,2583.0,557.0,Mauritania,Africa,135.0,4637608.0,0.0,,,
29,2020-05-31,530.0,47.0,23.0,3.0,27.0,480.0,-1.0,114.0,5.0,7654.0,1650.0,Mauritania,Africa,134.0,4637943.0,0.0,,,
30,2020-06-01,588.0,58.0,23.0,-1.0,27.0,538.0,-1.0,127.0,5.0,7654.0,1650.0,Mauritania,Africa,132.0,4638278.0,0.0,,,
31,2020-06-02,668.0,80.0,31.0,8.0,55.0,582.0,-1.0,144.0,7.0,7654.0,1650.0,Mauritania,Africa,130.0,4638613.0,28.0,6944.0,149633.0,606.0
32,2020-06-03,745.0,77.0,34.0,3.0,57.0,654.0,-1.0,161.0,7.0,7654.0,1650.0,Mauritania,Africa,128.0,4638948.0,2.0,6227.0,136440.0,606.0
33,2020-06-04,784.0,39.0,39.0,5.0,65.0,680.0,-1.0,169.0,8.0,7654.0,1650.0,Mauritania,Africa,127.0,4639283.0,8.0,5917.0,118956.0,606.0
34,2020-06-05,883.0,99.0,43.0,4.0,69.0,771.0,-1.0,190.0,9.0,7654.0,1650.0,Mauritania,Africa,123.0,4639619.0,4.0,5254.0,107898.0,606.0
35,2020-06-06,947.0,64.0,49.0,6.0,104.0,794.0,7.0,204.0,11.0,7654.0,1650.0,Mauritania,Africa,121.0,4639954.0,35.0,4900.0,94693.0,606.0
36,2020-06-07,1049.0,102.0,55.0,6.0,108.0,886.0,7.0,226.0,12.0,7654.0,1649.0,Mauritania,Africa,119.0,4640289.0,4.0,4424.0,84369.0,606.0
37,2020-06-08,1104.0,55.0,59.0,4.0,119.0,926.0,7.0,238.0,13.0,7654.0,1649.0,Mauritania,Africa,116.0,4640624.0,11.0,4203.0,78655.0,606.0
38,2020-06-09,1162.0,58.0,61.0,2.0,139.0,962.0,11.0,250.0,13.0,7654.0,1649.0,Mauritania,Africa,115.0,4640959.0,20.0,3994.0,76081.0,606.0
39,2020-06-10,1283.0,121.0,71.0,10.0,142.0,1070.0,11.0,276.0,15.0,7654.0,1649.0,Mauritania,Africa,113.0,4641294.0,3.0,3618.0,65370.0,606.0
40,2020-06-11,1439.0,156.0,74.0,3.0,250.0,1115.0,25.0,310.0,16.0,7654.0,1649.0,Mauritania,Africa,109.0,4641629.0,108.0,3226.0,62725.0,606.0
41,2020-06-12,1572.0,133.0,81.0,7.0,278.0,1213.0,25.0,339.0,17.0,7654.0,1649.0,Mauritania,Africa,105.0,4641964.0,28.0,2953.0,57308.0,606.0
42,2020-06-13,1682.0,110.0,83.0,2.0,311.0,1288.0,25.0,362.0,18.0,7654.0,1649.0,Mauritania,Africa,104.0,4642299.0,33.0,2760.0,55931.0,607.0
43,2020-06-14,1682.0,-1.0,83.0,-1.0,311.0,1288.0,25.0,362.0,18.0,7654.0,1649.0,Mauritania,Africa,105.0,4642634.0,-1.0,2760.0,55935.0,607.0
44,2020-06-15,1887.0,104.0,91.0,4.0,360.0,1436.0,25.0,406.0,20.0,13842.0,2981.0,Mauritania,Africa,100.0,4642969.0,28.0,2461.0,51022.0,335.0
45,2020-06-16,2057.0,170.0,93.0,2.0,373.0,1591.0,8.0,443.0,20.0,13842.0,2981.0,Mauritania,Africa,98.0,4643304.0,13.0,2257.0,49928.0,335.0
46,2020-06-17,2223.0,166.0,95.0,2.0,427.0,1701.0,8.0,479.0,20.0,13842.0,2981.0,Mauritania,Africa,97.0,4643639.0,54.0,2089.0,48880.0,335.0
47,2020-06-18,2424.0,201.0,97.0,2.0,550.0,1777.0,8.0,522.0,21.0,13842.0,2981.0,Mauritania,Africa,94.0,4643974.0,123.0,1916.0,47876.0,335.0
48,2020-06-19,2621.0,197.0,102.0,5.0,653.0,1866.0,8.0,564.0,22.0,13842.0,2980.0,Mauritania,Africa,93.0,4644309.0,103.0,1772.0,45532.0,336.0
49,2020-06-20,2813.0,192.0,108.0,6.0,696.0,2009.0,8.0,606.0,23.0,13842.0,2980.0,Mauritania,Africa,92.0,4644980.0,43.0,1651.0,43009.0,336.0
50,2020-06-21,2984.0,171.0,111.0,3.0,811.0,2062.0,11.0,642.0,24.0,13842.0,2980.0,Mauritania,Africa,92.0,4644980.0,115.0,1557.0,41847.0,336.0
51,2020-06-22,3121.0,137.0,112.0,1.0,905.0,2104.0,11.0,672.0,24.0,13842.0,2980.0,Mauritania,Africa,92.0,4645315.0,94.0,1488.0,41476.0,336.0
52,2020-06-23,3292.0,171.0,114.0,2.0,963.0,2215.0,11.0,709.0,25.0,13842.0,2980.0,Mauritania,Africa,91.0,4645650.0,58.0,1411.0,40751.0,336.0
53,2020-06-24,3519.0,227.0,116.0,2.0,1074.0,2329.0,20.0,757.0,25.0,13842.0,2979.0,Mauritania,Africa,90.0,4645985.0,111.0,1320.0,40052.0,336.0
54,2020-06-25,3739.0,220.0,119.0,3.0,1225.0,2395.0,21.0,805.0,26.0,13842.0,2979.0,Mauritania,Africa,90.0,4646320.0,151.0,1243.0,39045.0,336.0
55,2020-06-26,3907.0,168.0,120.0,1.0,1280.0,2507.0,21.0,841.0,26.0,13842.0,2979.0,Mauritania,Africa,90.0,4646655.0,55.0,1189.0,38722.0,336.0
56,2020-06-27,4025.0,118.0,121.0,1.0,1344.0,2560.0,21.0,866.0,26.0,13842.0,2979.0,Mauritania,Africa,89.0,4646990.0,64.0,1155.0,38405.0,336.0
57,2020-06-28,4149.0,124.0,126.0,5.0,1419.0,2604.0,21.0,893.0,27.0,13842.0,2978.0,Mauritania,Africa,88.0,4647325.0,75.0,1120.0,36884.0,336.0
58,2020-06-29,4237.0,88.0,128.0,2.0,1497.0,2612.0,21.0,912.0,28.0,13842.0,2978.0,Mauritania,Africa,89.0,4647660.0,78.0,1097.0,36310.0,336.0
59,2020-06-30,4363.0,126.0,129.0,1.0,1622.0,2612.0,21.0,939.0,28.0,13842.0,2978.0,Mauritania,Africa,88.0,4647995.0,125.0,1065.0,36031.0,336.0
60,2020-07-01,4472.0,109.0,129.0,-1.0,1677.0,2666.0,21.0,962.0,28.0,13842.0,2978.0,Mauritania,Africa,88.0,4648330.0,55.0,1039.0,36034.0,336.0
61,2020-07-02,4606.0,134.0,129.0,-1.0,1727.0,2750.0,21.0,991.0,28.0,13842.0,2978.0,Mauritania,Africa,88.0,4648665.0,50.0,1009.0,36036.0,336.0
62,2020-07-03,4705.0,99.0,129.0,-1.0,1765.0,2811.0,21.0,1012.0,28.0,13842.0,2977.0,Mauritania,Africa,88.0,4649000.0,38.0,988.0,36039.0,336.0
63,2020-07-04,4705.0,-1.0,129.0,-1.0,1765.0,2811.0,21.0,1012.0,28.0,13842.0,2977.0,Mauritania,Africa,89.0,4649335.0,-1.0,988.0,36041.0,336.0
64,2020-07-05,4827.0,-1.0,129.0,-1.0,1805.0,2893.0,14.0,1038.0,28.0,13842.0,2977.0,Mauritania,Africa,89.0,4649671.0,-1.0,963.0,36044.0,336.0
65,2020-07-06,4948.0,69.0,133.0,3.0,1896.0,2919.0,14.0,1064.0,29.0,13842.0,2977.0,Mauritania,Africa,89.0,4650006.0,52.0,940.0,34962.0,336.0
66,2020-07-07,5024.0,76.0,135.0,2.0,1944.0,2945.0,14.0,1080.0,29.0,13842.0,2977.0,Mauritania,Africa,89.0,4650341.0,48.0,926.0,34447.0,336.0
67,2020-07-08,5087.0,63.0,139.0,4.0,1994.0,2954.0,14.0,1094.0,30.0,13842.0,2976.0,Mauritania,Africa,89.0,4650676.0,50.0,914.0,33458.0,336.0
68,2020-07-09,5087.0,-1.0,139.0,-1.0,1994.0,2954.0,14.0,1094.0,30.0,13842.0,2976.0,Mauritania,Africa,90.0,4651011.0,-1.0,914.0,33461.0,336.0
69,2020-07-10,5203.0,77.0,146.0,2.0,2111.0,2946.0,5.0,1119.0,31.0,13842.0,2976.0,Mauritania,Africa,90.0,4651346.0,85.0,894.0,31859.0,336.0
70,2020-07-11,5203.0,-1.0,146.0,-1.0,2111.0,2946.0,5.0,1119.0,31.0,13842.0,2976.0,Mauritania,Africa,90.0,4651681.0,-1.0,894.0,31861.0,336.0
71,2020-07-12,5355.0,80.0,147.0,-1.0,2363.0,2845.0,6.0,1151.0,32.0,13842.0,2975.0,Mauritania,Africa,90.0,4652351.0,203.0,869.0,31649.0,336.0
72,2020-07-13,5446.0,91.0,147.0,-1.0,2501.0,2798.0,5.0,1171.0,32.0,13842.0,2975.0,Mauritania,Africa,90.0,4652351.0,138.0,854.0,31649.0,336.0
73,2020-07-14,5518.0,72.0,147.0,-1.0,2664.0,2707.0,5.0,1186.0,32.0,13842.0,2975.0,Mauritania,Africa,90.0,4652686.0,163.0,843.0,31651.0,336.0
74,2020-07-15,5518.0,-1.0,147.0,-1.0,2664.0,2707.0,5.0,1186.0,32.0,13842.0,2975.0,Mauritania,Africa,91.0,4653021.0,-1.0,843.0,31653.0,336.0
75,2020-07-16,5564.0,-1.0,149.0,-1.0,2830.0,2585.0,5.0,1196.0,32.0,13842.0,2975.0,Mauritania,Africa,91.0,4653356.0,-1.0,836.0,31231.0,336.0
76,2020-07-17,5710.0,51.0,151.0,1.0,3153.0,2406.0,7.0,1227.0,32.0,13842.0,2974.0,Mauritania,Africa,91.0,4653691.0,160.0,815.0,30819.0,336.0
77,2020-07-18,5813.0,103.0,153.0,2.0,3279.0,2381.0,8.0,1249.0,33.0,13842.0,2974.0,Mauritania,Africa,91.0,4654026.0,126.0,801.0,30418.0,336.0
78,2020-07-19,5873.0,60.0,155.0,2.0,3436.0,2282.0,8.0,1262.0,33.0,13842.0,2974.0,Mauritania,Africa,91.0,4654361.0,157.0,793.0,30028.0,336.0
79,2020-07-20,5873.0,-1.0,155.0,-1.0,3436.0,2282.0,8.0,1262.0,33.0,13842.0,2974.0,Mauritania,Africa,91.0,4654697.0,-1.0,793.0,30030.0,336.0
80,2020-07-21,5985.0,62.0,155.0,-1.0,3826.0,2004.0,4.0,1286.0,33.0,57253.0,12299.0,Mauritania,Africa,91.0,4655032.0,194.0,778.0,30032.0,81.0
81,2020-07-22,5985.0,-1.0,155.0,-1.0,3826.0,2004.0,4.0,1286.0,33.0,57253.0,12298.0,Mauritania,Africa,91.0,4655367.0,-1.0,778.0,30035.0,81.0
82,2020-07-23,6067.0,40.0,156.0,1.0,4086.0,1825.0,3.0,1303.0,34.0,57253.0,12297.0,Mauritania,Africa,91.0,4656037.0,109.0,767.0,29846.0,81.0
83,2020-07-24,6116.0,49.0,156.0,-1.0,4206.0,1754.0,3.0,1314.0,34.0,57253.0,12297.0,Mauritania,Africa,91.0,4656037.0,120.0,761.0,29846.0,81.0
84,2020-07-25,6116.0,-1.0,156.0,-1.0,4206.0,1754.0,3.0,1313.0,34.0,57253.0,12296.0,Mauritania,Africa,91.0,4656372.0,-1.0,761.0,29849.0,81.0
85,2020-07-26,6151.0,-1.0,156.0,-1.0,4299.0,1696.0,3.0,1321.0,34.0,57253.0,12295.0,Mauritania,Africa,92.0,4656707.0,-1.0,757.0,29851.0,81.0
86,2020-07-27,6171.0,-1.0,156.0,-1.0,4430.0,1585.0,3.0,1325.0,33.0,57253.0,12294.0,Mauritania,Africa,92.0,4657042.0,-1.0,755.0,29853.0,81.0
87,2020-07-28,6249.0,41.0,156.0,-1.0,4683.0,1410.0,3.0,1342.0,33.0,57253.0,12292.0,Mauritania,Africa,92.0,4657712.0,30.0,745.0,29857.0,81.0
88,2020-07-29,6273.0,24.0,156.0,-1.0,4776.0,1341.0,3.0,1347.0,33.0,57253.0,12292.0,Mauritania,Africa,92.0,4657712.0,93.0,743.0,29857.0,81.0
89,2020-07-30,6295.0,22.0,157.0,1.0,4889.0,1249.0,3.0,1351.0,34.0,57253.0,12291.0,Mauritania,Africa,92.0,4658047.0,113.0,740.0,29669.0,81.0
90,2020-07-31,6310.0,15.0,157.0,-1.0,4962.0,1191.0,3.0,1355.0,34.0,57253.0,12290.0,Mauritania,Africa,92.0,4658382.0,73.0,738.0,29671.0,81.0
91,2020-08-01,6319.0,9.0,157.0,-1.0,5043.0,1119.0,3.0,1356.0,34.0,57253.0,12289.0,Mauritania,Africa,92.0,4658717.0,81.0,737.0,29673.0,81.0
92,2020-08-02,6323.0,4.0,157.0,-1.0,5115.0,1051.0,3.0,1357.0,34.0,57387.0,12317.0,Mauritania,Africa,93.0,4659052.0,72.0,737.0,29675.0,81.0
