,Date,Tot cases,New cases,Tot Deaths,New Deaths,Total Recovered,Active Cases,Serious,Tot C par million,Deaths par million,Total Test,Tot T par million,Country,Continent,index,population,New Recov,col1,col2,col3
0,2020-05-02,14872.0,776.0,12.0,-1.0,1534.0,13326.0,72.0,5162.0,4.0,101728.0,35309.0,Qatar,Asia,,,0.0,,,
1,2020-05-03,15551.0,679.0,12.0,-1.0,1664.0,13875.0,72.0,5398.0,4.0,104435.0,36249.0,Qatar,Asia,,,0.0,,,
2,2020-05-04,16191.0,640.0,12.0,-1.0,1810.0,14369.0,72.0,5620.0,4.0,106795.0,37068.0,Qatar,Asia,,,0.0,,,
3,2020-05-05,17142.0,-1.0,12.0,-1.0,1924.0,15206.0,72.0,5950.0,4.0,109762.0,38098.0,Qatar,Asia,,,0.0,,,
4,2020-05-06,17972.0,830.0,12.0,-1.0,2070.0,15890.0,72.0,6238.0,4.0,112963.0,39209.0,Qatar,Asia,,,0.0,,,
5,2020-05-07,18890.0,918.0,12.0,-1.0,2286.0,16592.0,72.0,6557.0,4.0,116495.0,40435.0,Qatar,Asia,,,0.0,,,
6,2020-05-08,20201.0,-1.0,12.0,-1.0,2370.0,17819.0,72.0,7012.0,4.0,120458.0,41810.0,Qatar,Asia,,,0.0,,,
7,2020-05-09,21331.0,-1.0,13.0,-1.0,2449.0,18869.0,72.0,7404.0,5.0,124554.0,43232.0,Qatar,Asia,,,0.0,,,
8,2020-05-10,22520.0,1189.0,14.0,1.0,2753.0,19753.0,72.0,7817.0,5.0,127769.0,44348.0,Qatar,Asia,,,0.0,,,
9,2020-05-11,23623.0,1103.0,14.0,-1.0,2840.0,20769.0,72.0,8199.0,5.0,131044.0,45485.0,Qatar,Asia,,,0.0,,,
10,2020-05-12,25149.0,1526.0,14.0,-1.0,3019.0,22116.0,72.0,8729.0,5.0,135294.0,46960.0,Qatar,Asia,,,0.0,,,
11,2020-05-13,26539.0,1390.0,14.0,-1.0,3143.0,23382.0,72.0,9212.0,5.0,139127.0,48290.0,Qatar,Asia,,,0.0,,,
12,2020-05-14,28272.0,1733.0,14.0,-1.0,3356.0,24902.0,72.0,9813.0,5.0,143938.0,49960.0,Qatar,Asia,,,0.0,,,
13,2020-05-15,29425.0,1153.0,14.0,-1.0,3546.0,25865.0,72.0,10237.0,5.0,148173.0,51547.0,Qatar,Asia,22.0,2874514.0,0.0,,,
14,2020-05-16,30972.0,1547.0,15.0,1.0,3788.0,27169.0,158.0,10774.0,5.0,152704.0,53121.0,Qatar,Asia,21.0,2874647.0,0.0,,,
15,2020-05-17,32604.0,1632.0,15.0,-1.0,4370.0,28219.0,165.0,11341.0,5.0,157570.0,54811.0,Qatar,Asia,21.0,2874781.0,0.0,,,
16,2020-05-18,33969.0,1365.0,15.0,-1.0,4899.0,29055.0,172.0,11816.0,5.0,161695.0,56243.0,Qatar,Asia,20.0,2874914.0,0.0,,,
17,2020-05-19,35606.0,1637.0,15.0,-1.0,5634.0,29957.0,172.0,12384.0,5.0,166182.0,57801.0,Qatar,Asia,20.0,2875047.0,0.0,,,
18,2020-05-20,37097.0,1491.0,16.0,1.0,6600.0,30481.0,172.0,12902.0,6.0,170437.0,59279.0,Qatar,Asia,20.0,2875180.0,0.0,,,
19,2020-05-21,38651.0,1554.0,17.0,1.0,7288.0,31346.0,171.0,13442.0,6.0,175482.0,61031.0,Qatar,Asia,20.0,2875313.0,0.0,,,
20,2020-05-22,40481.0,1830.0,19.0,2.0,7893.0,32569.0,175.0,14078.0,7.0,180642.0,62822.0,Qatar,Asia,20.0,2875446.0,0.0,,,
21,2020-05-23,42213.0,1732.0,21.0,2.0,8513.0,33679.0,177.0,14680.0,7.0,184794.0,64263.0,Qatar,Asia,20.0,2875579.0,0.0,,,
22,2020-05-24,43714.0,1501.0,23.0,2.0,9170.0,34521.0,188.0,15201.0,8.0,188143.0,65425.0,Qatar,Asia,20.0,2875712.0,0.0,,,
23,2020-05-25,45465.0,1751.0,26.0,3.0,10363.0,35076.0,202.0,15809.0,9.0,192484.0,66931.0,Qatar,Asia,19.0,2875845.0,0.0,,,
24,2020-05-26,47207.0,1742.0,28.0,2.0,11844.0,35335.0,205.0,16414.0,10.0,196411.0,68294.0,Qatar,Asia,19.0,2875978.0,0.0,,,
25,2020-05-27,48947.0,-1.0,30.0,-1.0,13283.0,35634.0,203.0,17018.0,10.0,201180.0,69945.0,Qatar,Asia,19.0,2876244.0,0.0,,,
26,2020-05-28,50914.0,1967.0,33.0,3.0,15399.0,35482.0,214.0,17702.0,11.0,207033.0,71980.0,Qatar,Asia,19.0,2876244.0,0.0,,,
27,2020-05-29,52907.0,1993.0,36.0,3.0,20604.0,32267.0,216.0,18394.0,13.0,212897.0,74016.0,Qatar,Asia,19.0,2876377.0,0.0,,,
28,2020-05-30,55262.0,2355.0,36.0,-1.0,25839.0,29387.0,217.0,19211.0,13.0,217988.0,75782.0,Qatar,Asia,19.0,2876510.0,0.0,,,
29,2020-05-31,56910.0,1648.0,38.0,2.0,30290.0,26582.0,232.0,19783.0,13.0,222069.0,77197.0,Qatar,Asia,19.0,2876643.0,0.0,,,
30,2020-06-01,58433.0,1523.0,40.0,2.0,33437.0,24956.0,240.0,20312.0,14.0,225919.0,78532.0,Qatar,Asia,19.0,2876776.0,0.0,,,
31,2020-06-02,60259.0,1826.0,43.0,3.0,36036.0,24180.0,239.0,21461.0,15.0,231098.0,82306.0,Qatar,Asia,18.0,2807805.0,2599.0,47.0,65298.0,12.0
32,2020-06-03,62160.0,1901.0,45.0,2.0,37542.0,24573.0,237.0,22138.0,16.0,236437.0,84207.0,Qatar,Asia,18.0,2807805.0,1506.0,45.0,62396.0,12.0
33,2020-06-04,63741.0,1581.0,45.0,-1.0,39468.0,24228.0,239.0,22701.0,16.0,241086.0,85863.0,Qatar,Asia,18.0,2807805.0,1926.0,44.0,62396.0,12.0
34,2020-06-05,65495.0,1754.0,49.0,4.0,40935.0,24511.0,238.0,23326.0,17.0,246362.0,87742.0,Qatar,Asia,18.0,2807805.0,1467.0,43.0,57302.0,11.0
35,2020-06-06,67195.0,1700.0,51.0,2.0,42527.0,24617.0,238.0,23932.0,18.0,251391.0,89533.0,Qatar,Asia,18.0,2807805.0,1592.0,42.0,55055.0,11.0
36,2020-06-07,68790.0,1595.0,54.0,3.0,44338.0,24398.0,245.0,24500.0,19.0,255533.0,91008.0,Qatar,Asia,18.0,2807805.0,1811.0,41.0,51996.0,11.0
37,2020-06-08,70158.0,1368.0,57.0,3.0,45935.0,24166.0,241.0,24987.0,20.0,259646.0,92473.0,Qatar,Asia,18.0,2807805.0,1597.0,40.0,49260.0,11.0
38,2020-06-09,71879.0,1721.0,62.0,5.0,47569.0,24248.0,236.0,25600.0,22.0,265035.0,94392.0,Qatar,Asia,18.0,2807805.0,1634.0,39.0,45287.0,11.0
39,2020-06-10,73595.0,1716.0,66.0,4.0,49413.0,24116.0,226.0,26211.0,24.0,269964.0,96148.0,Qatar,Asia,19.0,2807805.0,1844.0,38.0,42543.0,10.0
40,2020-06-11,75071.0,1476.0,69.0,3.0,51331.0,23671.0,230.0,26737.0,25.0,274793.0,97868.0,Qatar,Asia,19.0,2807805.0,1918.0,37.0,40693.0,10.0
41,2020-06-12,76588.0,1517.0,70.0,1.0,53296.0,23222.0,229.0,27277.0,25.0,280665.0,99959.0,Qatar,Asia,19.0,2807805.0,1965.0,37.0,40112.0,10.0
42,2020-06-13,78416.0,1828.0,70.0,-1.0,55252.0,23094.0,232.0,27928.0,25.0,286830.0,102155.0,Qatar,Asia,19.0,2807805.0,1956.0,36.0,40112.0,10.0
43,2020-06-14,79602.0,1186.0,73.0,3.0,56898.0,22631.0,231.0,28350.0,26.0,290714.0,103538.0,Qatar,Asia,19.0,2807805.0,1646.0,35.0,38463.0,10.0
44,2020-06-15,80876.0,1274.0,76.0,3.0,58681.0,22119.0,238.0,28804.0,27.0,295338.0,105185.0,Qatar,Asia,19.0,2807805.0,1783.0,35.0,36945.0,10.0
45,2020-06-16,82077.0,1201.0,80.0,4.0,60461.0,21536.0,244.0,29232.0,28.0,300499.0,107023.0,Qatar,Asia,19.0,2807805.0,1780.0,34.0,35098.0,9.0
46,2020-06-17,83174.0,1097.0,82.0,2.0,62172.0,20920.0,240.0,29622.0,29.0,304801.0,108555.0,Qatar,Asia,19.0,2807805.0,1711.0,34.0,34242.0,9.0
47,2020-06-18,84441.0,1267.0,86.0,4.0,63642.0,20713.0,230.0,30074.0,31.0,309670.0,110289.0,Qatar,Asia,19.0,2807805.0,1470.0,33.0,32649.0,9.0
48,2020-06-19,85462.0,1021.0,93.0,7.0,65409.0,19960.0,221.0,30437.0,33.0,313501.0,111653.0,Qatar,Asia,20.0,2807805.0,1767.0,33.0,30191.0,9.0
49,2020-06-20,86488.0,1026.0,94.0,1.0,66763.0,19631.0,224.0,30803.0,33.0,317694.0,113147.0,Qatar,Asia,20.0,2807805.0,1354.0,32.0,29870.0,9.0
50,2020-06-21,87369.0,881.0,98.0,4.0,68319.0,18952.0,221.0,31116.0,35.0,320792.0,114250.0,Qatar,Asia,20.0,2807805.0,1556.0,32.0,28651.0,9.0
51,2020-06-22,88403.0,1034.0,99.0,1.0,69956.0,18348.0,219.0,31485.0,35.0,324570.0,115596.0,Qatar,Asia,20.0,2807805.0,1637.0,32.0,28362.0,9.0
52,2020-06-23,89579.0,1176.0,99.0,-1.0,71501.0,17979.0,225.0,31904.0,35.0,328941.0,117152.0,Qatar,Asia,20.0,2807805.0,1545.0,31.0,28362.0,9.0
53,2020-06-24,90778.0,1199.0,104.0,5.0,73083.0,17591.0,219.0,32331.0,37.0,333172.0,118659.0,Qatar,Asia,20.0,2807805.0,1582.0,31.0,26998.0,8.0
54,2020-06-25,91838.0,1060.0,106.0,2.0,74544.0,17188.0,212.0,32708.0,38.0,337496.0,120199.0,Qatar,Asia,20.0,2807805.0,1461.0,31.0,26489.0,8.0
55,2020-06-26,92784.0,946.0,109.0,3.0,76072.0,16603.0,200.0,33045.0,39.0,341914.0,121773.0,Qatar,Asia,20.0,2807805.0,1528.0,30.0,25760.0,8.0
56,2020-06-27,93663.0,879.0,110.0,1.0,77225.0,16328.0,205.0,33358.0,39.0,345691.0,123118.0,Qatar,Asia,20.0,2807805.0,1153.0,30.0,25526.0,8.0
57,2020-06-28,94413.0,750.0,110.0,-1.0,78702.0,15601.0,201.0,33625.0,39.0,349153.0,124351.0,Qatar,Asia,20.0,2807805.0,1477.0,30.0,25526.0,8.0
58,2020-06-29,95106.0,693.0,113.0,3.0,80170.0,14823.0,203.0,33872.0,40.0,352659.0,125600.0,Qatar,Asia,20.0,2807805.0,1468.0,30.0,24848.0,8.0
59,2020-06-30,96088.0,982.0,113.0,-1.0,81564.0,14411.0,200.0,34222.0,40.0,356832.0,127086.0,Qatar,Asia,20.0,2807805.0,1394.0,29.0,24848.0,8.0
60,2020-07-01,97003.0,915.0,115.0,2.0,83965.0,12923.0,190.0,34548.0,41.0,360502.0,128393.0,Qatar,Asia,21.0,2807805.0,2401.0,29.0,24416.0,8.0
61,2020-07-02,97897.0,894.0,118.0,3.0,86597.0,11182.0,187.0,34866.0,42.0,366095.0,130385.0,Qatar,Asia,21.0,2807805.0,2632.0,29.0,23795.0,8.0
62,2020-07-03,98653.0,756.0,121.0,3.0,88583.0,9949.0,185.0,35135.0,43.0,372005.0,132490.0,Qatar,Asia,21.0,2807805.0,1986.0,28.0,23205.0,8.0
63,2020-07-04,99183.0,530.0,123.0,2.0,90387.0,8673.0,176.0,35324.0,44.0,376881.0,134226.0,Qatar,Asia,21.0,2807805.0,1804.0,28.0,22828.0,7.0
64,2020-07-05,99799.0,616.0,128.0,5.0,92284.0,7387.0,175.0,35543.0,46.0,381434.0,135848.0,Qatar,Asia,21.0,2807805.0,1897.0,28.0,21936.0,7.0
65,2020-07-06,100345.0,546.0,133.0,5.0,93898.0,6314.0,164.0,35738.0,47.0,386111.0,137513.0,Qatar,Asia,21.0,2807805.0,1614.0,28.0,21111.0,7.0
66,2020-07-07,100945.0,600.0,134.0,1.0,94903.0,5908.0,154.0,35952.0,48.0,390997.0,139254.0,Qatar,Asia,21.0,2807805.0,1005.0,28.0,20954.0,7.0
67,2020-07-08,101553.0,608.0,138.0,4.0,96107.0,5308.0,154.0,36168.0,49.0,396199.0,141106.0,Qatar,Asia,21.0,2807805.0,1204.0,28.0,20346.0,7.0
68,2020-07-09,102110.0,557.0,142.0,4.0,97272.0,4696.0,145.0,36366.0,51.0,400767.0,142733.0,Qatar,Asia,21.0,2807805.0,1165.0,27.0,19773.0,7.0
69,2020-07-10,102630.0,520.0,146.0,4.0,98233.0,4251.0,139.0,36552.0,52.0,404868.0,144194.0,Qatar,Asia,21.0,2807805.0,961.0,27.0,19232.0,7.0
70,2020-07-11,103128.0,498.0,146.0,-1.0,98934.0,4048.0,141.0,36729.0,52.0,409199.0,145736.0,Qatar,Asia,21.0,2807805.0,701.0,27.0,19232.0,7.0
71,2020-07-12,103598.0,470.0,147.0,1.0,99743.0,3708.0,140.0,36896.0,52.0,412682.0,146977.0,Qatar,Asia,21.0,2807805.0,809.0,27.0,19101.0,7.0
72,2020-07-13,104016.0,418.0,149.0,2.0,100627.0,3240.0,139.0,37045.0,53.0,416327.0,148275.0,Qatar,Asia,21.0,2807805.0,884.0,27.0,18844.0,7.0
73,2020-07-14,104533.0,517.0,150.0,1.0,101160.0,3223.0,137.0,37229.0,53.0,420649.0,149814.0,Qatar,Asia,21.0,2807805.0,533.0,27.0,18719.0,7.0
74,2020-07-15,104983.0,450.0,151.0,1.0,101637.0,3195.0,135.0,37390.0,54.0,424858.0,151313.0,Qatar,Asia,22.0,2807805.0,477.0,27.0,18595.0,7.0
75,2020-07-16,105477.0,494.0,152.0,1.0,102168.0,3157.0,135.0,37566.0,54.0,430661.0,153380.0,Qatar,Asia,22.0,2807805.0,531.0,27.0,18472.0,7.0
76,2020-07-17,105898.0,421.0,153.0,1.0,102597.0,3148.0,132.0,37716.0,54.0,435584.0,155133.0,Qatar,Asia,22.0,2807805.0,429.0,27.0,18352.0,6.0
77,2020-07-18,106308.0,410.0,154.0,1.0,103023.0,3131.0,132.0,37862.0,55.0,438990.0,156346.0,Qatar,Asia,22.0,2807805.0,426.0,26.0,18233.0,6.0
78,2020-07-19,106648.0,340.0,157.0,3.0,103377.0,3114.0,128.0,37983.0,56.0,441700.0,157311.0,Qatar,Asia,22.0,2807805.0,354.0,26.0,17884.0,6.0
79,2020-07-20,107037.0,389.0,159.0,2.0,103782.0,3096.0,126.0,38121.0,57.0,446036.0,158856.0,Qatar,Asia,22.0,2807805.0,405.0,26.0,17659.0,6.0
80,2020-07-21,107430.0,393.0,160.0,1.0,104191.0,3079.0,119.0,38261.0,57.0,451168.0,160684.0,Qatar,Asia,22.0,2807805.0,409.0,26.0,17549.0,6.0
81,2020-07-22,107871.0,441.0,163.0,3.0,104641.0,3067.0,113.0,38418.0,58.0,455798.0,162332.0,Qatar,Asia,22.0,2807805.0,450.0,26.0,17226.0,6.0
82,2020-07-23,108244.0,373.0,164.0,1.0,105018.0,3062.0,113.0,38551.0,58.0,455798.0,162332.0,Qatar,Asia,22.0,2807805.0,377.0,26.0,17121.0,6.0
83,2020-07-24,108638.0,394.0,164.0,-1.0,105420.0,3054.0,101.0,38691.0,58.0,464674.0,165494.0,Qatar,Asia,22.0,2807805.0,402.0,26.0,17121.0,6.0
84,2020-07-25,109036.0,398.0,164.0,-1.0,105750.0,3122.0,98.0,38833.0,58.0,469000.0,167034.0,Qatar,Asia,22.0,2807805.0,330.0,26.0,17121.0,6.0
85,2020-07-26,109305.0,269.0,165.0,1.0,106024.0,3116.0,89.0,38929.0,59.0,472442.0,168260.0,Qatar,Asia,23.0,2807805.0,274.0,26.0,17017.0,6.0
86,2020-07-27,109597.0,292.0,165.0,-1.0,106328.0,3104.0,92.0,39033.0,59.0,477194.0,169953.0,Qatar,Asia,23.0,2807805.0,304.0,26.0,17017.0,6.0
87,2020-07-28,109880.0,283.0,167.0,2.0,106603.0,3110.0,92.0,39134.0,59.0,481930.0,171639.0,Qatar,Asia,23.0,2807805.0,275.0,26.0,16813.0,6.0
88,2020-07-29,110153.0,273.0,169.0,2.0,106849.0,3135.0,97.0,39231.0,60.0,487435.0,173600.0,Qatar,Asia,23.0,2807805.0,246.0,25.0,16614.0,6.0
89,2020-07-30,110460.0,307.0,171.0,2.0,107135.0,3154.0,91.0,39340.0,61.0,492569.0,175428.0,Qatar,Asia,23.0,2807805.0,286.0,25.0,16420.0,6.0
90,2020-07-31,110695.0,235.0,174.0,3.0,107377.0,3144.0,77.0,39424.0,62.0,495377.0,176429.0,Qatar,Asia,23.0,2807805.0,242.0,25.0,16137.0,6.0
91,2020-08-01,110911.0,216.0,174.0,-1.0,107578.0,3159.0,75.0,39501.0,62.0,498666.0,177600.0,Qatar,Asia,23.0,2807805.0,201.0,25.0,16137.0,6.0
92,2020-08-02,111107.0,196.0,177.0,3.0,107779.0,3151.0,76.0,39571.0,63.0,500536.0,178266.0,Qatar,Asia,24.0,2807805.0,201.0,25.0,15863.0,6.0
