,Date,Tot cases,New cases,Tot Deaths,New Deaths,Total Recovered,Active Cases,Serious,Tot C par million,Deaths par million,Total Test,Tot T par million,Country,Continent,index,population,New Recov,col1,col2,col3
0,2020-05-02,1537.0,-1.0,64.0,-1.0,714.0,759.0,10.0,136.0,6.0,49409.0,4362.0,Cuba,North America,,,0.0,,,
1,2020-05-03,1649.0,38.0,67.0,1.0,827.0,755.0,13.0,146.0,6.0,53545.0,4727.0,Cuba,North America,,,0.0,,,
2,2020-05-04,1668.0,19.0,69.0,2.0,876.0,723.0,9.0,147.0,6.0,55542.0,4904.0,Cuba,North America,,,0.0,,,
3,2020-05-05,1685.0,-1.0,69.0,-1.0,954.0,662.0,8.0,149.0,6.0,57711.0,5095.0,Cuba,North America,,,0.0,,,
4,2020-05-06,1703.0,18.0,69.0,-1.0,1001.0,633.0,8.0,150.0,6.0,57711.0,5095.0,Cuba,North America,,,0.0,,,
5,2020-05-07,1729.0,26.0,73.0,4.0,1031.0,625.0,8.0,153.0,6.0,61613.0,5440.0,Cuba,North America,,,0.0,,,
6,2020-05-08,1741.0,-1.0,74.0,-1.0,1078.0,589.0,8.0,154.0,7.0,63560.0,5612.0,Cuba,North America,,,0.0,,,
7,2020-05-09,1754.0,-1.0,74.0,-1.0,1140.0,540.0,8.0,155.0,7.0,63560.0,5612.0,Cuba,North America,,,0.0,,,
8,2020-05-10,1754.0,-1.0,74.0,-1.0,1140.0,540.0,8.0,155.0,7.0,63560.0,5612.0,Cuba,North America,,,0.0,,,
9,2020-05-11,1783.0,17.0,77.0,-1.0,1229.0,477.0,7.0,157.0,7.0,69182.0,6108.0,Cuba,North America,,,0.0,,,
10,2020-05-12,1804.0,21.0,78.0,1.0,1277.0,449.0,4.0,159.0,7.0,71157.0,6282.0,Cuba,North America,,,0.0,,,
11,2020-05-13,1810.0,6.0,79.0,1.0,1326.0,405.0,7.0,160.0,7.0,73129.0,6456.0,Cuba,North America,,,0.0,,,
12,2020-05-14,1830.0,20.0,79.0,-1.0,1383.0,368.0,9.0,162.0,7.0,75142.0,6634.0,Cuba,North America,,,0.0,,,
13,2020-05-15,1840.0,10.0,79.0,-1.0,1425.0,336.0,9.0,162.0,7.0,77374.0,6831.0,Cuba,North America,80.0,11327480.0,0.0,,,
14,2020-05-16,1862.0,22.0,79.0,-1.0,1460.0,323.0,7.0,164.0,7.0,79834.0,7048.0,Cuba,North America,80.0,11327461.0,0.0,,,
15,2020-05-17,1872.0,10.0,79.0,-1.0,1495.0,298.0,10.0,165.0,7.0,81917.0,7232.0,Cuba,North America,80.0,11327442.0,0.0,,,
16,2020-05-18,1881.0,9.0,79.0,-1.0,1505.0,297.0,9.0,166.0,7.0,83868.0,7404.0,Cuba,North America,81.0,11327423.0,0.0,,,
17,2020-05-19,1887.0,6.0,79.0,-1.0,1538.0,270.0,8.0,167.0,7.0,85556.0,7553.0,Cuba,North America,82.0,11327404.0,0.0,,,
18,2020-05-20,1900.0,13.0,79.0,-1.0,1573.0,248.0,8.0,168.0,7.0,87288.0,7706.0,Cuba,North America,82.0,11327386.0,0.0,,,
19,2020-05-21,1908.0,8.0,80.0,1.0,1603.0,225.0,5.0,168.0,7.0,89031.0,7860.0,Cuba,North America,83.0,11327367.0,0.0,,,
20,2020-05-22,1916.0,8.0,81.0,1.0,1631.0,204.0,4.0,169.0,7.0,90911.0,8026.0,Cuba,North America,85.0,11327348.0,0.0,,,
21,2020-05-23,1931.0,15.0,81.0,-1.0,1671.0,179.0,4.0,170.0,7.0,92629.0,8177.0,Cuba,North America,85.0,11327329.0,0.0,,,
22,2020-05-24,1941.0,10.0,82.0,1.0,1689.0,170.0,3.0,171.0,7.0,94060.0,8304.0,Cuba,North America,85.0,11327310.0,0.0,,,
23,2020-05-25,1947.0,6.0,82.0,-1.0,1704.0,161.0,3.0,172.0,7.0,94060.0,8304.0,Cuba,North America,86.0,11327291.0,0.0,,,
24,2020-05-26,1963.0,16.0,82.0,-1.0,1709.0,172.0,4.0,173.0,7.0,97003.0,8564.0,Cuba,North America,87.0,11327273.0,0.0,,,
25,2020-05-27,1974.0,-1.0,82.0,-1.0,1724.0,168.0,4.0,174.0,7.0,97003.0,8564.0,Cuba,North America,87.0,11327235.0,0.0,,,
26,2020-05-28,1983.0,9.0,82.0,-1.0,1734.0,167.0,2.0,175.0,7.0,99745.0,8806.0,Cuba,North America,87.0,11327235.0,0.0,,,
27,2020-05-29,2005.0,22.0,82.0,-1.0,1760.0,163.0,3.0,177.0,7.0,101108.0,8926.0,Cuba,North America,87.0,11327216.0,0.0,,,
28,2020-05-30,2025.0,20.0,83.0,1.0,1795.0,147.0,3.0,179.0,7.0,103123.0,9104.0,Cuba,North America,87.0,11327197.0,0.0,,,
29,2020-05-31,2045.0,20.0,83.0,-1.0,1809.0,153.0,3.0,181.0,7.0,103123.0,9104.0,Cuba,North America,87.0,11327179.0,0.0,,,
30,2020-06-01,2083.0,38.0,83.0,-1.0,1826.0,174.0,3.0,184.0,7.0,107037.0,9450.0,Cuba,North America,88.0,11327160.0,0.0,,,
31,2020-06-02,2092.0,9.0,83.0,-1.0,1827.0,182.0,4.0,185.0,7.0,108389.0,9569.0,Cuba,North America,90.0,11327141.0,1.0,5415.0,136472.0,105.0
32,2020-06-03,2107.0,15.0,83.0,-1.0,1830.0,194.0,4.0,186.0,7.0,110349.0,9742.0,Cuba,North America,91.0,11327122.0,3.0,5376.0,136471.0,103.0
33,2020-06-04,2119.0,12.0,83.0,-1.0,1839.0,197.0,4.0,187.0,7.0,112449.0,9927.0,Cuba,North America,91.0,11327103.0,9.0,5345.0,136471.0,101.0
34,2020-06-05,2133.0,14.0,83.0,-1.0,1848.0,202.0,3.0,188.0,7.0,114464.0,10105.0,Cuba,North America,91.0,11327084.0,9.0,5310.0,136471.0,99.0
35,2020-06-06,2173.0,40.0,83.0,-1.0,1855.0,235.0,3.0,192.0,7.0,116468.0,10282.0,Cuba,North America,91.0,11327066.0,7.0,5213.0,136471.0,97.0
36,2020-06-07,2191.0,18.0,83.0,-1.0,1862.0,246.0,3.0,193.0,7.0,118488.0,10461.0,Cuba,North America,92.0,11327047.0,7.0,5170.0,136470.0,96.0
37,2020-06-08,2200.0,9.0,83.0,-1.0,1868.0,249.0,3.0,194.0,7.0,120536.0,10641.0,Cuba,North America,92.0,11327028.0,6.0,5149.0,136470.0,94.0
38,2020-06-09,2205.0,5.0,83.0,-1.0,1880.0,242.0,1.0,195.0,7.0,122603.0,10824.0,Cuba,North America,93.0,11327009.0,12.0,5137.0,136470.0,92.0
39,2020-06-10,2211.0,6.0,83.0,-1.0,1886.0,242.0,1.0,195.0,7.0,124947.0,11031.0,Cuba,North America,94.0,11326990.0,6.0,5123.0,136470.0,91.0
40,2020-06-11,2219.0,8.0,84.0,1.0,1893.0,242.0,1.0,196.0,7.0,127042.0,11216.0,Cuba,North America,94.0,11326971.0,7.0,5105.0,134845.0,89.0
41,2020-06-12,2233.0,14.0,84.0,-1.0,1902.0,247.0,4.0,197.0,7.0,129132.0,11400.0,Cuba,North America,94.0,11326953.0,9.0,5073.0,134845.0,88.0
42,2020-06-13,2238.0,5.0,84.0,-1.0,1923.0,231.0,5.0,198.0,7.0,131628.0,11621.0,Cuba,North America,94.0,11326934.0,21.0,5061.0,134844.0,86.0
43,2020-06-14,2248.0,10.0,84.0,-1.0,1948.0,216.0,5.0,198.0,7.0,133763.0,11809.0,Cuba,North America,95.0,11326915.0,25.0,5039.0,134844.0,85.0
44,2020-06-15,2262.0,14.0,84.0,-1.0,1965.0,213.0,5.0,200.0,7.0,136249.0,12029.0,Cuba,North America,94.0,11326896.0,17.0,5007.0,134844.0,83.0
45,2020-06-16,2273.0,11.0,84.0,-1.0,1994.0,195.0,5.0,201.0,7.0,138831.0,12257.0,Cuba,North America,95.0,11326877.0,29.0,4983.0,134844.0,82.0
46,2020-06-17,2280.0,7.0,84.0,-1.0,1999.0,197.0,5.0,201.0,7.0,138831.0,12257.0,Cuba,North America,95.0,11326859.0,5.0,4968.0,134844.0,82.0
47,2020-06-18,2295.0,15.0,85.0,1.0,2020.0,190.0,5.0,203.0,8.0,141151.0,12462.0,Cuba,North America,96.0,11326840.0,21.0,4935.0,133257.0,80.0
48,2020-06-19,2305.0,10.0,85.0,-1.0,2037.0,183.0,1.0,203.0,8.0,146276.0,12914.0,Cuba,North America,96.0,11326821.0,17.0,4914.0,133257.0,77.0
49,2020-06-20,2309.0,4.0,85.0,-1.0,2071.0,153.0,1.0,204.0,8.0,148812.0,13138.0,Cuba,North America,96.0,11326783.0,34.0,4905.0,133256.0,76.0
50,2020-06-21,2312.0,3.0,85.0,-1.0,2103.0,124.0,1.0,204.0,8.0,148812.0,13138.0,Cuba,North America,98.0,11326783.0,32.0,4899.0,133256.0,76.0
51,2020-06-22,2315.0,3.0,85.0,-1.0,2113.0,117.0,1.0,204.0,8.0,153233.0,13528.0,Cuba,North America,98.0,11326764.0,10.0,4893.0,133256.0,74.0
52,2020-06-23,2318.0,3.0,85.0,-1.0,2123.0,110.0,1.0,205.0,8.0,155381.0,13718.0,Cuba,North America,99.0,11326746.0,10.0,4886.0,133256.0,73.0
53,2020-06-24,2319.0,1.0,85.0,-1.0,2130.0,104.0,1.0,205.0,8.0,157387.0,13895.0,Cuba,North America,99.0,11326727.0,7.0,4884.0,133256.0,72.0
54,2020-06-25,2321.0,2.0,85.0,-1.0,2171.0,65.0,1.0,205.0,8.0,157387.0,13895.0,Cuba,North America,99.0,11326708.0,41.0,4880.0,133255.0,72.0
55,2020-06-26,2325.0,4.0,85.0,-1.0,2180.0,60.0,1.0,205.0,8.0,159571.0,14088.0,Cuba,North America,99.0,11326689.0,9.0,4872.0,133255.0,71.0
56,2020-06-27,2330.0,5.0,86.0,1.0,2187.0,57.0,1.0,206.0,8.0,163962.0,14476.0,Cuba,North America,99.0,11326670.0,7.0,4861.0,131705.0,69.0
57,2020-06-28,2332.0,2.0,86.0,-1.0,2201.0,45.0,-1.0,206.0,8.0,166335.0,14685.0,Cuba,North America,100.0,11326652.0,14.0,4857.0,131705.0,68.0
58,2020-06-29,2340.0,8.0,86.0,-1.0,2211.0,43.0,-1.0,207.0,8.0,166335.0,14685.0,Cuba,North America,100.0,11326633.0,10.0,4840.0,131705.0,68.0
59,2020-06-30,2341.0,1.0,86.0,-1.0,2214.0,41.0,1.0,207.0,8.0,170791.0,15079.0,Cuba,North America,102.0,11326614.0,3.0,4838.0,131705.0,66.0
60,2020-07-01,2348.0,7.0,86.0,-1.0,2218.0,44.0,1.0,207.0,8.0,173063.0,15279.0,Cuba,North America,103.0,11326595.0,4.0,4824.0,131705.0,65.0
61,2020-07-02,2353.0,5.0,86.0,-1.0,2221.0,46.0,1.0,208.0,8.0,173063.0,15279.0,Cuba,North America,104.0,11326576.0,3.0,4814.0,131704.0,65.0
62,2020-07-03,2361.0,8.0,86.0,-1.0,2224.0,51.0,1.0,208.0,8.0,175372.0,15483.0,Cuba,North America,105.0,11326557.0,3.0,4797.0,131704.0,65.0
63,2020-07-04,2369.0,8.0,86.0,-1.0,2227.0,56.0,2.0,209.0,8.0,180697.0,15953.0,Cuba,North America,106.0,11326539.0,3.0,4781.0,131704.0,63.0
64,2020-07-05,2372.0,3.0,86.0,-1.0,2229.0,57.0,2.0,209.0,8.0,183143.0,16169.0,Cuba,North America,106.0,11326520.0,2.0,4775.0,131704.0,62.0
65,2020-07-06,2380.0,8.0,86.0,-1.0,2234.0,60.0,4.0,210.0,8.0,186518.0,16467.0,Cuba,North America,106.0,11326501.0,5.0,4759.0,131704.0,61.0
66,2020-07-07,2395.0,15.0,86.0,-1.0,2240.0,69.0,4.0,211.0,8.0,189599.0,16739.0,Cuba,North America,106.0,11326482.0,6.0,4729.0,131703.0,60.0
67,2020-07-08,2399.0,4.0,86.0,-1.0,2242.0,71.0,4.0,212.0,8.0,192443.0,16991.0,Cuba,North America,106.0,11326463.0,2.0,4721.0,131703.0,59.0
68,2020-07-09,2403.0,4.0,86.0,-1.0,2244.0,73.0,4.0,212.0,8.0,192443.0,16991.0,Cuba,North America,106.0,11326445.0,2.0,4713.0,131703.0,59.0
69,2020-07-10,2413.0,10.0,86.0,-1.0,2249.0,78.0,4.0,213.0,8.0,192443.0,16991.0,Cuba,North America,107.0,11326426.0,5.0,4694.0,131703.0,59.0
70,2020-07-11,2420.0,7.0,87.0,1.0,2254.0,79.0,2.0,214.0,8.0,202014.0,17836.0,Cuba,North America,107.0,11326407.0,5.0,4680.0,130189.0,56.0
71,2020-07-12,2426.0,6.0,87.0,-1.0,2258.0,81.0,2.0,214.0,8.0,202014.0,17836.0,Cuba,North America,107.0,11326369.0,4.0,4669.0,130188.0,56.0
72,2020-07-13,2428.0,2.0,87.0,-1.0,2268.0,73.0,2.0,214.0,8.0,202014.0,17836.0,Cuba,North America,108.0,11326369.0,10.0,4665.0,130188.0,56.0
73,2020-07-14,2432.0,4.0,87.0,-1.0,2275.0,70.0,2.0,215.0,8.0,208098.0,18373.0,Cuba,North America,109.0,11326350.0,7.0,4657.0,130188.0,54.0
74,2020-07-15,2438.0,6.0,87.0,-1.0,2277.0,74.0,2.0,215.0,8.0,211427.0,18667.0,Cuba,North America,109.0,11326332.0,2.0,4646.0,130188.0,54.0
75,2020-07-16,2440.0,2.0,87.0,-1.0,2285.0,68.0,2.0,215.0,8.0,211427.0,18667.0,Cuba,North America,110.0,11326313.0,8.0,4642.0,130188.0,54.0
76,2020-07-17,2444.0,4.0,87.0,-1.0,2300.0,57.0,1.0,216.0,8.0,220739.0,19489.0,Cuba,North America,112.0,11326294.0,15.0,4634.0,130187.0,51.0
77,2020-07-18,2445.0,1.0,87.0,-1.0,2304.0,54.0,-1.0,216.0,8.0,223698.0,19750.0,Cuba,North America,112.0,11326275.0,4.0,4632.0,130187.0,51.0
78,2020-07-19,2446.0,1.0,87.0,-1.0,2308.0,51.0,-1.0,216.0,8.0,226443.0,19993.0,Cuba,North America,112.0,11326256.0,4.0,4631.0,130187.0,50.0
79,2020-07-20,2446.0,-1.0,87.0,-1.0,2308.0,51.0,-1.0,216.0,8.0,226443.0,19993.0,Cuba,North America,112.0,11326238.0,-1.0,4631.0,130187.0,50.0
80,2020-07-21,2449.0,3.0,87.0,-1.0,2321.0,41.0,1.0,216.0,8.0,232103.0,20493.0,Cuba,North America,112.0,11326219.0,13.0,4625.0,130186.0,49.0
81,2020-07-22,2462.0,13.0,87.0,-1.0,2326.0,49.0,1.0,217.0,8.0,234817.0,20732.0,Cuba,North America,112.0,11326200.0,5.0,4600.0,130186.0,48.0
82,2020-07-23,2466.0,4.0,87.0,-1.0,2339.0,40.0,1.0,218.0,8.0,237819.0,20997.0,Cuba,North America,113.0,11326162.0,13.0,4593.0,130186.0,48.0
83,2020-07-24,2469.0,3.0,87.0,-1.0,2341.0,41.0,1.0,218.0,8.0,237819.0,20997.0,Cuba,North America,113.0,11326162.0,2.0,4587.0,130186.0,48.0
84,2020-07-25,2469.0,-1.0,87.0,-1.0,2341.0,41.0,1.0,218.0,8.0,240894.0,21269.0,Cuba,North America,115.0,11326143.0,-1.0,4587.0,130186.0,47.0
85,2020-07-26,2495.0,17.0,87.0,-1.0,2349.0,59.0,1.0,220.0,8.0,244020.0,21545.0,Cuba,North America,115.0,11326125.0,4.0,4540.0,130185.0,46.0
86,2020-07-27,2532.0,37.0,87.0,-1.0,2351.0,94.0,1.0,224.0,8.0,250415.0,22110.0,Cuba,North America,114.0,11326106.0,2.0,4473.0,130185.0,45.0
87,2020-07-28,2555.0,23.0,87.0,-1.0,2352.0,116.0,1.0,226.0,8.0,253761.0,22405.0,Cuba,North America,115.0,11326068.0,1.0,4433.0,130185.0,45.0
88,2020-07-29,2588.0,33.0,87.0,-1.0,2353.0,148.0,1.0,228.0,8.0,256996.0,22691.0,Cuba,North America,115.0,11326068.0,1.0,4376.0,130185.0,44.0
89,2020-07-30,2597.0,9.0,87.0,-1.0,2355.0,155.0,1.0,229.0,8.0,256996.0,22691.0,Cuba,North America,115.0,11326049.0,2.0,4361.0,130184.0,44.0
90,2020-07-31,2608.0,11.0,87.0,-1.0,2355.0,166.0,1.0,230.0,8.0,264147.0,23322.0,Cuba,North America,116.0,11326031.0,-1.0,4343.0,130184.0,43.0
91,2020-08-01,2633.0,25.0,87.0,-1.0,2367.0,179.0,1.0,232.0,8.0,267649.0,23631.0,Cuba,North America,116.0,11326012.0,12.0,4302.0,130184.0,42.0
92,2020-08-02,2646.0,13.0,87.0,-1.0,2369.0,190.0,1.0,234.0,8.0,270989.0,23926.0,Cuba,North America,116.0,11325993.0,2.0,4280.0,130184.0,42.0
