,Date,Tot cases,New cases,Tot Deaths,New Deaths,Total Recovered,Active Cases,Serious,Tot C par million,Deaths par million,Total Test,Tot T par million,Country,Continent,index,population,New Recov,col1,col2,col3
0,2020-05-02,582.0,16.0,8.0,1.0,207.0,367.0,6.0,146.0,2.0,15904.0,3987.0,Georgia,Asia,,,0.0,,,
1,2020-05-03,589.0,7.0,9.0,1.0,221.0,359.0,6.0,148.0,2.0,15904.0,3987.0,Georgia,Asia,,,0.0,,,
2,2020-05-04,593.0,4.0,9.0,-1.0,223.0,361.0,6.0,149.0,2.0,15904.0,3987.0,Georgia,Asia,,,0.0,,,
3,2020-05-05,604.0,-1.0,9.0,-1.0,240.0,355.0,6.0,151.0,2.0,20579.0,5159.0,Georgia,Asia,,,0.0,,,
4,2020-05-06,610.0,6.0,9.0,-1.0,269.0,332.0,6.0,153.0,2.0,20579.0,5159.0,Georgia,Asia,,,0.0,,,
5,2020-05-07,615.0,5.0,9.0,-1.0,275.0,331.0,6.0,154.0,2.0,24036.0,6025.0,Georgia,Asia,,,0.0,,,
6,2020-05-08,623.0,-1.0,10.0,-1.0,288.0,325.0,6.0,156.0,3.0,25861.0,6483.0,Georgia,Asia,,,0.0,,,
7,2020-05-09,626.0,-1.0,10.0,-1.0,297.0,319.0,6.0,157.0,3.0,27846.0,6980.0,Georgia,Asia,,,0.0,,,
8,2020-05-10,635.0,9.0,10.0,-1.0,309.0,316.0,6.0,159.0,3.0,29736.0,7454.0,Georgia,Asia,,,0.0,,,
9,2020-05-11,638.0,3.0,11.0,1.0,317.0,310.0,6.0,160.0,3.0,29736.0,7454.0,Georgia,Asia,,,0.0,,,
10,2020-05-12,642.0,4.0,11.0,-1.0,349.0,282.0,6.0,161.0,3.0,31952.0,8010.0,Georgia,Asia,,,0.0,,,
11,2020-05-13,647.0,5.0,11.0,-1.0,372.0,264.0,6.0,162.0,3.0,33505.0,8399.0,Georgia,Asia,,,0.0,,,
12,2020-05-14,667.0,20.0,12.0,1.0,383.0,272.0,6.0,167.0,3.0,34500.0,8648.0,Georgia,Asia,,,0.0,,,
13,2020-05-15,671.0,4.0,12.0,-1.0,393.0,266.0,6.0,168.0,3.0,36248.0,9084.0,Georgia,Asia,115.0,3990118.0,0.0,,,
14,2020-05-16,683.0,12.0,12.0,-1.0,419.0,252.0,6.0,171.0,3.0,36248.0,9084.0,Georgia,Asia,115.0,3990097.0,0.0,,,
15,2020-05-17,695.0,12.0,12.0,-1.0,425.0,258.0,6.0,174.0,3.0,36248.0,9085.0,Georgia,Asia,116.0,3990077.0,0.0,,,
16,2020-05-18,701.0,6.0,12.0,-1.0,432.0,257.0,6.0,176.0,3.0,39573.0,9918.0,Georgia,Asia,117.0,3990056.0,0.0,,,
17,2020-05-19,707.0,6.0,12.0,-1.0,456.0,239.0,6.0,177.0,3.0,40711.0,10203.0,Georgia,Asia,117.0,3990035.0,0.0,,,
18,2020-05-20,713.0,6.0,12.0,-1.0,475.0,226.0,6.0,179.0,3.0,40711.0,10203.0,Georgia,Asia,117.0,3990014.0,0.0,,,
19,2020-05-21,721.0,8.0,12.0,-1.0,485.0,224.0,6.0,181.0,3.0,44098.0,11052.0,Georgia,Asia,117.0,3989993.0,0.0,,,
20,2020-05-22,723.0,2.0,12.0,-1.0,495.0,216.0,6.0,181.0,3.0,45707.0,11455.0,Georgia,Asia,118.0,3989972.0,0.0,,,
21,2020-05-23,728.0,5.0,12.0,-1.0,509.0,207.0,6.0,182.0,3.0,45707.0,11456.0,Georgia,Asia,118.0,3989952.0,0.0,,,
22,2020-05-24,730.0,2.0,12.0,-1.0,522.0,196.0,6.0,183.0,3.0,48565.0,12172.0,Georgia,Asia,118.0,3989931.0,0.0,,,
23,2020-05-25,731.0,1.0,12.0,-1.0,526.0,193.0,6.0,183.0,3.0,49093.0,12304.0,Georgia,Asia,119.0,3989910.0,0.0,,,
24,2020-05-26,732.0,1.0,12.0,-1.0,537.0,183.0,6.0,183.0,3.0,50208.0,12584.0,Georgia,Asia,121.0,3989889.0,0.0,,,
25,2020-05-27,735.0,-1.0,12.0,-1.0,557.0,166.0,6.0,184.0,3.0,50208.0,12584.0,Georgia,Asia,122.0,3989847.0,0.0,,,
26,2020-05-28,738.0,3.0,12.0,-1.0,573.0,153.0,6.0,185.0,3.0,52117.0,13062.0,Georgia,Asia,123.0,3989847.0,0.0,,,
27,2020-05-29,746.0,8.0,12.0,-1.0,576.0,158.0,6.0,187.0,3.0,53618.0,13439.0,Georgia,Asia,125.0,3989827.0,0.0,,,
28,2020-05-30,757.0,11.0,12.0,-1.0,600.0,145.0,6.0,190.0,3.0,53618.0,13439.0,Georgia,Asia,126.0,3989806.0,0.0,,,
29,2020-05-31,783.0,26.0,12.0,-1.0,605.0,166.0,6.0,196.0,3.0,56987.0,14283.0,Georgia,Asia,122.0,3989785.0,0.0,,,
30,2020-06-01,794.0,11.0,12.0,-1.0,624.0,158.0,6.0,199.0,3.0,56987.0,14283.0,Georgia,Asia,123.0,3989764.0,0.0,,,
31,2020-06-02,796.0,2.0,13.0,1.0,634.0,149.0,6.0,200.0,3.0,58976.0,14782.0,Georgia,Asia,126.0,3989743.0,10.0,5012.0,306903.0,68.0
32,2020-06-03,800.0,4.0,13.0,-1.0,640.0,147.0,6.0,201.0,3.0,60273.0,15107.0,Georgia,Asia,126.0,3989722.0,6.0,4987.0,306902.0,66.0
33,2020-06-04,801.0,1.0,13.0,-1.0,644.0,144.0,6.0,201.0,3.0,61395.0,15388.0,Georgia,Asia,126.0,3989702.0,4.0,4981.0,306900.0,65.0
34,2020-06-05,805.0,4.0,13.0,-1.0,650.0,142.0,6.0,202.0,3.0,61395.0,15388.0,Georgia,Asia,127.0,3989681.0,6.0,4956.0,306899.0,65.0
35,2020-06-06,808.0,3.0,13.0,-1.0,663.0,132.0,6.0,203.0,3.0,61395.0,15389.0,Georgia,Asia,127.0,3989660.0,13.0,4938.0,306897.0,65.0
36,2020-06-07,809.0,1.0,13.0,-1.0,674.0,122.0,6.0,203.0,3.0,61395.0,15389.0,Georgia,Asia,127.0,3989639.0,11.0,4932.0,306895.0,65.0
37,2020-06-08,812.0,3.0,13.0,-1.0,683.0,116.0,6.0,204.0,3.0,67725.0,16975.0,Georgia,Asia,128.0,3989618.0,9.0,4913.0,306894.0,59.0
38,2020-06-09,818.0,6.0,13.0,-1.0,686.0,119.0,6.0,205.0,3.0,67725.0,16975.0,Georgia,Asia,128.0,3989597.0,3.0,4877.0,306892.0,59.0
39,2020-06-10,827.0,9.0,13.0,-1.0,690.0,124.0,6.0,207.0,3.0,67725.0,16975.0,Georgia,Asia,129.0,3989577.0,4.0,4824.0,306891.0,59.0
40,2020-06-11,831.0,4.0,13.0,-1.0,694.0,124.0,6.0,208.0,3.0,70569.0,17688.0,Georgia,Asia,129.0,3989556.0,4.0,4801.0,306889.0,57.0
41,2020-06-12,843.0,12.0,13.0,-1.0,697.0,133.0,6.0,211.0,3.0,70569.0,17689.0,Georgia,Asia,129.0,3989535.0,3.0,4733.0,306887.0,57.0
42,2020-06-13,851.0,8.0,14.0,1.0,702.0,135.0,6.0,213.0,4.0,73893.0,18522.0,Georgia,Asia,127.0,3989514.0,5.0,4688.0,284965.0,54.0
43,2020-06-14,864.0,13.0,14.0,-1.0,703.0,147.0,6.0,217.0,4.0,75918.0,19029.0,Georgia,Asia,126.0,3989493.0,1.0,4617.0,284964.0,53.0
44,2020-06-15,879.0,15.0,14.0,-1.0,704.0,161.0,6.0,220.0,4.0,75918.0,19030.0,Georgia,Asia,127.0,3989472.0,1.0,4539.0,284962.0,53.0
45,2020-06-16,879.0,-1.0,14.0,-1.0,724.0,141.0,6.0,220.0,4.0,78158.0,19591.0,Georgia,Asia,128.0,3989451.0,20.0,4539.0,284961.0,51.0
46,2020-06-17,888.0,9.0,14.0,-1.0,731.0,143.0,6.0,223.0,4.0,78158.0,19591.0,Georgia,Asia,127.0,3989431.0,7.0,4493.0,284959.0,51.0
47,2020-06-18,893.0,5.0,14.0,-1.0,739.0,140.0,6.0,224.0,4.0,78158.0,19591.0,Georgia,Asia,127.0,3989410.0,8.0,4467.0,284958.0,51.0
48,2020-06-19,896.0,3.0,14.0,-1.0,741.0,141.0,5.0,225.0,4.0,83734.0,20989.0,Georgia,Asia,127.0,3989389.0,2.0,4452.0,284956.0,48.0
49,2020-06-20,898.0,2.0,14.0,-1.0,752.0,132.0,5.0,225.0,4.0,83734.0,20989.0,Georgia,Asia,127.0,3989347.0,11.0,4442.0,284953.0,48.0
50,2020-06-21,906.0,8.0,14.0,-1.0,755.0,137.0,5.0,227.0,4.0,83734.0,20989.0,Georgia,Asia,126.0,3989347.0,3.0,4403.0,284953.0,48.0
51,2020-06-22,908.0,2.0,14.0,-1.0,761.0,133.0,5.0,228.0,4.0,83734.0,20990.0,Georgia,Asia,129.0,3989326.0,6.0,4394.0,284952.0,48.0
52,2020-06-23,911.0,3.0,14.0,-1.0,768.0,129.0,5.0,228.0,4.0,90434.0,22669.0,Georgia,Asia,129.0,3989306.0,7.0,4379.0,284950.0,44.0
53,2020-06-24,914.0,3.0,14.0,-1.0,771.0,129.0,5.0,229.0,4.0,90434.0,22669.0,Georgia,Asia,131.0,3989285.0,3.0,4365.0,284949.0,44.0
54,2020-06-25,917.0,3.0,14.0,-1.0,776.0,127.0,5.0,230.0,4.0,95219.0,23869.0,Georgia,Asia,132.0,3989264.0,5.0,4350.0,284947.0,42.0
55,2020-06-26,919.0,2.0,14.0,-1.0,780.0,125.0,5.0,230.0,4.0,98486.0,24688.0,Georgia,Asia,132.0,3989243.0,4.0,4341.0,284946.0,41.0
56,2020-06-27,921.0,2.0,14.0,-1.0,781.0,126.0,5.0,231.0,4.0,101753.0,25507.0,Georgia,Asia,132.0,3989222.0,1.0,4331.0,284944.0,39.0
57,2020-06-28,924.0,3.0,15.0,1.0,785.0,124.0,5.0,232.0,4.0,101753.0,25507.0,Georgia,Asia,133.0,3989201.0,4.0,4317.0,265947.0,39.0
58,2020-06-29,926.0,2.0,15.0,-1.0,791.0,120.0,5.0,232.0,4.0,101753.0,25507.0,Georgia,Asia,134.0,3989181.0,6.0,4308.0,265945.0,39.0
59,2020-06-30,928.0,2.0,15.0,-1.0,794.0,119.0,5.0,233.0,4.0,106509.0,26700.0,Georgia,Asia,134.0,3989160.0,3.0,4299.0,265944.0,37.0
60,2020-07-01,931.0,3.0,15.0,-1.0,794.0,122.0,5.0,233.0,4.0,106509.0,26700.0,Georgia,Asia,134.0,3989139.0,-1.0,4285.0,265943.0,37.0
61,2020-07-02,939.0,8.0,15.0,-1.0,817.0,107.0,5.0,235.0,4.0,113167.0,28369.0,Georgia,Asia,134.0,3989118.0,23.0,4248.0,265941.0,35.0
62,2020-07-03,943.0,4.0,15.0,-1.0,821.0,107.0,5.0,236.0,4.0,113167.0,28369.0,Georgia,Asia,134.0,3989097.0,4.0,4230.0,265940.0,35.0
63,2020-07-04,948.0,5.0,15.0,-1.0,825.0,108.0,5.0,238.0,4.0,120336.0,30166.0,Georgia,Asia,136.0,3989076.0,4.0,4208.0,265938.0,33.0
64,2020-07-05,951.0,3.0,15.0,-1.0,828.0,108.0,5.0,238.0,4.0,120336.0,30167.0,Georgia,Asia,137.0,3989056.0,3.0,4195.0,265937.0,33.0
65,2020-07-06,953.0,2.0,15.0,-1.0,830.0,108.0,5.0,239.0,4.0,125314.0,31415.0,Georgia,Asia,137.0,3989035.0,2.0,4186.0,265936.0,32.0
66,2020-07-07,958.0,5.0,15.0,-1.0,838.0,105.0,5.0,240.0,4.0,125314.0,31415.0,Georgia,Asia,138.0,3989014.0,8.0,4164.0,265934.0,32.0
67,2020-07-08,963.0,5.0,15.0,-1.0,841.0,107.0,5.0,241.0,4.0,125314.0,31415.0,Georgia,Asia,138.0,3988993.0,3.0,4142.0,265933.0,32.0
68,2020-07-09,968.0,5.0,15.0,-1.0,844.0,109.0,5.0,243.0,4.0,134250.0,33655.0,Georgia,Asia,139.0,3988972.0,3.0,4121.0,265931.0,30.0
69,2020-07-10,973.0,5.0,15.0,-1.0,846.0,112.0,5.0,244.0,4.0,134250.0,33655.0,Georgia,Asia,139.0,3988951.0,2.0,4100.0,265930.0,30.0
70,2020-07-11,981.0,8.0,15.0,-1.0,851.0,115.0,5.0,246.0,4.0,142577.0,35743.0,Georgia,Asia,140.0,3988931.0,5.0,4066.0,265929.0,28.0
71,2020-07-12,986.0,5.0,15.0,-1.0,857.0,114.0,5.0,247.0,4.0,142577.0,35744.0,Georgia,Asia,140.0,3988889.0,6.0,4046.0,265926.0,28.0
72,2020-07-13,995.0,9.0,15.0,-1.0,857.0,123.0,5.0,249.0,4.0,148188.0,37150.0,Georgia,Asia,140.0,3988889.0,-1.0,4009.0,265926.0,27.0
73,2020-07-14,999.0,4.0,15.0,-1.0,870.0,114.0,5.0,250.0,4.0,148188.0,37150.0,Georgia,Asia,140.0,3988868.0,13.0,3993.0,265925.0,27.0
74,2020-07-15,1004.0,5.0,15.0,-1.0,873.0,116.0,5.0,252.0,4.0,156144.0,39145.0,Georgia,Asia,140.0,3988847.0,3.0,3973.0,265923.0,26.0
75,2020-07-16,1006.0,2.0,15.0,-1.0,883.0,108.0,5.0,252.0,4.0,156144.0,39145.0,Georgia,Asia,142.0,3988826.0,10.0,3965.0,265922.0,26.0
76,2020-07-17,1010.0,4.0,15.0,-1.0,885.0,110.0,5.0,253.0,4.0,164285.0,41187.0,Georgia,Asia,142.0,3988806.0,2.0,3949.0,265920.0,24.0
77,2020-07-18,1018.0,8.0,15.0,-1.0,895.0,108.0,5.0,255.0,4.0,164285.0,41187.0,Georgia,Asia,142.0,3988785.0,10.0,3918.0,265919.0,24.0
78,2020-07-19,1028.0,10.0,15.0,-1.0,899.0,114.0,5.0,258.0,4.0,164285.0,41187.0,Georgia,Asia,143.0,3988764.0,4.0,3880.0,265918.0,24.0
79,2020-07-20,1039.0,11.0,16.0,1.0,900.0,123.0,5.0,260.0,4.0,174558.0,43763.0,Georgia,Asia,141.0,3988743.0,1.0,3839.0,249296.0,23.0
80,2020-07-21,1049.0,10.0,16.0,-1.0,903.0,130.0,5.0,263.0,4.0,174558.0,43763.0,Georgia,Asia,142.0,3988722.0,3.0,3802.0,249295.0,23.0
81,2020-07-22,1073.0,24.0,16.0,-1.0,907.0,150.0,5.0,269.0,4.0,174558.0,43763.0,Georgia,Asia,141.0,3988701.0,4.0,3717.0,249294.0,23.0
82,2020-07-23,1085.0,12.0,16.0,-1.0,911.0,158.0,5.0,272.0,4.0,187139.0,46918.0,Georgia,Asia,140.0,3988660.0,4.0,3676.0,249291.0,21.0
83,2020-07-24,1104.0,19.0,16.0,-1.0,912.0,176.0,5.0,277.0,4.0,187139.0,46918.0,Georgia,Asia,140.0,3988660.0,1.0,3613.0,249291.0,21.0
84,2020-07-25,1117.0,13.0,16.0,-1.0,917.0,184.0,5.0,280.0,4.0,187139.0,46918.0,Georgia,Asia,140.0,3988639.0,5.0,3571.0,249290.0,21.0
85,2020-07-26,1131.0,14.0,16.0,-1.0,920.0,195.0,5.0,284.0,4.0,201519.0,50524.0,Georgia,Asia,139.0,3988618.0,3.0,3527.0,249289.0,20.0
86,2020-07-27,1137.0,6.0,16.0,-1.0,922.0,199.0,5.0,285.0,4.0,204356.0,51235.0,Georgia,Asia,139.0,3988597.0,2.0,3508.0,249287.0,20.0
87,2020-07-28,1145.0,8.0,16.0,-1.0,927.0,202.0,5.0,287.0,4.0,204356.0,51236.0,Georgia,Asia,139.0,3988556.0,5.0,3483.0,249285.0,20.0
88,2020-07-29,1155.0,10.0,17.0,1.0,929.0,209.0,5.0,290.0,4.0,214043.0,53664.0,Georgia,Asia,139.0,3988556.0,2.0,3453.0,234621.0,19.0
89,2020-07-30,1160.0,5.0,17.0,-1.0,935.0,208.0,5.0,291.0,4.0,214043.0,53665.0,Georgia,Asia,139.0,3988535.0,6.0,3438.0,234620.0,19.0
90,2020-07-31,1168.0,8.0,17.0,-1.0,940.0,211.0,5.0,293.0,4.0,225145.0,56448.0,Georgia,Asia,139.0,3988514.0,5.0,3415.0,234618.0,18.0
91,2020-08-01,1171.0,3.0,17.0,-1.0,947.0,207.0,5.0,294.0,4.0,225145.0,56449.0,Georgia,Asia,140.0,3988493.0,7.0,3406.0,234617.0,18.0
92,2020-08-02,1177.0,6.0,17.0,-1.0,955.0,205.0,5.0,295.0,4.0,225145.0,56449.0,Georgia,Asia,141.0,3988472.0,8.0,3389.0,234616.0,18.0
