,Date,Tot cases,New cases,Tot Deaths,New Deaths,Total Recovered,Active Cases,Serious,Tot C par million,Deaths par million,Total Test,Tot T par million,Country,Continent,index,population,New Recov,col1,col2,col3
0,2020-05-02,13375.0,270.0,664.0,13.0,3762.0,8949.0,160.0,353.0,18.0,366013.0,9671.0,Poland,Europe,,,0.0,,,
1,2020-05-03,13693.0,318.0,678.0,14.0,3945.0,9070.0,160.0,362.0,18.0,375948.0,9933.0,Poland,Europe,,,0.0,,,
2,2020-05-04,14006.0,313.0,698.0,20.0,4095.0,9213.0,160.0,370.0,18.0,383804.0,10141.0,Poland,Europe,,,0.0,,,
3,2020-05-05,14431.0,-1.0,716.0,-1.0,4280.0,9435.0,160.0,381.0,19.0,394270.0,10418.0,Poland,Europe,,,0.0,,,
4,2020-05-06,14740.0,309.0,733.0,17.0,4655.0,9352.0,160.0,389.0,19.0,410468.0,10846.0,Poland,Europe,,,0.0,,,
5,2020-05-07,15047.0,307.0,755.0,22.0,4862.0,9430.0,160.0,398.0,20.0,425994.0,11256.0,Poland,Europe,,,0.0,,,
6,2020-05-08,15366.0,-1.0,776.0,-1.0,5184.0,9406.0,160.0,406.0,21.0,443506.0,11719.0,Poland,Europe,,,0.0,,,
7,2020-05-09,15651.0,-1.0,785.0,-1.0,5437.0,9429.0,160.0,414.0,21.0,460686.0,12172.0,Poland,Europe,,,0.0,,,
8,2020-05-10,15996.0,345.0,800.0,15.0,5698.0,9498.0,160.0,423.0,21.0,476904.0,12601.0,Poland,Europe,,,0.0,,,
9,2020-05-11,16326.0,330.0,811.0,11.0,5816.0,9699.0,160.0,431.0,21.0,491216.0,12979.0,Poland,Europe,,,0.0,,,
10,2020-05-12,16921.0,595.0,839.0,28.0,6131.0,9951.0,160.0,447.0,22.0,507778.0,13417.0,Poland,Europe,,,0.0,,,
11,2020-05-13,17204.0,283.0,861.0,22.0,6410.0,9933.0,160.0,455.0,23.0,528122.0,13954.0,Poland,Europe,,,0.0,,,
12,2020-05-14,17615.0,411.0,883.0,22.0,6696.0,10036.0,160.0,465.0,23.0,554357.0,14647.0,Poland,Europe,,,0.0,,,
13,2020-05-15,18016.0,401.0,907.0,24.0,6918.0,10191.0,160.0,476.0,24.0,576276.0,15225.0,Poland,Europe,30.0,37851778.0,0.0,,,
14,2020-05-16,18257.0,241.0,915.0,8.0,7175.0,10167.0,160.0,482.0,24.0,601394.0,15888.0,Poland,Europe,30.0,37851666.0,0.0,,,
15,2020-05-17,18529.0,272.0,925.0,10.0,7451.0,10153.0,160.0,490.0,24.0,620249.0,16386.0,Poland,Europe,30.0,37851553.0,0.0,,,
16,2020-05-18,18885.0,356.0,936.0,11.0,7628.0,10321.0,160.0,499.0,25.0,636046.0,16804.0,Poland,Europe,30.0,37851440.0,0.0,,,
17,2020-05-19,19268.0,383.0,948.0,12.0,7903.0,10417.0,160.0,509.0,25.0,653224.0,17258.0,Poland,Europe,30.0,37851327.0,0.0,,,
18,2020-05-20,19739.0,471.0,962.0,14.0,8183.0,10594.0,160.0,521.0,25.0,674861.0,17829.0,Poland,Europe,30.0,37851214.0,0.0,,,
19,2020-05-21,20143.0,404.0,972.0,10.0,8452.0,10719.0,160.0,532.0,26.0,697230.0,18420.0,Poland,Europe,31.0,37851101.0,0.0,,,
20,2020-05-22,20619.0,476.0,982.0,10.0,8731.0,10906.0,160.0,545.0,26.0,719571.0,19011.0,Poland,Europe,31.0,37850989.0,0.0,,,
21,2020-05-23,20931.0,312.0,993.0,11.0,8977.0,10961.0,160.0,553.0,26.0,750939.0,19839.0,Poland,Europe,32.0,37850876.0,0.0,,,
22,2020-05-24,21326.0,395.0,996.0,3.0,9194.0,11136.0,160.0,563.0,26.0,767441.0,20275.0,Poland,Europe,32.0,37850763.0,0.0,,,
23,2020-05-25,21631.0,305.0,1007.0,11.0,9276.0,11348.0,160.0,571.0,27.0,779576.0,20596.0,Poland,Europe,33.0,37850650.0,0.0,,,
24,2020-05-26,22074.0,443.0,1024.0,17.0,10020.0,11030.0,160.0,583.0,27.0,801753.0,21182.0,Poland,Europe,33.0,37850537.0,0.0,,,
25,2020-05-27,22473.0,-1.0,1028.0,-1.0,10330.0,11115.0,160.0,594.0,27.0,824774.0,21790.0,Poland,Europe,34.0,37850312.0,0.0,,,
26,2020-05-28,22825.0,352.0,1038.0,10.0,10560.0,11227.0,160.0,603.0,27.0,846732.0,22371.0,Poland,Europe,34.0,37850312.0,0.0,,,
27,2020-05-29,23155.0,330.0,1051.0,13.0,10692.0,11412.0,160.0,612.0,28.0,873456.0,23077.0,Poland,Europe,34.0,37850199.0,0.0,,,
28,2020-05-30,23571.0,416.0,1061.0,10.0,11016.0,11494.0,160.0,623.0,28.0,899069.0,23753.0,Poland,Europe,34.0,37850086.0,0.0,,,
29,2020-05-31,23786.0,215.0,1064.0,3.0,11271.0,11451.0,160.0,628.0,28.0,915546.0,24189.0,Poland,Europe,35.0,37849973.0,0.0,,,
30,2020-06-01,24165.0,379.0,1074.0,10.0,11449.0,11642.0,160.0,638.0,28.0,931520.0,24611.0,Poland,Europe,35.0,37849860.0,0.0,,,
31,2020-06-02,24395.0,230.0,1092.0,18.0,11726.0,11577.0,160.0,645.0,29.0,945955.0,24992.0,Poland,Europe,35.0,37849748.0,277.0,1552.0,34661.0,40.0
32,2020-06-03,24687.0,292.0,1115.0,23.0,12014.0,11558.0,160.0,652.0,29.0,967177.0,25553.0,Poland,Europe,36.0,37849635.0,288.0,1533.0,33946.0,39.0
33,2020-06-04,25048.0,361.0,1117.0,2.0,12227.0,11704.0,160.0,662.0,30.0,996604.0,26331.0,Poland,Europe,36.0,37849522.0,213.0,1511.0,33885.0,38.0
34,2020-06-05,25410.0,362.0,1137.0,20.0,12410.0,11863.0,160.0,671.0,30.0,1014937.0,26815.0,Poland,Europe,35.0,37849409.0,183.0,1490.0,33289.0,37.0
35,2020-06-06,25986.0,576.0,1153.0,16.0,12641.0,12192.0,160.0,687.0,30.0,1038281.0,27432.0,Poland,Europe,35.0,37849296.0,231.0,1457.0,32827.0,36.0
36,2020-06-07,26561.0,575.0,1157.0,4.0,12855.0,12549.0,160.0,702.0,31.0,1056396.0,27911.0,Poland,Europe,35.0,37849184.0,214.0,1425.0,32713.0,36.0
37,2020-06-08,27160.0,599.0,1166.0,9.0,12998.0,12996.0,160.0,718.0,31.0,1056396.0,27911.0,Poland,Europe,35.0,37849071.0,143.0,1394.0,32461.0,36.0
38,2020-06-09,27560.0,400.0,1183.0,17.0,13196.0,13181.0,160.0,728.0,31.0,1087853.0,28742.0,Poland,Europe,35.0,37848958.0,198.0,1373.0,31994.0,35.0
39,2020-06-10,27842.0,282.0,1206.0,23.0,13411.0,13225.0,160.0,736.0,32.0,1109909.0,29325.0,Poland,Europe,35.0,37848845.0,215.0,1359.0,31384.0,34.0
40,2020-06-11,28201.0,359.0,1215.0,9.0,13696.0,13290.0,75.0,745.0,32.0,1129039.0,29830.0,Poland,Europe,35.0,37848732.0,285.0,1342.0,31151.0,34.0
41,2020-06-12,28577.0,376.0,1222.0,7.0,13805.0,13550.0,77.0,755.0,32.0,1150983.0,30410.0,Poland,Europe,35.0,37848619.0,109.0,1324.0,30973.0,33.0
42,2020-06-13,29017.0,440.0,1237.0,15.0,14104.0,13676.0,77.0,767.0,33.0,1169088.0,30889.0,Poland,Europe,35.0,37848507.0,299.0,1304.0,30597.0,32.0
43,2020-06-14,29392.0,375.0,1247.0,10.0,14226.0,13919.0,83.0,777.0,33.0,1188742.0,31408.0,Poland,Europe,36.0,37848394.0,122.0,1288.0,30352.0,32.0
44,2020-06-15,29788.0,396.0,1256.0,9.0,14383.0,14149.0,78.0,787.0,33.0,1188742.0,31408.0,Poland,Europe,36.0,37848281.0,157.0,1271.0,30134.0,32.0
45,2020-06-16,30195.0,407.0,1272.0,16.0,14654.0,14269.0,80.0,798.0,34.0,1221133.0,32264.0,Poland,Europe,36.0,37848168.0,271.0,1253.0,29755.0,31.0
46,2020-06-17,30701.0,506.0,1286.0,14.0,14921.0,14494.0,76.0,811.0,34.0,1247099.0,32950.0,Poland,Europe,36.0,37848055.0,267.0,1233.0,29431.0,30.0
47,2020-06-18,31015.0,314.0,1316.0,30.0,15317.0,14382.0,72.0,819.0,35.0,1270951.0,33580.0,Poland,Europe,36.0,37847943.0,396.0,1220.0,28760.0,30.0
48,2020-06-19,31316.0,301.0,1334.0,18.0,15698.0,14284.0,87.0,827.0,35.0,1297676.0,34287.0,Poland,Europe,35.0,37847830.0,381.0,1209.0,28372.0,29.0
49,2020-06-20,31620.0,304.0,1346.0,12.0,16181.0,14093.0,72.0,835.0,36.0,1320399.0,34887.0,Poland,Europe,35.0,37847604.0,483.0,1197.0,28119.0,29.0
50,2020-06-21,31931.0,311.0,1356.0,10.0,16683.0,13892.0,71.0,844.0,36.0,1341842.0,35454.0,Poland,Europe,35.0,37847604.0,502.0,1185.0,27911.0,28.0
51,2020-06-22,32227.0,296.0,1359.0,3.0,17076.0,13792.0,72.0,851.0,36.0,1356035.0,35829.0,Poland,Europe,36.0,37847491.0,393.0,1174.0,27850.0,28.0
52,2020-06-23,32527.0,300.0,1375.0,16.0,17573.0,13579.0,68.0,859.0,36.0,1377206.0,36388.0,Poland,Europe,36.0,37847378.0,497.0,1164.0,27525.0,27.0
53,2020-06-24,32821.0,294.0,1396.0,21.0,18134.0,13291.0,65.0,867.0,37.0,1399647.0,36981.0,Poland,Europe,37.0,37847266.0,561.0,1153.0,27111.0,27.0
54,2020-06-25,33119.0,298.0,1412.0,16.0,18654.0,13053.0,74.0,875.0,37.0,1424843.0,37647.0,Poland,Europe,37.0,37847153.0,520.0,1143.0,26804.0,27.0
55,2020-06-26,33395.0,276.0,1429.0,17.0,19218.0,12748.0,77.0,882.0,38.0,1447130.0,38236.0,Poland,Europe,38.0,37847040.0,564.0,1133.0,26485.0,26.0
56,2020-06-27,33714.0,319.0,1435.0,6.0,19972.0,12307.0,80.0,891.0,38.0,1469962.0,38840.0,Poland,Europe,38.0,37846927.0,754.0,1123.0,26374.0,26.0
57,2020-06-28,33907.0,193.0,1438.0,3.0,20548.0,11921.0,83.0,896.0,38.0,1493993.0,39475.0,Poland,Europe,38.0,37846814.0,576.0,1116.0,26319.0,25.0
58,2020-06-29,34154.0,247.0,1444.0,6.0,20897.0,11813.0,86.0,902.0,38.0,1499540.0,39621.0,Poland,Europe,38.0,37846702.0,349.0,1108.0,26210.0,25.0
59,2020-06-30,34393.0,239.0,1463.0,19.0,21281.0,11649.0,85.0,909.0,39.0,1521406.0,40199.0,Poland,Europe,38.0,37846589.0,384.0,1100.0,25869.0,25.0
60,2020-07-01,34775.0,382.0,1477.0,14.0,21791.0,11507.0,78.0,919.0,39.0,1546510.0,40863.0,Poland,Europe,38.0,37846476.0,510.0,1088.0,25624.0,24.0
61,2020-07-02,35146.0,371.0,1492.0,15.0,22209.0,11445.0,73.0,929.0,39.0,1569693.0,41475.0,Poland,Europe,39.0,37846363.0,418.0,1077.0,25366.0,24.0
62,2020-07-03,35405.0,259.0,1507.0,15.0,22651.0,11247.0,72.0,935.0,40.0,1597497.0,42210.0,Poland,Europe,40.0,37846250.0,442.0,1069.0,25114.0,24.0
63,2020-07-04,35719.0,314.0,1512.0,5.0,23127.0,11080.0,74.0,944.0,40.0,1620160.0,42809.0,Poland,Europe,42.0,37846137.0,476.0,1060.0,25031.0,23.0
64,2020-07-05,35950.0,231.0,1517.0,5.0,23746.0,10687.0,77.0,950.0,40.0,1639370.0,43317.0,Poland,Europe,42.0,37846025.0,619.0,1053.0,24948.0,23.0
65,2020-07-06,36155.0,205.0,1521.0,4.0,23966.0,10668.0,76.0,955.0,40.0,1655664.0,43747.0,Poland,Europe,42.0,37845912.0,220.0,1047.0,24882.0,23.0
66,2020-07-07,36412.0,257.0,1528.0,7.0,24238.0,10646.0,73.0,962.0,40.0,1676364.0,44295.0,Poland,Europe,42.0,37845799.0,272.0,1039.0,24768.0,23.0
67,2020-07-08,36689.0,277.0,1542.0,14.0,24878.0,10269.0,66.0,969.0,41.0,1676364.0,44295.0,Poland,Europe,42.0,37845686.0,640.0,1032.0,24543.0,23.0
68,2020-07-09,36951.0,262.0,1551.0,9.0,25477.0,9923.0,65.0,976.0,41.0,1720428.0,45459.0,Poland,Europe,42.0,37845573.0,599.0,1024.0,24401.0,22.0
69,2020-07-10,37216.0,265.0,1562.0,11.0,26048.0,9606.0,66.0,983.0,41.0,1720428.0,45459.0,Poland,Europe,42.0,37845460.0,571.0,1017.0,24229.0,22.0
70,2020-07-11,37521.0,305.0,1568.0,6.0,26635.0,9318.0,67.0,991.0,41.0,1779643.0,47024.0,Poland,Europe,42.0,37845348.0,587.0,1009.0,24136.0,21.0
71,2020-07-12,37891.0,370.0,1571.0,3.0,27148.0,9172.0,65.0,1001.0,42.0,1779643.0,47024.0,Poland,Europe,43.0,37845122.0,513.0,999.0,24090.0,21.0
72,2020-07-13,38190.0,299.0,1576.0,5.0,27515.0,9099.0,69.0,1009.0,42.0,1813365.0,47915.0,Poland,Europe,43.0,37845122.0,367.0,991.0,24013.0,21.0
73,2020-07-14,38457.0,267.0,1588.0,12.0,27756.0,9113.0,74.0,1016.0,42.0,1813365.0,47916.0,Poland,Europe,43.0,37845009.0,241.0,984.0,23832.0,21.0
74,2020-07-15,38721.0,264.0,1594.0,6.0,28492.0,8635.0,73.0,1023.0,42.0,1860592.0,49164.0,Poland,Europe,43.0,37844896.0,736.0,977.0,23742.0,20.0
75,2020-07-16,39054.0,333.0,1605.0,11.0,28928.0,8521.0,68.0,1032.0,42.0,1886089.0,49837.0,Poland,Europe,43.0,37844784.0,436.0,969.0,23579.0,20.0
76,2020-07-17,39407.0,353.0,1612.0,7.0,29505.0,8290.0,71.0,1041.0,43.0,1886089.0,49838.0,Poland,Europe,43.0,37844671.0,577.0,960.0,23477.0,20.0
77,2020-07-18,39746.0,339.0,1618.0,6.0,29924.0,8204.0,66.0,1050.0,43.0,1936889.0,51180.0,Poland,Europe,43.0,37844558.0,419.0,952.0,23390.0,20.0
78,2020-07-19,40104.0,358.0,1624.0,6.0,30292.0,8188.0,67.0,1060.0,43.0,1936889.0,51180.0,Poland,Europe,43.0,37844445.0,368.0,944.0,23303.0,20.0
