,Date,Tot cases,New cases,Tot Deaths,New Deaths,Total Recovered,Active Cases,Serious,Tot C par million,Deaths par million,Total Test,Tot T par million,Country,Continent,index,population,New Recov,col1,col2,col3
0,2020-05-02,11411.0,550.0,279.0,7.0,1498.0,9634.0,151.0,261.0,6.0,122752.0,2807.0,Ukraine,Europe,,,0.0,,,
1,2020-05-03,11913.0,502.0,288.0,9.0,1548.0,10077.0,158.0,272.0,7.0,129723.0,2966.0,Ukraine,Europe,,,0.0,,,
2,2020-05-04,12331.0,418.0,303.0,15.0,1619.0,10409.0,160.0,282.0,7.0,134592.0,3078.0,Ukraine,Europe,,,0.0,,,
3,2020-05-05,12697.0,-1.0,316.0,-1.0,1875.0,10506.0,167.0,290.0,7.0,139759.0,3196.0,Ukraine,Europe,,,0.0,,,
4,2020-05-06,13184.0,487.0,327.0,11.0,2097.0,10760.0,169.0,301.0,7.0,144283.0,3299.0,Ukraine,Europe,,,0.0,,,
5,2020-05-07,13691.0,507.0,340.0,13.0,2396.0,10955.0,178.0,313.0,8.0,151569.0,3466.0,Ukraine,Europe,,,0.0,,,
6,2020-05-08,14195.0,-1.0,361.0,-1.0,2706.0,11128.0,178.0,325.0,8.0,159155.0,3639.0,Ukraine,Europe,,,0.0,,,
7,2020-05-09,14710.0,-1.0,376.0,-1.0,2909.0,11425.0,190.0,336.0,9.0,167107.0,3821.0,Ukraine,Europe,,,0.0,,,
8,2020-05-10,15232.0,522.0,391.0,15.0,3060.0,11781.0,201.0,348.0,9.0,176403.0,4034.0,Ukraine,Europe,,,0.0,,,
9,2020-05-11,15648.0,416.0,408.0,17.0,3288.0,11952.0,207.0,358.0,9.0,181552.0,4151.0,Ukraine,Europe,,,0.0,,,
10,2020-05-12,16023.0,375.0,425.0,17.0,3373.0,12225.0,211.0,366.0,10.0,187307.0,4283.0,Ukraine,Europe,,,0.0,,,
11,2020-05-13,16425.0,402.0,439.0,14.0,3716.0,12270.0,218.0,376.0,10.0,192247.0,4396.0,Ukraine,Europe,,,0.0,,,
12,2020-05-14,16847.0,422.0,456.0,17.0,4143.0,12248.0,222.0,385.0,10.0,202495.0,4630.0,Ukraine,Europe,,,0.0,,,
13,2020-05-15,17330.0,483.0,476.0,20.0,4473.0,12381.0,225.0,396.0,11.0,211614.0,4835.0,Ukraine,Europe,31.0,43765842.0,0.0,,,
14,2020-05-16,17858.0,528.0,497.0,21.0,4906.0,12455.0,231.0,408.0,11.0,220638.0,5041.0,Ukraine,Europe,31.0,43765128.0,0.0,,,
15,2020-05-17,18291.0,433.0,514.0,17.0,5116.0,12661.0,238.0,418.0,12.0,227801.0,5205.0,Ukraine,Europe,31.0,43764414.0,0.0,,,
16,2020-05-18,18616.0,325.0,535.0,21.0,5276.0,12805.0,240.0,425.0,12.0,232899.0,5322.0,Ukraine,Europe,31.0,43763700.0,0.0,,,
17,2020-05-19,18876.0,260.0,548.0,13.0,5632.0,12696.0,245.0,431.0,13.0,239961.0,5483.0,Ukraine,Europe,31.0,43762985.0,0.0,,,
18,2020-05-20,19230.0,354.0,564.0,16.0,5955.0,12711.0,245.0,439.0,13.0,248529.0,5679.0,Ukraine,Europe,31.0,43762271.0,0.0,,,
19,2020-05-21,19706.0,476.0,579.0,15.0,6227.0,12900.0,249.0,450.0,13.0,257890.0,5893.0,Ukraine,Europe,32.0,43761557.0,0.0,,,
20,2020-05-22,20148.0,442.0,588.0,9.0,6585.0,12975.0,256.0,460.0,13.0,267185.0,6106.0,Ukraine,Europe,32.0,43760843.0,0.0,,,
21,2020-05-23,20580.0,432.0,605.0,17.0,6929.0,13046.0,256.0,470.0,14.0,277712.0,6346.0,Ukraine,Europe,33.0,43760129.0,0.0,,,
22,2020-05-24,20986.0,406.0,617.0,12.0,7108.0,13261.0,256.0,480.0,14.0,285626.0,6527.0,Ukraine,Europe,34.0,43759415.0,0.0,,,
23,2020-05-25,21245.0,259.0,623.0,6.0,7234.0,13388.0,256.0,486.0,14.0,291868.0,6670.0,Ukraine,Europe,34.0,43758701.0,0.0,,,
24,2020-05-26,21584.0,339.0,644.0,21.0,7575.0,13365.0,259.0,493.0,15.0,301736.0,6896.0,Ukraine,Europe,35.0,43757987.0,0.0,,,
25,2020-05-27,21905.0,-1.0,658.0,-1.0,7995.0,13252.0,259.0,501.0,15.0,312532.0,7143.0,Ukraine,Europe,35.0,43756559.0,0.0,,,
26,2020-05-28,22382.0,477.0,669.0,11.0,8439.0,13274.0,263.0,512.0,15.0,322746.0,7376.0,Ukraine,Europe,35.0,43756559.0,0.0,,,
27,2020-05-29,22811.0,429.0,679.0,10.0,8934.0,13198.0,267.0,521.0,16.0,337318.0,7709.0,Ukraine,Europe,35.0,43755845.0,0.0,,,
28,2020-05-30,23204.0,393.0,696.0,17.0,9311.0,13197.0,273.0,530.0,16.0,348279.0,7960.0,Ukraine,Europe,36.0,43755130.0,0.0,,,
29,2020-05-31,23672.0,468.0,708.0,12.0,9538.0,13426.0,278.0,541.0,16.0,356565.0,8149.0,Ukraine,Europe,36.0,43754416.0,0.0,,,
30,2020-06-01,24012.0,340.0,718.0,10.0,9690.0,13604.0,283.0,549.0,16.0,363187.0,8301.0,Ukraine,Europe,36.0,43753702.0,0.0,,,
31,2020-06-02,24340.0,328.0,727.0,9.0,10078.0,13535.0,286.0,556.0,17.0,371668.0,8495.0,Ukraine,Europe,36.0,43752988.0,388.0,1798.0,60183.0,118.0
32,2020-06-03,24823.0,483.0,735.0,8.0,10440.0,13648.0,292.0,567.0,17.0,381552.0,8721.0,Ukraine,Europe,35.0,43752274.0,362.0,1763.0,59527.0,115.0
33,2020-06-04,25411.0,588.0,747.0,12.0,11042.0,13622.0,297.0,581.0,17.0,392316.0,8967.0,Ukraine,Europe,34.0,43751560.0,602.0,1722.0,58570.0,112.0
34,2020-06-05,25964.0,553.0,762.0,15.0,11372.0,13830.0,298.0,593.0,17.0,403551.0,9224.0,Ukraine,Europe,34.0,43750846.0,330.0,1685.0,57416.0,108.0
35,2020-06-06,26514.0,550.0,777.0,15.0,11812.0,13925.0,301.0,606.0,18.0,414542.0,9475.0,Ukraine,Europe,34.0,43750132.0,440.0,1650.0,56306.0,106.0
36,2020-06-07,26999.0,485.0,788.0,11.0,12054.0,14157.0,304.0,617.0,18.0,424046.0,9693.0,Ukraine,Europe,34.0,43749418.0,242.0,1620.0,55520.0,103.0
37,2020-06-08,27462.0,463.0,797.0,9.0,12195.0,14470.0,304.0,628.0,18.0,431085.0,9854.0,Ukraine,Europe,34.0,43748704.0,141.0,1593.0,54892.0,101.0
38,2020-06-09,27856.0,394.0,810.0,13.0,12412.0,14634.0,304.0,637.0,19.0,437444.0,9999.0,Ukraine,Europe,34.0,43747990.0,217.0,1571.0,54010.0,100.0
39,2020-06-10,28381.0,525.0,833.0,23.0,12769.0,14779.0,306.0,649.0,19.0,445940.0,10194.0,Ukraine,Europe,34.0,43747275.0,357.0,1541.0,52518.0,98.0
40,2020-06-11,29070.0,689.0,854.0,21.0,13141.0,15075.0,306.0,665.0,20.0,456509.0,10435.0,Ukraine,Europe,34.0,43746561.0,372.0,1505.0,51225.0,96.0
41,2020-06-12,29753.0,683.0,870.0,16.0,13567.0,15316.0,306.0,680.0,20.0,468172.0,10702.0,Ukraine,Europe,34.0,43745847.0,426.0,1470.0,50283.0,93.0
42,2020-06-13,30506.0,753.0,880.0,10.0,13976.0,15650.0,306.0,697.0,20.0,479111.0,10952.0,Ukraine,Europe,34.0,43745133.0,409.0,1434.0,49710.0,91.0
43,2020-06-14,31154.0,648.0,889.0,9.0,14082.0,16183.0,314.0,712.0,20.0,489334.0,11186.0,Ukraine,Europe,33.0,43744419.0,106.0,1404.0,49206.0,89.0
44,2020-06-15,31810.0,656.0,901.0,12.0,14253.0,16656.0,314.0,727.0,21.0,497284.0,11368.0,Ukraine,Europe,33.0,43743705.0,171.0,1375.0,48550.0,88.0
45,2020-06-16,32476.0,666.0,912.0,11.0,14528.0,17036.0,319.0,742.0,21.0,507251.0,11596.0,Ukraine,Europe,34.0,43742991.0,275.0,1347.0,47964.0,86.0
46,2020-06-17,33234.0,758.0,943.0,31.0,14943.0,17348.0,327.0,760.0,22.0,517995.0,11842.0,Ukraine,Europe,34.0,43742277.0,415.0,1316.0,46386.0,84.0
47,2020-06-18,34063.0,829.0,966.0,23.0,15447.0,17650.0,327.0,779.0,22.0,517995.0,11842.0,Ukraine,Europe,34.0,43741563.0,504.0,1284.0,45281.0,84.0
48,2020-06-19,34984.0,921.0,985.0,19.0,16033.0,17966.0,343.0,800.0,23.0,542247.0,12397.0,Ukraine,Europe,34.0,43740849.0,586.0,1250.0,44407.0,81.0
49,2020-06-20,35825.0,841.0,994.0,9.0,16406.0,18425.0,345.0,819.0,23.0,553737.0,12660.0,Ukraine,Europe,34.0,43739420.0,373.0,1221.0,44003.0,79.0
50,2020-06-21,36560.0,735.0,1002.0,8.0,16509.0,19049.0,350.0,836.0,23.0,563194.0,12876.0,Ukraine,Europe,34.0,43739420.0,103.0,1196.0,43652.0,78.0
51,2020-06-22,37241.0,681.0,1012.0,10.0,16642.0,19587.0,353.0,851.0,23.0,569589.0,13023.0,Ukraine,Europe,34.0,43738706.0,133.0,1174.0,43220.0,77.0
52,2020-06-23,38074.0,833.0,1035.0,23.0,16956.0,20083.0,364.0,871.0,24.0,580814.0,13279.0,Ukraine,Europe,34.0,43737992.0,314.0,1149.0,42259.0,75.0
53,2020-06-24,39014.0,940.0,1051.0,16.0,17409.0,20554.0,367.0,892.0,24.0,594002.0,13581.0,Ukraine,Europe,34.0,43737278.0,453.0,1121.0,41615.0,74.0
54,2020-06-25,40008.0,994.0,1067.0,16.0,17758.0,21183.0,372.0,915.0,24.0,606766.0,13873.0,Ukraine,Europe,34.0,43736564.0,349.0,1093.0,40990.0,72.0
55,2020-06-26,41117.0,1109.0,1086.0,19.0,18299.0,21732.0,378.0,940.0,25.0,620624.0,14190.0,Ukraine,Europe,34.0,43735850.0,541.0,1064.0,40272.0,70.0
56,2020-06-27,42065.0,948.0,1110.0,24.0,18701.0,22254.0,386.0,962.0,25.0,631966.0,14450.0,Ukraine,Europe,34.0,43735136.0,402.0,1040.0,39401.0,69.0
57,2020-06-28,42982.0,917.0,1129.0,19.0,18934.0,22919.0,386.0,983.0,26.0,641911.0,14677.0,Ukraine,Europe,34.0,43734422.0,233.0,1018.0,38737.0,68.0
58,2020-06-29,43628.0,646.0,1147.0,18.0,19027.0,23454.0,83.0,998.0,26.0,649150.0,14843.0,Ukraine,Europe,34.0,43733708.0,93.0,1002.0,38129.0,67.0
59,2020-06-30,44334.0,706.0,1159.0,12.0,19115.0,24060.0,92.0,1014.0,27.0,656122.0,15003.0,Ukraine,Europe,33.0,43732994.0,88.0,986.0,37733.0,67.0
60,2020-07-01,44998.0,664.0,1173.0,14.0,19548.0,24277.0,97.0,1029.0,27.0,666147.0,15232.0,Ukraine,Europe,33.0,43732279.0,433.0,972.0,37282.0,66.0
61,2020-07-02,45887.0,889.0,1185.0,12.0,20053.0,24649.0,98.0,1049.0,27.0,677257.0,15487.0,Ukraine,Europe,33.0,43731565.0,505.0,953.0,36904.0,65.0
62,2020-07-03,46763.0,876.0,1212.0,27.0,20558.0,24993.0,105.0,1069.0,28.0,690953.0,15800.0,Ukraine,Europe,33.0,43730851.0,505.0,935.0,36082.0,63.0
63,2020-07-04,47677.0,914.0,1227.0,15.0,21115.0,25335.0,102.0,1090.0,28.0,705836.0,16141.0,Ukraine,Europe,33.0,43730137.0,557.0,917.0,35640.0,62.0
64,2020-07-05,48500.0,823.0,1249.0,22.0,21376.0,25875.0,105.0,1109.0,29.0,705836.0,16141.0,Ukraine,Europe,33.0,43729423.0,261.0,902.0,35012.0,62.0
65,2020-07-06,49043.0,543.0,1262.0,13.0,21703.0,26078.0,103.0,1122.0,29.0,722513.0,16523.0,Ukraine,Europe,33.0,43728709.0,327.0,892.0,34650.0,61.0
66,2020-07-07,49607.0,564.0,1283.0,21.0,22193.0,26131.0,106.0,1134.0,29.0,731858.0,16737.0,Ukraine,Europe,34.0,43727995.0,490.0,881.0,34083.0,60.0
67,2020-07-08,50414.0,807.0,1306.0,23.0,23119.0,25989.0,91.0,1153.0,30.0,745313.0,17045.0,Ukraine,Europe,34.0,43727281.0,926.0,867.0,33482.0,59.0
68,2020-07-09,51224.0,810.0,1327.0,21.0,23784.0,26113.0,85.0,1171.0,30.0,760247.0,17386.0,Ukraine,Europe,35.0,43726567.0,665.0,854.0,32951.0,58.0
69,2020-07-10,52043.0,819.0,1345.0,18.0,24800.0,25898.0,101.0,1190.0,31.0,773831.0,17697.0,Ukraine,Europe,35.0,43725853.0,1016.0,840.0,32510.0,57.0
70,2020-07-11,52843.0,800.0,1372.0,27.0,25661.0,25810.0,105.0,1209.0,31.0,786402.0,17985.0,Ukraine,Europe,35.0,43725138.0,861.0,827.0,31870.0,56.0
71,2020-07-12,53521.0,678.0,1383.0,11.0,26118.0,26020.0,89.0,1224.0,32.0,796680.0,18221.0,Ukraine,Europe,35.0,43723710.0,457.0,817.0,31615.0,55.0
72,2020-07-13,54133.0,612.0,1398.0,15.0,26503.0,26232.0,81.0,1238.0,32.0,803657.0,18380.0,Ukraine,Europe,35.0,43723710.0,385.0,808.0,31276.0,54.0
73,2020-07-14,54771.0,638.0,1412.0,14.0,27154.0,26205.0,104.0,1253.0,32.0,813396.0,18603.0,Ukraine,Europe,35.0,43722996.0,651.0,798.0,30965.0,54.0
74,2020-07-15,55607.0,836.0,1427.0,15.0,28131.0,26049.0,93.0,1272.0,33.0,827157.0,18918.0,Ukraine,Europe,35.0,43722282.0,977.0,786.0,30639.0,53.0
75,2020-07-16,56455.0,848.0,1445.0,18.0,28931.0,26079.0,79.0,1291.0,33.0,840332.0,19220.0,Ukraine,Europe,34.0,43721568.0,800.0,774.0,30257.0,52.0
76,2020-07-17,57264.0,809.0,1456.0,11.0,29769.0,26039.0,92.0,1310.0,33.0,854064.0,19534.0,Ukraine,Europe,34.0,43720854.0,838.0,763.0,30028.0,51.0
77,2020-07-18,58111.0,847.0,1477.0,21.0,30525.0,26109.0,96.0,1329.0,34.0,864596.0,19776.0,Ukraine,Europe,34.0,43720140.0,756.0,752.0,29601.0,51.0
78,2020-07-19,58842.0,731.0,1485.0,8.0,30879.0,26478.0,93.0,1346.0,34.0,877262.0,20066.0,Ukraine,Europe,34.0,43719426.0,354.0,743.0,29441.0,50.0
79,2020-07-20,59493.0,651.0,1498.0,13.0,31439.0,26556.0,89.0,1361.0,34.0,881997.0,20174.0,Ukraine,Europe,35.0,43718712.0,560.0,735.0,29185.0,50.0
80,2020-07-21,60166.0,673.0,1518.0,20.0,32199.0,26449.0,89.0,1376.0,35.0,894393.0,20458.0,Ukraine,Europe,35.0,43717998.0,760.0,727.0,28800.0,49.0
81,2020-07-22,60995.0,829.0,1534.0,16.0,33172.0,26289.0,84.0,1395.0,35.0,907360.0,20755.0,Ukraine,Europe,35.0,43717283.0,973.0,717.0,28499.0,48.0
82,2020-07-23,61851.0,856.0,1551.0,17.0,34000.0,26300.0,88.0,1415.0,35.0,921858.0,21087.0,Ukraine,Europe,35.0,43715855.0,828.0,707.0,28186.0,47.0
83,2020-07-24,62823.0,972.0,1571.0,20.0,34886.0,26366.0,91.0,1437.0,36.0,937006.0,21434.0,Ukraine,Europe,34.0,43715855.0,886.0,696.0,27827.0,47.0
84,2020-07-25,63929.0,1106.0,1590.0,19.0,35497.0,26842.0,91.0,1462.0,36.0,937006.0,21434.0,Ukraine,Europe,34.0,43715141.0,611.0,684.0,27494.0,47.0
85,2020-07-26,64849.0,920.0,1605.0,15.0,35807.0,27437.0,91.0,1483.0,37.0,937006.0,21435.0,Ukraine,Europe,34.0,43714427.0,310.0,674.0,27236.0,47.0
86,2020-07-27,65656.0,807.0,1616.0,11.0,36112.0,27928.0,82.0,1502.0,37.0,970705.0,22206.0,Ukraine,Europe,34.0,43713713.0,305.0,666.0,27051.0,45.0
87,2020-07-28,66575.0,919.0,1629.0,13.0,36744.0,28202.0,101.0,1523.0,37.0,983350.0,22496.0,Ukraine,Europe,33.0,43712285.0,632.0,657.0,26834.0,44.0
88,2020-07-29,67597.0,1022.0,1650.0,21.0,37394.0,28553.0,99.0,1546.0,38.0,998299.0,22838.0,Ukraine,Europe,33.0,43712285.0,650.0,647.0,26492.0,44.0
89,2020-07-30,68794.0,1197.0,1673.0,23.0,38154.0,28967.0,102.0,1574.0,38.0,1013793.0,23193.0,Ukraine,Europe,33.0,43711571.0,760.0,635.0,26128.0,43.0
90,2020-07-31,69884.0,1090.0,1693.0,20.0,38752.0,29439.0,114.0,1599.0,39.0,1029220.0,23546.0,Ukraine,Europe,33.0,43710857.0,598.0,625.0,25819.0,42.0
91,2020-08-01,71056.0,1172.0,1709.0,16.0,39308.0,30039.0,124.0,1626.0,39.0,1046080.0,23932.0,Ukraine,Europe,34.0,43710142.0,556.0,615.0,25576.0,42.0
92,2020-08-02,72168.0,1112.0,1725.0,16.0,39543.0,30900.0,128.0,1651.0,39.0,1058383.0,24214.0,Ukraine,Europe,34.0,43709428.0,235.0,606.0,25339.0,41.0
