,Date,Tot cases,New cases,Tot Deaths,New Deaths,Total Recovered,Active Cases,Serious,Tot C par million,Deaths par million,Total Test,Tot T par million,Country,Continent,index,population,New Recov,col1,col2,col3
0,2020-05-02,8790.0,552.0,175.0,5.0,177.0,8438.0,1.0,53.0,1.0,76066.0,462.0,Bangladesh,Asia,,,0.0,,,
1,2020-05-03,9455.0,665.0,177.0,2.0,1063.0,8215.0,1.0,57.0,1.0,81434.0,494.0,Bangladesh,Asia,,,0.0,,,
2,2020-05-04,10143.0,688.0,182.0,5.0,1209.0,8752.0,1.0,62.0,1.0,87694.0,532.0,Bangladesh,Asia,,,0.0,,,
3,2020-05-05,10929.0,-1.0,183.0,-1.0,1403.0,9343.0,1.0,66.0,1.0,93405.0,567.0,Bangladesh,Asia,,,0.0,,,
4,2020-05-06,11719.0,790.0,186.0,3.0,1403.0,10130.0,1.0,71.0,1.0,99646.0,605.0,Bangladesh,Asia,,,0.0,,,
5,2020-05-07,12425.0,706.0,199.0,13.0,1910.0,10316.0,1.0,75.0,1.0,105513.0,641.0,Bangladesh,Asia,,,0.0,,,
6,2020-05-08,13134.0,-1.0,206.0,-1.0,2101.0,10827.0,1.0,80.0,1.0,111401.0,676.0,Bangladesh,Asia,,,0.0,,,
7,2020-05-09,13770.0,-1.0,214.0,-1.0,2414.0,11142.0,1.0,84.0,1.0,116919.0,710.0,Bangladesh,Asia,,,0.0,,,
8,2020-05-10,14657.0,887.0,228.0,14.0,2650.0,11779.0,1.0,89.0,1.0,122657.0,745.0,Bangladesh,Asia,,,0.0,,,
9,2020-05-11,15691.0,1034.0,239.0,11.0,2902.0,12550.0,1.0,95.0,1.0,129865.0,789.0,Bangladesh,Asia,,,0.0,,,
10,2020-05-12,16660.0,969.0,250.0,11.0,3147.0,13263.0,1.0,101.0,2.0,136638.0,830.0,Bangladesh,Asia,,,0.0,,,
11,2020-05-13,17822.0,1162.0,269.0,19.0,3361.0,14192.0,1.0,108.0,2.0,144538.0,878.0,Bangladesh,Asia,,,0.0,,,
12,2020-05-14,18863.0,1041.0,283.0,14.0,3361.0,15219.0,1.0,115.0,2.0,151930.0,923.0,Bangladesh,Asia,,,0.0,,,
13,2020-05-15,20065.0,1202.0,298.0,15.0,3882.0,15885.0,1.0,122.0,2.0,160512.0,976.0,Bangladesh,Asia,29.0,164475123.0,0.0,,,
14,2020-05-16,20995.0,930.0,314.0,16.0,4117.0,16564.0,1.0,128.0,2.0,167114.0,1016.0,Bangladesh,Asia,29.0,164479603.0,0.0,,,
15,2020-05-17,22268.0,1273.0,328.0,14.0,4373.0,17567.0,1.0,135.0,2.0,175228.0,1065.0,Bangladesh,Asia,29.0,164484082.0,0.0,,,
16,2020-05-18,23870.0,1602.0,349.0,21.0,4585.0,18936.0,1.0,145.0,2.0,185086.0,1125.0,Bangladesh,Asia,29.0,164488562.0,0.0,,,
17,2020-05-19,25121.0,1251.0,370.0,21.0,4993.0,19758.0,1.0,153.0,2.0,193645.0,1177.0,Bangladesh,Asia,27.0,164493041.0,0.0,,,
18,2020-05-20,26738.0,1617.0,386.0,16.0,5207.0,21145.0,1.0,163.0,2.0,203852.0,1239.0,Bangladesh,Asia,27.0,164497521.0,0.0,,,
19,2020-05-21,28511.0,1773.0,408.0,22.0,5602.0,22501.0,1.0,173.0,2.0,214114.0,1302.0,Bangladesh,Asia,27.0,164502000.0,0.0,,,
20,2020-05-22,30205.0,1694.0,432.0,24.0,6190.0,23583.0,1.0,184.0,3.0,223841.0,1361.0,Bangladesh,Asia,26.0,164506480.0,0.0,,,
21,2020-05-23,32078.0,1873.0,452.0,20.0,6486.0,25140.0,1.0,195.0,3.0,234675.0,1427.0,Bangladesh,Asia,24.0,164510959.0,0.0,,,
22,2020-05-24,33610.0,1532.0,480.0,28.0,6901.0,26229.0,1.0,204.0,3.0,243583.0,1481.0,Bangladesh,Asia,23.0,164515439.0,0.0,,,
23,2020-05-25,35585.0,1975.0,501.0,21.0,7334.0,27750.0,1.0,216.0,3.0,253034.0,1538.0,Bangladesh,Asia,23.0,164519918.0,0.0,,,
24,2020-05-26,36751.0,1166.0,522.0,21.0,7579.0,28650.0,1.0,223.0,3.0,258550.0,1571.0,Bangladesh,Asia,23.0,164524398.0,0.0,,,
25,2020-05-27,38292.0,-1.0,544.0,-1.0,7925.0,29823.0,1.0,233.0,3.0,266456.0,1619.0,Bangladesh,Asia,22.0,164533357.0,0.0,,,
26,2020-05-28,40321.0,2029.0,559.0,15.0,8425.0,31337.0,1.0,245.0,3.0,275776.0,1676.0,Bangladesh,Asia,21.0,164533357.0,0.0,,,
27,2020-05-29,42844.0,2523.0,582.0,23.0,9015.0,33247.0,1.0,260.0,4.0,287067.0,1745.0,Bangladesh,Asia,21.0,164537836.0,0.0,,,
28,2020-05-30,44608.0,1764.0,610.0,28.0,9375.0,34623.0,1.0,271.0,4.0,297054.0,1805.0,Bangladesh,Asia,21.0,164542316.0,0.0,,,
29,2020-05-31,47153.0,2545.0,650.0,40.0,9781.0,36722.0,1.0,287.0,4.0,308940.0,1878.0,Bangladesh,Asia,20.0,164546795.0,0.0,,,
30,2020-06-01,49534.0,2381.0,672.0,22.0,10597.0,38265.0,1.0,301.0,4.0,320969.0,1951.0,Bangladesh,Asia,20.0,164551275.0,0.0,,,
31,2020-06-02,52445.0,2911.0,709.0,37.0,11120.0,40616.0,1.0,319.0,4.0,333073.0,2024.0,Bangladesh,Asia,20.0,164555754.0,523.0,3138.0,232096.0,494.0
32,2020-06-03,55140.0,2695.0,746.0,37.0,11590.0,42804.0,1.0,335.0,5.0,345583.0,2100.0,Bangladesh,Asia,20.0,164560234.0,470.0,2984.0,220590.0,476.0
33,2020-06-04,57563.0,2423.0,781.0,35.0,12161.0,44621.0,1.0,350.0,5.0,358277.0,2177.0,Bangladesh,Asia,20.0,164564713.0,571.0,2859.0,210710.0,459.0
34,2020-06-05,60391.0,2828.0,811.0,30.0,12804.0,46776.0,1.0,367.0,5.0,372365.0,2263.0,Bangladesh,Asia,19.0,164569193.0,643.0,2725.0,202921.0,442.0
35,2020-06-06,63026.0,2635.0,846.0,35.0,13325.0,48855.0,1.0,383.0,5.0,384851.0,2338.0,Bangladesh,Asia,19.0,164573672.0,521.0,2611.0,194532.0,428.0
36,2020-06-07,65769.0,2743.0,888.0,42.0,13903.0,50978.0,1.0,400.0,5.0,397987.0,2418.0,Bangladesh,Asia,19.0,164578152.0,578.0,2502.0,185336.0,414.0
37,2020-06-08,68504.0,2735.0,930.0,42.0,14560.0,53014.0,1.0,416.0,6.0,410841.0,2496.0,Bangladesh,Asia,19.0,164582631.0,657.0,2403.0,176971.0,401.0
38,2020-06-09,71675.0,3171.0,975.0,45.0,15337.0,55363.0,1.0,435.0,6.0,425595.0,2586.0,Bangladesh,Asia,19.0,164587111.0,777.0,2296.0,168807.0,387.0
39,2020-06-10,74865.0,3190.0,1012.0,37.0,15900.0,57953.0,1.0,455.0,6.0,441560.0,2683.0,Bangladesh,Asia,18.0,164591590.0,563.0,2199.0,162640.0,373.0
40,2020-06-11,78052.0,3187.0,1049.0,37.0,16747.0,60256.0,1.0,474.0,6.0,457332.0,2779.0,Bangladesh,Asia,18.0,164596070.0,847.0,2109.0,156908.0,360.0
41,2020-06-12,81523.0,3471.0,1095.0,46.0,17249.0,63179.0,1.0,495.0,7.0,473322.0,2876.0,Bangladesh,Asia,18.0,164600549.0,502.0,2019.0,150320.0,348.0
42,2020-06-13,84379.0,2856.0,1139.0,44.0,17828.0,65412.0,1.0,513.0,7.0,489960.0,2977.0,Bangladesh,Asia,18.0,164605029.0,579.0,1951.0,144517.0,336.0
43,2020-06-14,87520.0,3141.0,1171.0,32.0,18730.0,67619.0,1.0,532.0,7.0,504465.0,3065.0,Bangladesh,Asia,18.0,164609508.0,902.0,1881.0,140572.0,326.0
44,2020-06-15,90619.0,3099.0,1209.0,38.0,18731.0,70679.0,1.0,550.0,7.0,519503.0,3156.0,Bangladesh,Asia,18.0,164613988.0,1.0,1817.0,136157.0,317.0
45,2020-06-16,94481.0,3862.0,1262.0,53.0,36264.0,56955.0,1.0,574.0,8.0,533717.0,3242.0,Bangladesh,Asia,18.0,164618467.0,17533.0,1742.0,130443.0,308.0
46,2020-06-17,98489.0,4008.0,1305.0,43.0,38189.0,58995.0,1.0,598.0,8.0,551244.0,3349.0,Bangladesh,Asia,18.0,164622947.0,1925.0,1671.0,126148.0,299.0
47,2020-06-18,102292.0,3803.0,1343.0,38.0,40164.0,60785.0,1.0,621.0,8.0,570503.0,3465.0,Bangladesh,Asia,17.0,164627426.0,1975.0,1609.0,122582.0,289.0
48,2020-06-19,105535.0,3243.0,1388.0,45.0,42945.0,61202.0,1.0,641.0,8.0,585548.0,3557.0,Bangladesh,Asia,17.0,164631906.0,2781.0,1560.0,118611.0,281.0
49,2020-06-20,108775.0,3240.0,1425.0,37.0,43993.0,63357.0,1.0,661.0,9.0,599579.0,3642.0,Bangladesh,Asia,17.0,164640865.0,1048.0,1514.0,115537.0,275.0
50,2020-06-21,112306.0,3531.0,1464.0,39.0,45077.0,65765.0,1.0,682.0,9.0,615164.0,3736.0,Bangladesh,Asia,17.0,164640865.0,1084.0,1466.0,112460.0,268.0
51,2020-06-22,115786.0,3480.0,1502.0,38.0,46755.0,67529.0,1.0,703.0,9.0,630719.0,3831.0,Bangladesh,Asia,17.0,164645344.0,1678.0,1422.0,109617.0,261.0
52,2020-06-23,119198.0,3412.0,1545.0,43.0,47635.0,70018.0,1.0,724.0,9.0,647011.0,3930.0,Bangladesh,Asia,17.0,164649824.0,880.0,1381.0,106569.0,254.0
53,2020-06-24,122660.0,3462.0,1582.0,37.0,49666.0,71412.0,1.0,745.0,10.0,663444.0,4029.0,Bangladesh,Asia,17.0,164654303.0,2031.0,1342.0,104080.0,248.0
54,2020-06-25,126606.0,3946.0,1621.0,39.0,51495.0,73490.0,1.0,769.0,10.0,681443.0,4139.0,Bangladesh,Asia,17.0,164658783.0,1829.0,1301.0,101579.0,242.0
55,2020-06-26,130474.0,3868.0,1661.0,40.0,53133.0,75680.0,1.0,792.0,10.0,699941.0,4251.0,Bangladesh,Asia,17.0,164663262.0,1638.0,1262.0,99135.0,235.0
56,2020-06-27,133978.0,3504.0,1695.0,34.0,54318.0,77965.0,1.0,814.0,10.0,715098.0,4343.0,Bangladesh,Asia,17.0,164667742.0,1185.0,1229.0,97149.0,230.0
57,2020-06-28,137787.0,3809.0,1738.0,43.0,55727.0,80322.0,1.0,837.0,11.0,733197.0,4452.0,Bangladesh,Asia,18.0,164672221.0,1409.0,1195.0,94748.0,225.0
58,2020-06-29,141801.0,4014.0,1783.0,45.0,57780.0,82238.0,1.0,861.0,11.0,751034.0,4561.0,Bangladesh,Asia,18.0,164676701.0,2053.0,1161.0,92359.0,219.0
59,2020-06-30,145483.0,3682.0,1847.0,64.0,59624.0,84012.0,1.0,883.0,11.0,769460.0,4672.0,Bangladesh,Asia,18.0,164681180.0,1844.0,1132.0,89161.0,214.0
60,2020-07-01,149258.0,3775.0,1888.0,41.0,62108.0,85262.0,1.0,906.0,11.0,787335.0,4781.0,Bangladesh,Asia,18.0,164685660.0,2484.0,1103.0,87228.0,209.0
61,2020-07-02,153277.0,4019.0,1926.0,38.0,66442.0,84909.0,1.0,931.0,12.0,805697.0,4892.0,Bangladesh,Asia,18.0,164690139.0,4334.0,1074.0,85509.0,204.0
62,2020-07-03,156391.0,3114.0,1968.0,42.0,68048.0,86375.0,1.0,950.0,12.0,820347.0,4981.0,Bangladesh,Asia,18.0,164694619.0,1606.0,1053.0,83686.0,201.0
63,2020-07-04,159679.0,3288.0,1997.0,29.0,70721.0,86961.0,1.0,970.0,12.0,835074.0,5070.0,Bangladesh,Asia,18.0,164699098.0,2673.0,1031.0,82473.0,197.0
64,2020-07-05,162417.0,2738.0,2052.0,55.0,72625.0,87740.0,1.0,986.0,12.0,849062.0,5155.0,Bangladesh,Asia,18.0,164703578.0,1904.0,1014.0,80265.0,194.0
65,2020-07-06,165618.0,3201.0,2096.0,44.0,76149.0,87373.0,1.0,1006.0,13.0,863307.0,5241.0,Bangladesh,Asia,18.0,164708057.0,3524.0,995.0,78582.0,191.0
66,2020-07-07,168645.0,3027.0,2151.0,55.0,78102.0,88392.0,1.0,1024.0,13.0,876480.0,5321.0,Bangladesh,Asia,18.0,164712537.0,1953.0,977.0,76575.0,188.0
67,2020-07-08,172134.0,3489.0,2197.0,46.0,80838.0,89099.0,1.0,1045.0,13.0,892152.0,5416.0,Bangladesh,Asia,17.0,164717016.0,2736.0,957.0,74974.0,185.0
68,2020-07-09,175494.0,3360.0,2238.0,41.0,84544.0,88712.0,1.0,1065.0,14.0,907784.0,5511.0,Bangladesh,Asia,17.0,164721496.0,3706.0,939.0,73602.0,181.0
69,2020-07-10,178443.0,2949.0,2275.0,37.0,86406.0,89762.0,1.0,1083.0,14.0,921272.0,5593.0,Bangladesh,Asia,17.0,164725975.0,1862.0,923.0,72407.0,179.0
70,2020-07-11,181129.0,2686.0,2305.0,30.0,88034.0,90790.0,1.0,1100.0,14.0,932465.0,5661.0,Bangladesh,Asia,17.0,164730455.0,1628.0,909.0,71467.0,177.0
71,2020-07-12,183795.0,2666.0,2352.0,47.0,93614.0,87829.0,1.0,1116.0,14.0,943524.0,5727.0,Bangladesh,Asia,17.0,164739414.0,5580.0,896.0,70042.0,175.0
72,2020-07-13,186894.0,3099.0,2391.0,39.0,98317.0,86186.0,1.0,1134.0,15.0,955947.0,5803.0,Bangladesh,Asia,17.0,164739414.0,4703.0,881.0,68900.0,172.0
73,2020-07-14,190057.0,3163.0,2424.0,33.0,103227.0,84406.0,1.0,1154.0,15.0,966400.0,5866.0,Bangladesh,Asia,17.0,164743893.0,4910.0,867.0,67964.0,170.0
74,2020-07-15,193590.0,3533.0,2457.0,33.0,105523.0,85610.0,1.0,1175.0,15.0,980402.0,5951.0,Bangladesh,Asia,17.0,164748373.0,2296.0,851.0,67053.0,168.0
75,2020-07-16,196323.0,2733.0,2496.0,39.0,106963.0,86864.0,1.0,1192.0,15.0,993291.0,6029.0,Bangladesh,Asia,17.0,164752852.0,1440.0,839.0,66007.0,166.0
76,2020-07-17,199357.0,3034.0,2547.0,51.0,108725.0,88085.0,1.0,1210.0,15.0,1006751.0,6111.0,Bangladesh,Asia,17.0,164757332.0,1762.0,826.0,64687.0,164.0
77,2020-07-18,202066.0,2709.0,2581.0,34.0,110098.0,89387.0,1.0,1226.0,16.0,1017674.0,6177.0,Bangladesh,Asia,17.0,164761811.0,1373.0,815.0,63836.0,162.0
78,2020-07-19,204525.0,2459.0,2618.0,37.0,111642.0,90265.0,1.0,1241.0,16.0,1028299.0,6241.0,Bangladesh,Asia,16.0,164766291.0,1544.0,806.0,62936.0,160.0
