,Date,Tot cases,New cases,Tot Deaths,New Deaths,Total Recovered,Active Cases,Serious,Tot C par million,Deaths par million,Total Test,Tot T par million,Country,Continent,index,population,New Recov,col1,col2,col3
0,2020-05-02,10.0,3.0,2.0,-1.0,1.0,7.0,-1.0,0.3,0.07,120.0,4.0,Yemen,Asia,,,0.0,,,
1,2020-05-03,10.0,-1.0,2.0,-1.0,1.0,7.0,-1.0,0.3,0.07,120.0,4.0,Yemen,Asia,,,0.0,,,
2,2020-05-04,12.0,2.0,2.0,-1.0,1.0,9.0,-1.0,0.4,0.07,120.0,4.0,Yemen,Asia,,,0.0,,,
3,2020-05-05,22.0,-1.0,4.0,-1.0,1.0,17.0,-1.0,0.7,0.1,120.0,4.0,Yemen,Asia,,,0.0,,,
4,2020-05-06,25.0,3.0,5.0,1.0,1.0,19.0,-1.0,0.8,0.2,120.0,4.0,Yemen,Asia,,,0.0,,,
5,2020-05-07,25.0,-1.0,5.0,-1.0,1.0,19.0,-1.0,0.8,0.2,120.0,4.0,Yemen,Asia,,,0.0,,,
6,2020-05-08,34.0,-1.0,7.0,-1.0,1.0,26.0,-1.0,1.0,0.2,120.0,4.0,Yemen,Asia,,,0.0,,,
7,2020-05-09,34.0,-1.0,7.0,-1.0,1.0,26.0,-1.0,1.0,0.2,120.0,4.0,Yemen,Asia,,,0.0,,,
8,2020-05-10,34.0,-1.0,7.0,-1.0,1.0,26.0,-1.0,1.0,0.2,120.0,4.0,Yemen,Asia,,,0.0,,,
9,2020-05-11,51.0,-1.0,8.0,-1.0,1.0,42.0,-1.0,2.0,0.3,120.0,4.0,Yemen,Asia,,,0.0,,,
10,2020-05-12,65.0,9.0,10.0,1.0,1.0,54.0,-1.0,2.0,0.3,120.0,4.0,Yemen,Asia,,,0.0,,,
11,2020-05-13,70.0,5.0,12.0,2.0,1.0,57.0,-1.0,2.0,0.4,120.0,4.0,Yemen,Asia,,,0.0,,,
12,2020-05-14,85.0,15.0,12.0,-1.0,1.0,72.0,-1.0,3.0,0.4,120.0,4.0,Yemen,Asia,,,0.0,,,
13,2020-05-15,106.0,21.0,15.0,3.0,1.0,90.0,-1.0,4.0,0.5,120.0,4.0,Yemen,Asia,161.0,29735785.0,0.0,,,
14,2020-05-16,122.0,16.0,18.0,3.0,1.0,103.0,-1.0,4.0,0.6,120.0,4.0,Yemen,Asia,158.0,29737584.0,0.0,,,
15,2020-05-17,128.0,6.0,20.0,2.0,1.0,107.0,-1.0,4.0,0.7,120.0,4.0,Yemen,Asia,158.0,29739383.0,0.0,,,
16,2020-05-18,128.0,-1.0,20.0,-1.0,1.0,107.0,-1.0,4.0,0.7,120.0,4.0,Yemen,Asia,158.0,29741182.0,0.0,,,
17,2020-05-19,130.0,-1.0,20.0,-1.0,1.0,109.0,-1.0,4.0,0.7,120.0,4.0,Yemen,Asia,158.0,29742981.0,0.0,,,
18,2020-05-20,184.0,17.0,30.0,2.0,5.0,149.0,-1.0,6.0,1.0,120.0,4.0,Yemen,Asia,153.0,29744780.0,0.0,,,
19,2020-05-21,197.0,13.0,33.0,3.0,5.0,159.0,-1.0,7.0,1.0,120.0,4.0,Yemen,Asia,150.0,29746579.0,0.0,,,
20,2020-05-22,209.0,12.0,33.0,-1.0,11.0,165.0,-1.0,7.0,1.0,120.0,4.0,Yemen,Asia,149.0,29748378.0,0.0,,,
21,2020-05-23,212.0,3.0,39.0,6.0,11.0,162.0,-1.0,7.0,1.0,120.0,4.0,Yemen,Asia,149.0,29750177.0,0.0,,,
22,2020-05-24,222.0,10.0,42.0,3.0,10.0,170.0,-1.0,7.0,1.0,120.0,4.0,Yemen,Asia,150.0,29751976.0,0.0,,,
23,2020-05-25,233.0,11.0,44.0,2.0,10.0,179.0,-1.0,8.0,1.0,120.0,4.0,Yemen,Asia,150.0,29753775.0,0.0,,,
24,2020-05-26,233.0,-1.0,44.0,-1.0,10.0,179.0,-1.0,8.0,1.0,120.0,4.0,Yemen,Asia,150.0,29755574.0,0.0,,,
25,2020-05-27,256.0,-1.0,53.0,-1.0,10.0,193.0,-1.0,9.0,2.0,120.0,4.0,Yemen,Asia,151.0,29759172.0,0.0,,,
26,2020-05-28,278.0,22.0,57.0,4.0,11.0,210.0,-1.0,9.0,2.0,120.0,4.0,Yemen,Asia,150.0,29759172.0,0.0,,,
27,2020-05-29,283.0,5.0,65.0,8.0,11.0,207.0,-1.0,10.0,2.0,120.0,4.0,Yemen,Asia,149.0,29760970.0,0.0,,,
28,2020-05-30,310.0,27.0,77.0,12.0,13.0,220.0,-1.0,10.0,3.0,120.0,4.0,Yemen,Asia,149.0,29762769.0,0.0,,,
29,2020-05-31,323.0,13.0,80.0,3.0,14.0,229.0,-1.0,11.0,3.0,120.0,4.0,Yemen,Asia,149.0,29764568.0,0.0,,,
30,2020-06-01,354.0,31.0,84.0,4.0,14.0,256.0,-1.0,12.0,3.0,120.0,4.0,Yemen,Asia,145.0,29766367.0,0.0,,,
31,2020-06-02,399.0,45.0,87.0,3.0,15.0,297.0,-1.0,13.0,3.0,120.0,4.0,Yemen,Asia,144.0,29768166.0,1.0,74607.0,342163.0,248.0
32,2020-06-03,419.0,20.0,95.0,8.0,17.0,307.0,-1.0,14.0,3.0,120.0,4.0,Yemen,Asia,144.0,29769965.0,2.0,71050.0,313368.0,248.0
33,2020-06-04,453.0,34.0,103.0,8.0,17.0,333.0,-1.0,15.0,3.0,120.0,4.0,Yemen,Asia,143.0,29771764.0,-1.0,65721.0,289046.0,248.0
34,2020-06-05,469.0,16.0,111.0,8.0,23.0,335.0,-1.0,16.0,4.0,120.0,4.0,Yemen,Asia,142.0,29773563.0,6.0,63483.0,268230.0,248.0
35,2020-06-06,469.0,-1.0,111.0,-1.0,23.0,335.0,-1.0,16.0,4.0,120.0,4.0,Yemen,Asia,142.0,29775362.0,-1.0,63487.0,268247.0,248.0
36,2020-06-07,484.0,2.0,112.0,1.0,23.0,349.0,-1.0,16.0,4.0,120.0,4.0,Yemen,Asia,141.0,29777161.0,-1.0,61523.0,265868.0,248.0
37,2020-06-08,496.0,12.0,112.0,-1.0,23.0,361.0,-1.0,17.0,4.0,120.0,4.0,Yemen,Asia,141.0,29778960.0,-1.0,60038.0,265884.0,248.0
38,2020-06-09,524.0,28.0,127.0,15.0,23.0,374.0,-1.0,18.0,4.0,120.0,4.0,Yemen,Asia,138.0,29780759.0,-1.0,56834.0,234494.0,248.0
39,2020-06-10,560.0,36.0,129.0,2.0,23.0,408.0,-1.0,19.0,4.0,120.0,4.0,Yemen,Asia,139.0,29782558.0,-1.0,53183.0,230873.0,248.0
40,2020-06-11,591.0,31.0,136.0,7.0,23.0,432.0,-1.0,20.0,5.0,120.0,4.0,Yemen,Asia,138.0,29784357.0,-1.0,50397.0,219003.0,248.0
41,2020-06-12,632.0,41.0,139.0,3.0,28.0,465.0,-1.0,21.0,5.0,120.0,4.0,Yemen,Asia,137.0,29786156.0,5.0,47130.0,214289.0,248.0
42,2020-06-13,705.0,73.0,160.0,21.0,39.0,506.0,-1.0,24.0,5.0,120.0,4.0,Yemen,Asia,133.0,29787955.0,11.0,42252.0,186175.0,248.0
43,2020-06-14,728.0,23.0,164.0,4.0,53.0,511.0,-1.0,24.0,6.0,120.0,4.0,Yemen,Asia,131.0,29789754.0,14.0,40920.0,181645.0,248.0
44,2020-06-15,844.0,116.0,208.0,44.0,79.0,557.0,-1.0,28.0,7.0,120.0,4.0,Yemen,Asia,131.0,29791553.0,26.0,35298.0,143229.0,248.0
45,2020-06-16,885.0,41.0,214.0,6.0,91.0,580.0,-1.0,30.0,7.0,120.0,4.0,Yemen,Asia,126.0,29793351.0,12.0,33665.0,139221.0,248.0
46,2020-06-17,902.0,17.0,244.0,30.0,271.0,387.0,-1.0,30.0,8.0,120.0,4.0,Yemen,Asia,125.0,29795150.0,180.0,33032.0,122111.0,248.0
47,2020-06-18,909.0,7.0,248.0,4.0,273.0,388.0,-1.0,31.0,8.0,120.0,4.0,Yemen,Asia,125.0,29796949.0,2.0,32780.0,120149.0,248.0
48,2020-06-19,919.0,10.0,251.0,3.0,288.0,380.0,-1.0,31.0,8.0,120.0,4.0,Yemen,Asia,125.0,29798748.0,15.0,32425.0,118720.0,248.0
49,2020-06-20,922.0,3.0,254.0,3.0,328.0,340.0,-1.0,31.0,9.0,120.0,4.0,Yemen,Asia,125.0,29802346.0,40.0,32324.0,117332.0,248.0
50,2020-06-21,941.0,19.0,256.0,2.0,347.0,338.0,-1.0,32.0,9.0,120.0,4.0,Yemen,Asia,125.0,29802346.0,19.0,31671.0,116415.0,248.0
51,2020-06-22,967.0,26.0,257.0,1.0,350.0,360.0,-1.0,32.0,9.0,120.0,4.0,Yemen,Asia,127.0,29804145.0,3.0,30821.0,115969.0,248.0
52,2020-06-23,992.0,25.0,261.0,4.0,356.0,375.0,-1.0,33.0,9.0,120.0,4.0,Yemen,Asia,126.0,29805944.0,6.0,30046.0,114199.0,248.0
53,2020-06-24,1015.0,23.0,274.0,13.0,379.0,362.0,-1.0,34.0,9.0,120.0,4.0,Yemen,Asia,126.0,29807743.0,23.0,29367.0,108787.0,248.0
54,2020-06-25,1076.0,61.0,288.0,14.0,386.0,402.0,-1.0,36.0,10.0,120.0,4.0,Yemen,Asia,125.0,29809542.0,7.0,27704.0,103505.0,248.0
55,2020-06-26,1089.0,13.0,293.0,5.0,402.0,394.0,-1.0,37.0,10.0,120.0,4.0,Yemen,Asia,124.0,29811341.0,16.0,27375.0,101745.0,248.0
56,2020-06-27,1103.0,14.0,296.0,3.0,417.0,390.0,-1.0,37.0,10.0,120.0,4.0,Yemen,Asia,125.0,29813140.0,15.0,27029.0,100720.0,248.0
57,2020-06-28,1118.0,15.0,302.0,6.0,430.0,386.0,-1.0,37.0,10.0,120.0,4.0,Yemen,Asia,126.0,29814939.0,13.0,26668.0,98725.0,248.0
58,2020-06-29,1128.0,10.0,304.0,2.0,432.0,392.0,-1.0,38.0,10.0,120.0,4.0,Yemen,Asia,125.0,29816738.0,2.0,26433.0,98081.0,248.0
59,2020-06-30,1158.0,30.0,312.0,8.0,488.0,358.0,-1.0,39.0,10.0,120.0,4.0,Yemen,Asia,125.0,29818537.0,56.0,25750.0,95572.0,248.0
60,2020-07-01,1190.0,32.0,318.0,6.0,504.0,368.0,-1.0,40.0,11.0,120.0,4.0,Yemen,Asia,124.0,29820336.0,16.0,25059.0,93775.0,248.0
61,2020-07-02,1221.0,31.0,325.0,7.0,513.0,383.0,-1.0,41.0,11.0,120.0,4.0,Yemen,Asia,124.0,29822135.0,9.0,24424.0,91760.0,248.0
62,2020-07-03,1240.0,19.0,335.0,10.0,536.0,369.0,-1.0,42.0,11.0,120.0,4.0,Yemen,Asia,124.0,29823934.0,23.0,24052.0,89027.0,248.0
63,2020-07-04,1248.0,8.0,337.0,2.0,537.0,374.0,-1.0,42.0,11.0,120.0,4.0,Yemen,Asia,124.0,29825732.0,1.0,23899.0,88504.0,248.0
64,2020-07-05,1265.0,17.0,338.0,1.0,552.0,375.0,-1.0,42.0,11.0,120.0,4.0,Yemen,Asia,124.0,29827531.0,15.0,23579.0,88247.0,248.0
65,2020-07-06,1284.0,19.0,345.0,7.0,575.0,364.0,-1.0,43.0,12.0,120.0,4.0,Yemen,Asia,124.0,29829330.0,23.0,23232.0,86462.0,248.0
66,2020-07-07,1297.0,13.0,348.0,3.0,591.0,358.0,-1.0,43.0,12.0,120.0,4.0,Yemen,Asia,124.0,29831129.0,16.0,23000.0,85722.0,248.0
67,2020-07-08,1318.0,21.0,351.0,3.0,595.0,372.0,-1.0,44.0,12.0,120.0,4.0,Yemen,Asia,124.0,29832928.0,4.0,22635.0,84994.0,248.0
68,2020-07-09,1356.0,38.0,361.0,10.0,619.0,376.0,-1.0,45.0,12.0,120.0,4.0,Yemen,Asia,124.0,29834727.0,24.0,22002.0,82645.0,248.0
69,2020-07-10,1380.0,24.0,364.0,3.0,630.0,386.0,-1.0,46.0,12.0,120.0,4.0,Yemen,Asia,124.0,29836526.0,11.0,21621.0,81968.0,248.0
70,2020-07-11,1389.0,9.0,365.0,1.0,642.0,382.0,-1.0,47.0,12.0,120.0,4.0,Yemen,Asia,124.0,29838325.0,12.0,21482.0,81749.0,248.0
71,2020-07-12,1465.0,76.0,417.0,52.0,659.0,389.0,-1.0,49.0,14.0,120.0,4.0,Yemen,Asia,124.0,29841923.0,17.0,20370.0,71563.0,248.0
72,2020-07-13,1498.0,33.0,424.0,7.0,675.0,399.0,-1.0,50.0,14.0,120.0,4.0,Yemen,Asia,125.0,29841923.0,16.0,19921.0,70382.0,248.0
73,2020-07-14,1516.0,18.0,429.0,5.0,685.0,402.0,-1.0,51.0,14.0,120.0,4.0,Yemen,Asia,124.0,29843722.0,10.0,19686.0,69566.0,248.0
74,2020-07-15,1526.0,10.0,433.0,4.0,694.0,399.0,-1.0,51.0,15.0,120.0,4.0,Yemen,Asia,125.0,29845521.0,9.0,19558.0,68927.0,248.0
75,2020-07-16,1552.0,26.0,438.0,5.0,695.0,419.0,-1.0,52.0,15.0,120.0,4.0,Yemen,Asia,124.0,29847320.0,1.0,19232.0,68145.0,248.0
76,2020-07-17,1576.0,24.0,440.0,2.0,695.0,441.0,-1.0,53.0,15.0,120.0,4.0,Yemen,Asia,127.0,29849119.0,-1.0,18940.0,67839.0,248.0
77,2020-07-18,1581.0,5.0,443.0,3.0,701.0,437.0,-1.0,53.0,15.0,120.0,4.0,Yemen,Asia,127.0,29850918.0,6.0,18881.0,67384.0,248.0
78,2020-07-19,1606.0,25.0,445.0,2.0,712.0,449.0,-1.0,54.0,15.0,120.0,4.0,Yemen,Asia,127.0,29852717.0,11.0,18588.0,67085.0,248.0
79,2020-07-20,1619.0,13.0,447.0,2.0,714.0,458.0,-1.0,54.0,15.0,120.0,4.0,Yemen,Asia,128.0,29854516.0,2.0,18440.0,66789.0,248.0
80,2020-07-21,1629.0,10.0,456.0,9.0,741.0,432.0,-1.0,55.0,15.0,120.0,4.0,Yemen,Asia,128.0,29856315.0,27.0,18328.0,65474.0,248.0
81,2020-07-22,1640.0,11.0,458.0,2.0,751.0,431.0,-1.0,55.0,15.0,120.0,4.0,Yemen,Asia,128.0,29858113.0,10.0,18206.0,65192.0,248.0
82,2020-07-23,1654.0,14.0,461.0,3.0,762.0,431.0,-1.0,55.0,15.0,120.0,4.0,Yemen,Asia,129.0,29861711.0,11.0,18054.0,64776.0,248.0
83,2020-07-24,1674.0,20.0,469.0,8.0,779.0,426.0,-1.0,56.0,16.0,120.0,4.0,Yemen,Asia,129.0,29861711.0,17.0,17839.0,63671.0,248.0
84,2020-07-25,1674.0,-1.0,474.0,5.0,780.0,420.0,-1.0,56.0,16.0,120.0,4.0,Yemen,Asia,130.0,29863510.0,1.0,17840.0,63003.0,248.0
85,2020-07-26,1681.0,7.0,479.0,5.0,797.0,405.0,-1.0,56.0,16.0,120.0,4.0,Yemen,Asia,130.0,29865309.0,17.0,17766.0,62349.0,248.0
86,2020-07-27,1691.0,10.0,483.0,4.0,833.0,375.0,-1.0,57.0,16.0,120.0,4.0,Yemen,Asia,131.0,29867108.0,36.0,17662.0,61837.0,248.0
87,2020-07-28,1703.0,12.0,484.0,1.0,840.0,379.0,-1.0,57.0,16.0,120.0,4.0,Yemen,Asia,131.0,29870706.0,7.0,17540.0,61716.0,248.0
88,2020-07-29,1711.0,8.0,485.0,1.0,849.0,377.0,-1.0,57.0,16.0,120.0,4.0,Yemen,Asia,131.0,29870706.0,9.0,17458.0,61589.0,248.0
89,2020-07-30,1726.0,15.0,487.0,2.0,856.0,383.0,-1.0,58.0,16.0,120.0,4.0,Yemen,Asia,131.0,29872505.0,7.0,17307.0,61340.0,248.0
90,2020-07-31,1728.0,2.0,493.0,6.0,862.0,373.0,-1.0,58.0,17.0,120.0,4.0,Yemen,Asia,131.0,29874304.0,6.0,17288.0,60597.0,248.0
91,2020-08-01,1730.0,2.0,494.0,1.0,862.0,374.0,-1.0,58.0,17.0,120.0,4.0,Yemen,Asia,131.0,29876103.0,-1.0,17269.0,60478.0,248.0
92,2020-08-02,1734.0,4.0,497.0,3.0,862.0,375.0,-1.0,58.0,17.0,120.0,4.0,Yemen,Asia,132.0,29877902.0,-1.0,17231.0,60117.0,248.0
