,Date,Tot cases,New cases,Tot Deaths,New Deaths,Total Recovered,Active Cases,Serious,Tot C par million,Deaths par million,Total Test,Tot T par million,Country,Continent,index,population,New Recov,col1,col2,col3
0,2020-05-02,20739.0,1515.0,1972.0,113.0,12377.0,6390.0,378.0,161.0,15.0,91188.0,707.0,Mexico,North America,,,0.0,,,
1,2020-05-03,22088.0,1349.0,2061.0,89.0,13447.0,6580.0,378.0,171.0,16.0,93791.0,727.0,Mexico,North America,,,0.0,,,
2,2020-05-04,23471.0,1383.0,2154.0,93.0,13447.0,7870.0,378.0,182.0,17.0,93791.0,727.0,Mexico,North America,,,0.0,,,
3,2020-05-05,26025.0,1120.0,2507.0,236.0,16810.0,6708.0,378.0,202.0,19.0,100041.0,776.0,Mexico,North America,,,0.0,,,
4,2020-05-06,26025.0,1120.0,2507.0,236.0,16810.0,6708.0,378.0,202.0,19.0,100041.0,776.0,Mexico,North America,,,0.0,,,
5,2020-05-07,27634.0,1609.0,2704.0,197.0,17781.0,7149.0,378.0,214.0,21.0,105664.0,820.0,Mexico,North America,,,0.0,,,
6,2020-05-08,31522.0,1906.0,3160.0,199.0,20314.0,8048.0,378.0,244.0,25.0,123446.0,957.0,Mexico,North America,,,0.0,,,
7,2020-05-09,33460.0,1938.0,3353.0,193.0,20314.0,9793.0,378.0,260.0,26.0,123446.0,957.0,Mexico,North America,,,0.0,,,
8,2020-05-10,33460.0,1938.0,3353.0,193.0,21824.0,8283.0,378.0,260.0,26.0,128148.0,994.0,Mexico,North America,,,0.0,,,
9,2020-05-11,35022.0,1562.0,3465.0,112.0,23100.0,8457.0,378.0,272.0,27.0,130956.0,1016.0,Mexico,North America,,,0.0,,,
10,2020-05-12,36327.0,1305.0,3573.0,108.0,23100.0,9654.0,378.0,282.0,28.0,135116.0,1048.0,Mexico,North America,,,0.0,,,
11,2020-05-13,38324.0,1997.0,3926.0,353.0,25935.0,8463.0,378.0,297.0,30.0,142204.0,1103.0,Mexico,North America,,,0.0,,,
12,2020-05-14,40186.0,1862.0,4220.0,294.0,26990.0,8976.0,378.0,312.0,33.0,142204.0,1103.0,Mexico,North America,,,0.0,,,
13,2020-05-15,42595.0,2409.0,4477.0,257.0,28475.0,9643.0,378.0,331.0,35.0,155932.0,1211.0,Mexico,North America,17.0,128755457.0,0.0,,,
14,2020-05-16,45032.0,2437.0,4767.0,290.0,30451.0,9814.0,378.0,350.0,37.0,163691.0,1271.0,Mexico,North America,16.0,128759156.0,0.0,,,
15,2020-05-17,47144.0,2112.0,5045.0,278.0,31848.0,10251.0,378.0,366.0,39.0,163691.0,1271.0,Mexico,North America,16.0,128762855.0,0.0,,,
16,2020-05-18,49219.0,2075.0,5177.0,132.0,33329.0,10713.0,378.0,382.0,40.0,172294.0,1338.0,Mexico,North America,16.0,128766554.0,0.0,,,
17,2020-05-19,51633.0,2414.0,5332.0,155.0,35388.0,10913.0,378.0,401.0,41.0,177133.0,1376.0,Mexico,North America,16.0,128770253.0,0.0,,,
18,2020-05-20,54346.0,2713.0,5666.0,334.0,37325.0,11355.0,378.0,422.0,44.0,185755.0,1442.0,Mexico,North America,16.0,128773952.0,0.0,,,
19,2020-05-21,56594.0,2248.0,6090.0,424.0,38876.0,11628.0,378.0,439.0,47.0,185755.0,1442.0,Mexico,North America,16.0,128777650.0,0.0,,,
20,2020-05-22,59567.0,2973.0,6510.0,420.0,40657.0,12400.0,378.0,463.0,51.0,201838.0,1567.0,Mexico,North America,16.0,128781349.0,0.0,,,
21,2020-05-23,62527.0,2960.0,6989.0,479.0,42725.0,12813.0,378.0,486.0,54.0,201838.0,1567.0,Mexico,North America,16.0,128785048.0,0.0,,,
22,2020-05-24,65856.0,3329.0,7179.0,190.0,44919.0,13758.0,378.0,511.0,56.0,215656.0,1674.0,Mexico,North America,16.0,128788747.0,0.0,,,
23,2020-05-25,68620.0,2764.0,7394.0,215.0,47424.0,13802.0,378.0,533.0,57.0,219164.0,1702.0,Mexico,North America,16.0,128792446.0,0.0,,,
24,2020-05-26,71105.0,2485.0,7633.0,239.0,49890.0,13582.0,378.0,552.0,59.0,225650.0,1752.0,Mexico,North America,16.0,128796145.0,0.0,,,
25,2020-05-27,78023.0,3463.0,8597.0,463.0,54383.0,15043.0,378.0,606.0,67.0,235129.0,1825.0,Mexico,North America,16.0,128803542.0,0.0,,,
26,2020-05-28,78023.0,3463.0,8597.0,463.0,54383.0,15043.0,378.0,606.0,67.0,244858.0,1901.0,Mexico,North America,16.0,128803542.0,0.0,,,
27,2020-05-29,81400.0,3377.0,9044.0,447.0,56638.0,15718.0,378.0,632.0,70.0,244858.0,1901.0,Mexico,North America,16.0,128807241.0,0.0,,,
28,2020-05-30,84627.0,3227.0,9415.0,371.0,59610.0,15602.0,378.0,657.0,73.0,244858.0,1901.0,Mexico,North America,15.0,128810940.0,0.0,,,
29,2020-05-31,87512.0,2885.0,9779.0,364.0,61871.0,15862.0,378.0,679.0,76.0,270992.0,2104.0,Mexico,North America,15.0,128814639.0,0.0,,,
30,2020-06-01,90664.0,3152.0,9930.0,151.0,64326.0,16408.0,378.0,704.0,77.0,270992.0,2104.0,Mexico,North America,15.0,128818338.0,0.0,,,
31,2020-06-02,93435.0,2771.0,10167.0,237.0,67491.0,15777.0,378.0,725.0,79.0,282089.0,2190.0,Mexico,North America,14.0,128822037.0,3165.0,1379.0,12671.0,457.0
32,2020-06-03,97326.0,3891.0,10637.0,470.0,70308.0,16381.0,378.0,755.0,83.0,293078.0,2275.0,Mexico,North America,14.0,128825735.0,2817.0,1324.0,12111.0,440.0
33,2020-06-04,101238.0,3912.0,11729.0,1092.0,73271.0,16238.0,378.0,786.0,91.0,303461.0,2356.0,Mexico,North America,14.0,128829434.0,2963.0,1273.0,10984.0,425.0
34,2020-06-05,105680.0,4442.0,12545.0,816.0,75448.0,17687.0,378.0,820.0,97.0,314063.0,2438.0,Mexico,North America,14.0,128833133.0,2177.0,1219.0,10270.0,410.0
35,2020-06-06,110026.0,4346.0,13170.0,625.0,78590.0,18266.0,378.0,854.0,102.0,324897.0,2522.0,Mexico,North America,14.0,128836832.0,3142.0,1171.0,9783.0,397.0
36,2020-06-07,113619.0,3593.0,13511.0,341.0,81544.0,18564.0,378.0,882.0,105.0,332326.0,2579.0,Mexico,North America,14.0,128840531.0,2954.0,1134.0,9536.0,388.0
37,2020-06-08,117103.0,3484.0,13699.0,188.0,84419.0,18985.0,378.0,909.0,106.0,336395.0,2611.0,Mexico,North America,14.0,128844230.0,2875.0,1100.0,9405.0,383.0
38,2020-06-09,120102.0,2999.0,14053.0,354.0,87633.0,18416.0,378.0,932.0,109.0,344375.0,2673.0,Mexico,North America,14.0,128847928.0,3214.0,1073.0,9169.0,374.0
39,2020-06-10,124301.0,4199.0,14649.0,596.0,90748.0,18904.0,378.0,965.0,114.0,357055.0,2771.0,Mexico,North America,14.0,128851627.0,3115.0,1037.0,8796.0,361.0
40,2020-06-11,129184.0,4883.0,15357.0,708.0,93930.0,19897.0,378.0,1003.0,119.0,369362.0,2866.0,Mexico,North America,14.0,128855326.0,3182.0,997.0,8391.0,349.0
41,2020-06-12,133974.0,4790.0,15944.0,587.0,98064.0,19966.0,378.0,1040.0,124.0,369362.0,2866.0,Mexico,North America,14.0,128859025.0,4134.0,962.0,8082.0,349.0
42,2020-06-13,139196.0,5222.0,16448.0,504.0,101767.0,20981.0,378.0,1080.0,128.0,393714.0,3055.0,Mexico,North America,14.0,128862724.0,3703.0,926.0,7835.0,327.0
43,2020-06-14,142690.0,3494.0,16872.0,424.0,104975.0,20843.0,378.0,1107.0,131.0,401755.0,3118.0,Mexico,North America,14.0,128866423.0,3208.0,903.0,7638.0,321.0
44,2020-06-15,146837.0,4147.0,17141.0,269.0,108110.0,21586.0,378.0,1139.0,133.0,406547.0,3155.0,Mexico,North America,14.0,128870121.0,3135.0,878.0,7518.0,317.0
45,2020-06-16,150264.0,3427.0,17580.0,439.0,113006.0,19678.0,378.0,1166.0,136.0,415097.0,3221.0,Mexico,North America,14.0,128873820.0,4896.0,858.0,7331.0,310.0
46,2020-06-17,154863.0,4599.0,18310.0,730.0,116178.0,20375.0,378.0,1202.0,142.0,428563.0,3325.0,Mexico,North America,14.0,128877519.0,3172.0,832.0,7039.0,301.0
47,2020-06-18,159793.0,4930.0,19080.0,770.0,119355.0,21358.0,378.0,1240.0,148.0,441670.0,3427.0,Mexico,North America,14.0,128881218.0,3177.0,807.0,6755.0,292.0
48,2020-06-19,165455.0,5662.0,19747.0,667.0,123095.0,22613.0,378.0,1284.0,153.0,453481.0,3518.0,Mexico,North America,13.0,128884917.0,3740.0,779.0,6527.0,284.0
49,2020-06-20,170485.0,5030.0,20394.0,647.0,127332.0,22759.0,378.0,1323.0,158.0,465867.0,3614.0,Mexico,North America,14.0,128892314.0,4237.0,756.0,6320.0,277.0
50,2020-06-21,175202.0,4717.0,20781.0,387.0,131686.0,22735.0,378.0,1359.0,161.0,473952.0,3677.0,Mexico,North America,14.0,128892314.0,4354.0,736.0,6202.0,272.0
51,2020-06-22,180545.0,5343.0,21825.0,1044.0,135279.0,23441.0,378.0,1401.0,169.0,479528.0,3720.0,Mexico,North America,14.0,128896013.0,3593.0,714.0,5906.0,269.0
52,2020-06-23,185122.0,4577.0,22584.0,759.0,140118.0,22420.0,378.0,1436.0,175.0,488550.0,3790.0,Mexico,North America,13.0,128899712.0,4839.0,696.0,5708.0,264.0
53,2020-06-24,191410.0,6288.0,23377.0,793.0,144448.0,23585.0,378.0,1485.0,181.0,501871.0,3893.0,Mexico,North America,13.0,128903411.0,4330.0,673.0,5514.0,257.0
54,2020-06-25,196847.0,5437.0,24324.0,947.0,149318.0,23205.0,378.0,1527.0,189.0,515658.0,4000.0,Mexico,North America,11.0,128907110.0,4870.0,655.0,5300.0,250.0
55,2020-06-26,202951.0,6104.0,25060.0,736.0,116862.0,61029.0,378.0,1574.0,194.0,528651.0,4101.0,Mexico,North America,11.0,128910809.0,-1.0,635.0,5144.0,244.0
56,2020-06-27,208392.0,5441.0,25779.0,719.0,120562.0,62051.0,378.0,1617.0,200.0,542120.0,4205.0,Mexico,North America,11.0,128914507.0,3700.0,619.0,5001.0,238.0
57,2020-06-28,212802.0,4410.0,26381.0,602.0,123797.0,62624.0,378.0,1651.0,205.0,551052.0,4274.0,Mexico,North America,11.0,128918206.0,3235.0,606.0,4887.0,234.0
58,2020-06-29,216852.0,4050.0,26648.0,267.0,126843.0,63361.0,378.0,1682.0,207.0,556198.0,4314.0,Mexico,North America,11.0,128921905.0,3046.0,595.0,4838.0,232.0
59,2020-06-30,220657.0,3805.0,27121.0,473.0,131264.0,62272.0,378.0,1712.0,210.0,566602.0,4395.0,Mexico,North America,11.0,128925604.0,4421.0,584.0,4754.0,228.0
60,2020-07-01,226089.0,5432.0,27769.0,648.0,134957.0,63363.0,378.0,1754.0,215.0,581580.0,4511.0,Mexico,North America,11.0,128929303.0,3693.0,570.0,4643.0,222.0
61,2020-07-02,231770.0,5681.0,28510.0,741.0,138319.0,64941.0,378.0,1798.0,221.0,595917.0,4622.0,Mexico,North America,11.0,128933002.0,3362.0,556.0,4522.0,216.0
62,2020-07-03,238511.0,6741.0,29189.0,679.0,142593.0,66729.0,378.0,1850.0,226.0,610495.0,4735.0,Mexico,North America,10.0,128936700.0,4274.0,541.0,4417.0,211.0
63,2020-07-04,245251.0,6740.0,29843.0,654.0,147205.0,68203.0,378.0,1902.0,231.0,624987.0,4847.0,Mexico,North America,9.0,128940399.0,4612.0,526.0,4321.0,206.0
64,2020-07-05,252165.0,6914.0,30366.0,523.0,152309.0,69490.0,378.0,1956.0,235.0,634991.0,4925.0,Mexico,North America,9.0,128944098.0,5104.0,511.0,4246.0,203.0
65,2020-07-06,256848.0,4683.0,30639.0,273.0,155604.0,70605.0,378.0,1992.0,238.0,641142.0,4972.0,Mexico,North America,9.0,128947797.0,3295.0,502.0,4209.0,201.0
66,2020-07-07,261750.0,4902.0,31119.0,480.0,159657.0,70974.0,378.0,2030.0,241.0,641142.0,4972.0,Mexico,North America,9.0,128951496.0,4053.0,493.0,4144.0,201.0
67,2020-07-08,268008.0,6258.0,32014.0,895.0,163646.0,72348.0,378.0,2078.0,248.0,668537.0,5184.0,Mexico,North America,9.0,128955195.0,3989.0,481.0,4028.0,193.0
68,2020-07-09,275003.0,6995.0,32796.0,782.0,167795.0,74412.0,378.0,2132.0,254.0,684804.0,5310.0,Mexico,North America,9.0,128958893.0,4149.0,469.0,3932.0,188.0
69,2020-07-10,282283.0,7280.0,33526.0,730.0,172230.0,76527.0,378.0,2189.0,260.0,699944.0,5427.0,Mexico,North America,9.0,128962592.0,4435.0,457.0,3847.0,184.0
70,2020-07-11,289174.0,6891.0,34191.0,665.0,177097.0,77886.0,378.0,2242.0,265.0,715295.0,5546.0,Mexico,North America,8.0,128966291.0,4867.0,446.0,3772.0,180.0
71,2020-07-12,295268.0,6094.0,34730.0,539.0,180852.0,79686.0,378.0,2289.0,269.0,723668.0,5611.0,Mexico,North America,8.0,128973689.0,3755.0,437.0,3714.0,178.0
72,2020-07-13,299750.0,4482.0,35006.0,276.0,184764.0,79980.0,378.0,2324.0,271.0,728484.0,5648.0,Mexico,North America,8.0,128973689.0,3912.0,430.0,3684.0,177.0
73,2020-07-14,304435.0,4685.0,35491.0,485.0,189063.0,79881.0,378.0,2360.0,275.0,739922.0,5737.0,Mexico,North America,7.0,128977388.0,4299.0,424.0,3634.0,174.0
74,2020-07-15,311486.0,7051.0,36327.0,836.0,193976.0,81183.0,378.0,2415.0,282.0,756137.0,5862.0,Mexico,North America,7.0,128981086.0,4913.0,414.0,3551.0,171.0
75,2020-07-16,317635.0,6149.0,36906.0,579.0,199129.0,81600.0,378.0,2463.0,286.0,768457.0,5958.0,Mexico,North America,8.0,128984785.0,5153.0,406.0,3495.0,168.0
76,2020-07-17,324041.0,6406.0,37574.0,668.0,203464.0,83003.0,378.0,2512.0,291.0,782063.0,6063.0,Mexico,North America,8.0,128988484.0,4335.0,398.0,3433.0,165.0
77,2020-07-18,331298.0,7257.0,38310.0,736.0,208436.0,84552.0,378.0,2568.0,297.0,799178.0,6196.0,Mexico,North America,7.0,128992183.0,4972.0,389.0,3367.0,161.0
78,2020-07-19,338913.0,7615.0,38888.0,578.0,213006.0,87019.0,378.0,2627.0,301.0,814653.0,6315.0,Mexico,North America,7.0,128995882.0,4570.0,381.0,3317.0,158.0
