,Date,Tot cases,New cases,Tot Deaths,New Deaths,Total Recovered,Active Cases,Serious,Tot C par million,Deaths par million,Total Test,Tot T par million,Country,Continent,index,population,New Recov,col1,col2,col3
0,2020-05-02,9407.0,96.0,475.0,15.0,6889.0,2043.0,60.0,1624.0,82.0,221912.0,38312.0,Denmark,Europe,,,0.0,,,
1,2020-05-03,9523.0,116.0,484.0,9.0,6987.0,2052.0,62.0,1644.0,84.0,233799.0,40364.0,Denmark,Europe,,,0.0,,,
2,2020-05-04,9670.0,147.0,493.0,9.0,7088.0,2089.0,57.0,1669.0,85.0,244791.0,42262.0,Denmark,Europe,,,0.0,,,
3,2020-05-05,9821.0,-1.0,503.0,-1.0,7296.0,2022.0,49.0,1696.0,87.0,257738.0,44497.0,Denmark,Europe,,,0.0,,,
4,2020-05-06,9938.0,117.0,506.0,3.0,7493.0,1939.0,46.0,1716.0,87.0,270680.0,46732.0,Denmark,Europe,,,0.0,,,
5,2020-05-07,10083.0,145.0,514.0,8.0,7711.0,1858.0,43.0,1741.0,89.0,284480.0,49114.0,Denmark,Europe,,,0.0,,,
6,2020-05-08,10218.0,-1.0,522.0,-1.0,7927.0,1769.0,43.0,1764.0,90.0,298488.0,51533.0,Denmark,Europe,,,0.0,,,
7,2020-05-09,10319.0,-1.0,526.0,-1.0,8093.0,1700.0,39.0,1782.0,91.0,308984.0,53345.0,Denmark,Europe,,,0.0,,,
8,2020-05-10,10429.0,110.0,529.0,3.0,8217.0,1683.0,40.0,1801.0,91.0,317834.0,54873.0,Denmark,Europe,,,0.0,,,
9,2020-05-11,10513.0,84.0,533.0,4.0,8328.0,1652.0,43.0,1815.0,92.0,326560.0,56379.0,Denmark,Europe,,,0.0,,,
10,2020-05-12,10591.0,78.0,527.0,-1.0,8580.0,1484.0,43.0,1828.0,91.0,334260.0,57709.0,Denmark,Europe,,,0.0,,,
11,2020-05-13,10667.0,76.0,533.0,6.0,8663.0,1471.0,37.0,1842.0,92.0,345712.0,59686.0,Denmark,Europe,,,0.0,,,
12,2020-05-14,10713.0,46.0,537.0,4.0,8805.0,1371.0,35.0,1850.0,93.0,357986.0,61805.0,Denmark,Europe,,,0.0,,,
13,2020-05-15,10791.0,78.0,537.0,-1.0,8959.0,1295.0,32.0,1864.0,93.0,368889.0,63716.0,Denmark,Europe,44.0,5789609.0,0.0,,,
14,2020-05-16,10858.0,67.0,543.0,6.0,9107.0,1208.0,28.0,1875.0,94.0,444562.0,76785.0,Denmark,Europe,44.0,5789665.0,0.0,,,
15,2020-05-17,10927.0,69.0,547.0,4.0,9227.0,1153.0,27.0,1887.0,94.0,455613.0,78693.0,Denmark,Europe,44.0,5789720.0,0.0,,,
16,2020-05-18,10968.0,41.0,548.0,1.0,9301.0,1119.0,26.0,1894.0,95.0,463016.0,79971.0,Denmark,Europe,44.0,5789776.0,0.0,,,
17,2020-05-19,11044.0,76.0,551.0,3.0,9416.0,1077.0,25.0,1907.0,95.0,475096.0,82057.0,Denmark,Europe,44.0,5789832.0,0.0,,,
18,2020-05-20,11117.0,73.0,554.0,3.0,9536.0,1027.0,25.0,1920.0,96.0,490782.0,84765.0,Denmark,Europe,43.0,5789887.0,0.0,,,
19,2020-05-21,11182.0,65.0,561.0,7.0,9643.0,978.0,23.0,1931.0,97.0,504266.0,87093.0,Denmark,Europe,43.0,5789943.0,0.0,,,
20,2020-05-22,11230.0,48.0,561.0,-1.0,9764.0,905.0,23.0,1940.0,97.0,514765.0,88906.0,Denmark,Europe,43.0,5789998.0,0.0,,,
21,2020-05-23,11289.0,59.0,561.0,-1.0,9836.0,892.0,19.0,1950.0,97.0,526285.0,90895.0,Denmark,Europe,43.0,5790054.0,0.0,,,
22,2020-05-24,11360.0,71.0,562.0,1.0,9900.0,898.0,21.0,1962.0,97.0,537742.0,92873.0,Denmark,Europe,43.0,5790110.0,0.0,,,
23,2020-05-25,11387.0,27.0,563.0,1.0,9964.0,860.0,20.0,1967.0,97.0,546621.0,94405.0,Denmark,Europe,44.0,5790165.0,0.0,,,
24,2020-05-26,11428.0,41.0,563.0,-1.0,10044.0,821.0,23.0,1974.0,97.0,559454.0,96620.0,Denmark,Europe,45.0,5790221.0,0.0,,,
25,2020-05-27,11480.0,-1.0,565.0,-1.0,10106.0,809.0,22.0,1983.0,98.0,576061.0,99487.0,Denmark,Europe,46.0,5790332.0,0.0,,,
26,2020-05-28,11512.0,32.0,568.0,3.0,10180.0,764.0,20.0,1988.0,98.0,583052.0,100694.0,Denmark,Europe,46.0,5790332.0,0.0,,,
27,2020-05-29,11593.0,81.0,568.0,-1.0,10240.0,785.0,18.0,2002.0,98.0,606574.0,104755.0,Denmark,Europe,46.0,5790388.0,0.0,,,
28,2020-05-30,11633.0,40.0,571.0,3.0,10327.0,735.0,20.0,2009.0,99.0,618860.0,106876.0,Denmark,Europe,46.0,5790443.0,0.0,,,
29,2020-05-31,11669.0,36.0,574.0,3.0,10362.0,733.0,20.0,2015.0,99.0,628965.0,108620.0,Denmark,Europe,46.0,5790499.0,0.0,,,
30,2020-06-01,11699.0,30.0,576.0,2.0,10412.0,711.0,20.0,2020.0,99.0,637738.0,110134.0,Denmark,Europe,48.0,5790554.0,0.0,,,
31,2020-06-02,11734.0,35.0,580.0,4.0,10489.0,665.0,21.0,2026.0,100.0,646086.0,111575.0,Denmark,Europe,48.0,5790610.0,77.0,493.0,9984.0,9.0
32,2020-06-03,11771.0,37.0,580.0,-1.0,10552.0,639.0,20.0,2033.0,100.0,657999.0,113631.0,Denmark,Europe,49.0,5790665.0,63.0,492.0,9984.0,9.0
33,2020-06-04,11811.0,40.0,582.0,2.0,10620.0,609.0,17.0,2040.0,101.0,671558.0,115971.0,Denmark,Europe,49.0,5790721.0,68.0,490.0,9950.0,9.0
34,2020-06-05,11875.0,64.0,586.0,4.0,10653.0,636.0,17.0,2051.0,101.0,684557.0,118215.0,Denmark,Europe,50.0,5790777.0,33.0,488.0,9882.0,8.0
35,2020-06-06,11924.0,49.0,587.0,1.0,10721.0,616.0,15.0,2059.0,101.0,696334.0,120248.0,Denmark,Europe,51.0,5790832.0,68.0,486.0,9865.0,8.0
36,2020-06-07,11948.0,24.0,589.0,2.0,10755.0,604.0,15.0,2063.0,102.0,706442.0,121992.0,Denmark,Europe,53.0,5790888.0,34.0,485.0,9832.0,8.0
37,2020-06-08,11962.0,14.0,593.0,4.0,10792.0,577.0,16.0,2066.0,102.0,715100.0,123486.0,Denmark,Europe,53.0,5790943.0,37.0,484.0,9766.0,8.0
38,2020-06-09,12001.0,39.0,593.0,-1.0,10849.0,559.0,15.0,2072.0,102.0,730924.0,126217.0,Denmark,Europe,53.0,5790999.0,57.0,483.0,9766.0,8.0
39,2020-06-10,12016.0,15.0,593.0,-1.0,10904.0,519.0,17.0,2075.0,102.0,739575.0,127710.0,Denmark,Europe,54.0,5791055.0,55.0,482.0,9766.0,8.0
40,2020-06-11,12035.0,19.0,593.0,-1.0,10955.0,487.0,14.0,2078.0,102.0,749467.0,129417.0,Denmark,Europe,54.0,5791110.0,51.0,481.0,9766.0,8.0
41,2020-06-12,12099.0,64.0,594.0,1.0,10993.0,512.0,14.0,2089.0,103.0,771881.0,133286.0,Denmark,Europe,54.0,5791166.0,38.0,479.0,9749.0,8.0
42,2020-06-13,12139.0,40.0,597.0,3.0,11035.0,507.0,11.0,2096.0,103.0,786198.0,135757.0,Denmark,Europe,54.0,5791221.0,42.0,477.0,9701.0,7.0
43,2020-06-14,12193.0,54.0,597.0,-1.0,11068.0,528.0,11.0,2105.0,103.0,799876.0,138117.0,Denmark,Europe,54.0,5791277.0,33.0,475.0,9701.0,7.0
44,2020-06-15,12217.0,24.0,598.0,1.0,11090.0,529.0,10.0,2110.0,103.0,810838.0,140009.0,Denmark,Europe,54.0,5791333.0,22.0,474.0,9685.0,7.0
45,2020-06-16,12250.0,33.0,598.0,-1.0,11125.0,527.0,9.0,2115.0,103.0,823249.0,142151.0,Denmark,Europe,55.0,5791388.0,35.0,473.0,9685.0,7.0
46,2020-06-17,12294.0,44.0,598.0,-1.0,11185.0,511.0,6.0,2123.0,103.0,840721.0,145166.0,Denmark,Europe,56.0,5791444.0,60.0,471.0,9685.0,7.0
47,2020-06-18,12344.0,50.0,600.0,2.0,11242.0,502.0,6.0,2131.0,104.0,859514.0,148410.0,Denmark,Europe,56.0,5791499.0,57.0,469.0,9652.0,7.0
48,2020-06-19,12391.0,47.0,600.0,-1.0,11282.0,509.0,6.0,2139.0,104.0,876344.0,151314.0,Denmark,Europe,56.0,5791555.0,40.0,467.0,9653.0,7.0
49,2020-06-20,12391.0,-1.0,600.0,-1.0,11282.0,509.0,6.0,2139.0,104.0,876344.0,151311.0,Denmark,Europe,57.0,5791666.0,-1.0,467.0,9653.0,7.0
50,2020-06-21,12391.0,-1.0,600.0,-1.0,11282.0,509.0,6.0,2139.0,104.0,876344.0,151311.0,Denmark,Europe,59.0,5791666.0,-1.0,467.0,9653.0,7.0
51,2020-06-22,12527.0,136.0,602.0,2.0,11347.0,578.0,7.0,2163.0,104.0,923893.0,159520.0,Denmark,Europe,59.0,5791722.0,65.0,462.0,9621.0,6.0
52,2020-06-23,12561.0,34.0,603.0,1.0,11393.0,565.0,8.0,2169.0,104.0,939386.0,162193.0,Denmark,Europe,59.0,5791777.0,46.0,461.0,9605.0,6.0
53,2020-06-24,12615.0,54.0,603.0,-1.0,11422.0,590.0,8.0,2178.0,104.0,960076.0,165764.0,Denmark,Europe,59.0,5791833.0,29.0,459.0,9605.0,6.0
54,2020-06-25,12636.0,21.0,603.0,-1.0,11460.0,573.0,9.0,2182.0,104.0,981082.0,169389.0,Denmark,Europe,59.0,5791888.0,38.0,458.0,9605.0,6.0
55,2020-06-26,12675.0,39.0,604.0,1.0,11508.0,563.0,11.0,2188.0,104.0,998736.0,172435.0,Denmark,Europe,60.0,5791944.0,48.0,457.0,9589.0,6.0
56,2020-06-27,12675.0,-1.0,604.0,-1.0,11508.0,563.0,11.0,2188.0,104.0,998736.0,172434.0,Denmark,Europe,60.0,5792000.0,-1.0,457.0,9589.0,6.0
57,2020-06-28,12675.0,-1.0,604.0,-1.0,11508.0,563.0,11.0,2188.0,104.0,998736.0,172432.0,Denmark,Europe,62.0,5792055.0,-1.0,457.0,9589.0,6.0
58,2020-06-29,12751.0,76.0,605.0,1.0,11612.0,534.0,9.0,2201.0,104.0,1040047.0,179563.0,Denmark,Europe,62.0,5792111.0,104.0,454.0,9574.0,6.0
59,2020-06-30,12768.0,17.0,605.0,-1.0,11649.0,514.0,10.0,2204.0,104.0,1053453.0,181875.0,Denmark,Europe,62.0,5792166.0,37.0,454.0,9574.0,5.0
60,2020-07-01,12794.0,26.0,606.0,1.0,11693.0,495.0,11.0,2209.0,105.0,1071479.0,184986.0,Denmark,Europe,62.0,5792222.0,44.0,453.0,9558.0,5.0
61,2020-07-02,12815.0,21.0,606.0,-1.0,11769.0,440.0,9.0,2212.0,105.0,1088788.0,187972.0,Denmark,Europe,63.0,5792278.0,76.0,452.0,9558.0,5.0
62,2020-07-03,12832.0,17.0,606.0,-1.0,11817.0,409.0,6.0,2215.0,105.0,1106377.0,191007.0,Denmark,Europe,63.0,5792333.0,48.0,451.0,9558.0,5.0
63,2020-07-04,12832.0,-1.0,606.0,-1.0,11817.0,409.0,6.0,2215.0,105.0,1106377.0,191005.0,Denmark,Europe,63.0,5792389.0,-1.0,451.0,9558.0,5.0
64,2020-07-05,12832.0,-1.0,606.0,-1.0,11817.0,409.0,6.0,2215.0,105.0,1106377.0,191003.0,Denmark,Europe,63.0,5792444.0,-1.0,451.0,9558.0,5.0
65,2020-07-06,12878.0,46.0,607.0,1.0,11935.0,336.0,7.0,2223.0,105.0,1145221.0,197708.0,Denmark,Europe,63.0,5792500.0,118.0,450.0,9543.0,5.0
66,2020-07-07,12888.0,10.0,609.0,2.0,11983.0,296.0,5.0,2225.0,105.0,1157601.0,199843.0,Denmark,Europe,64.0,5792556.0,48.0,449.0,9512.0,5.0
67,2020-07-08,12900.0,12.0,609.0,-1.0,12001.0,290.0,5.0,2227.0,105.0,1174919.0,202831.0,Denmark,Europe,64.0,5792611.0,18.0,449.0,9512.0,5.0
68,2020-07-09,12916.0,16.0,609.0,-1.0,12045.0,262.0,5.0,2230.0,105.0,1191302.0,205657.0,Denmark,Europe,64.0,5792667.0,44.0,448.0,9512.0,5.0
69,2020-07-10,12946.0,30.0,609.0,-1.0,12077.0,260.0,4.0,2235.0,105.0,1206863.0,208341.0,Denmark,Europe,65.0,5792722.0,32.0,447.0,9512.0,5.0
70,2020-07-11,12946.0,-1.0,609.0,-1.0,12077.0,260.0,4.0,2235.0,105.0,1206863.0,208339.0,Denmark,Europe,65.0,5792778.0,-1.0,447.0,9512.0,5.0
71,2020-07-12,12946.0,-1.0,609.0,-1.0,12077.0,260.0,4.0,2235.0,105.0,1206863.0,208335.0,Denmark,Europe,66.0,5792889.0,-1.0,447.0,9512.0,5.0
72,2020-07-13,13037.0,91.0,610.0,1.0,12130.0,297.0,3.0,2251.0,105.0,1244789.0,214882.0,Denmark,Europe,66.0,5792889.0,53.0,444.0,9497.0,5.0
73,2020-07-14,13061.0,24.0,610.0,-1.0,12160.0,291.0,3.0,2255.0,105.0,1257157.0,217015.0,Denmark,Europe,66.0,5792945.0,30.0,444.0,9497.0,5.0
74,2020-07-15,13092.0,31.0,610.0,-1.0,12182.0,300.0,6.0,2260.0,105.0,1276389.0,220333.0,Denmark,Europe,67.0,5793000.0,22.0,442.0,9497.0,5.0
75,2020-07-16,13124.0,32.0,610.0,-1.0,12195.0,319.0,5.0,2265.0,105.0,1290888.0,222834.0,Denmark,Europe,67.0,5793056.0,13.0,441.0,9497.0,4.0
76,2020-07-17,13173.0,49.0,611.0,1.0,12209.0,353.0,5.0,2274.0,105.0,1306743.0,225568.0,Denmark,Europe,67.0,5793111.0,14.0,440.0,9481.0,4.0
77,2020-07-18,13173.0,-1.0,611.0,-1.0,12209.0,353.0,5.0,2274.0,105.0,1306743.0,225566.0,Denmark,Europe,67.0,5793167.0,-1.0,440.0,9481.0,4.0
78,2020-07-19,13173.0,-1.0,611.0,-1.0,12209.0,353.0,5.0,2274.0,105.0,1306743.0,225564.0,Denmark,Europe,69.0,5793223.0,-1.0,440.0,9482.0,4.0
