,Date,Tot cases,New cases,Tot Deaths,New Deaths,Total Recovered,Active Cases,Serious,Tot C par million,Deaths par million,Total Test,Tot T par million,Country,Continent,index,population,New Recov,col1,col2,col3
0,2020-05-02,644.0,45.0,16.0,-1.0,72.0,556.0,5.0,36.0,0.9,7200.0,402.0,Guatemala,North America,,,0.0,,,
1,2020-05-03,688.0,44.0,17.0,1.0,72.0,599.0,5.0,38.0,0.9,7200.0,402.0,Guatemala,North America,,,0.0,,,
2,2020-05-04,703.0,15.0,17.0,-1.0,72.0,614.0,5.0,39.0,0.9,7200.0,402.0,Guatemala,North America,,,0.0,,,
3,2020-05-05,730.0,-1.0,19.0,-1.0,79.0,632.0,5.0,41.0,1.0,7200.0,402.0,Guatemala,North America,,,0.0,,,
4,2020-05-06,763.0,33.0,19.0,-1.0,79.0,665.0,5.0,43.0,1.0,7200.0,402.0,Guatemala,North America,,,0.0,,,
5,2020-05-07,798.0,35.0,21.0,2.0,86.0,691.0,5.0,45.0,1.0,7200.0,402.0,Guatemala,North America,,,0.0,,,
6,2020-05-08,900.0,68.0,24.0,1.0,101.0,775.0,5.0,50.0,1.0,7200.0,402.0,Guatemala,North America,,,0.0,,,
7,2020-05-09,900.0,-1.0,24.0,-1.0,101.0,775.0,5.0,50.0,1.0,7200.0,402.0,Guatemala,North America,,,0.0,,,
8,2020-05-10,967.0,67.0,24.0,-1.0,104.0,839.0,5.0,54.0,1.0,7200.0,402.0,Guatemala,North America,,,0.0,,,
9,2020-05-11,1052.0,85.0,26.0,2.0,110.0,916.0,5.0,59.0,1.0,7200.0,402.0,Guatemala,North America,,,0.0,,,
10,2020-05-12,1114.0,62.0,26.0,-1.0,111.0,977.0,5.0,62.0,1.0,7200.0,402.0,Guatemala,North America,,,0.0,,,
11,2020-05-13,1199.0,85.0,27.0,1.0,120.0,1052.0,5.0,67.0,2.0,7200.0,402.0,Guatemala,North America,,,0.0,,,
12,2020-05-14,1342.0,143.0,29.0,2.0,121.0,1192.0,5.0,75.0,2.0,7200.0,402.0,Guatemala,North America,,,0.0,,,
13,2020-05-15,1518.0,176.0,29.0,-1.0,129.0,1360.0,5.0,85.0,2.0,7200.0,403.0,Guatemala,North America,85.0,17870731.0,0.0,,,
14,2020-05-16,1643.0,125.0,30.0,1.0,135.0,1478.0,5.0,92.0,2.0,7200.0,403.0,Guatemala,North America,84.0,17871637.0,0.0,,,
15,2020-05-17,1763.0,120.0,33.0,3.0,138.0,1592.0,5.0,99.0,2.0,7200.0,403.0,Guatemala,North America,84.0,17872544.0,0.0,,,
16,2020-05-18,1912.0,149.0,35.0,2.0,138.0,1739.0,5.0,107.0,2.0,20820.0,1165.0,Guatemala,North America,80.0,17873451.0,0.0,,,
17,2020-05-19,2001.0,89.0,38.0,3.0,139.0,1824.0,5.0,112.0,2.0,20820.0,1165.0,Guatemala,North America,80.0,17874358.0,0.0,,,
18,2020-05-20,2133.0,132.0,43.0,5.0,155.0,1935.0,5.0,119.0,2.0,20820.0,1165.0,Guatemala,North America,81.0,17875264.0,0.0,,,
19,2020-05-21,2265.0,132.0,45.0,2.0,159.0,2061.0,5.0,127.0,3.0,20820.0,1165.0,Guatemala,North America,80.0,17876171.0,0.0,,,
20,2020-05-22,2512.0,247.0,48.0,3.0,222.0,2242.0,5.0,141.0,3.0,25464.0,1424.0,Guatemala,North America,77.0,17877078.0,0.0,,,
21,2020-05-23,2743.0,231.0,51.0,3.0,222.0,2470.0,5.0,153.0,3.0,25464.0,1424.0,Guatemala,North America,76.0,17877985.0,0.0,,,
22,2020-05-24,3054.0,311.0,55.0,4.0,244.0,2755.0,5.0,171.0,3.0,25464.0,1424.0,Guatemala,North America,73.0,17878891.0,0.0,,,
23,2020-05-25,3424.0,370.0,58.0,3.0,258.0,3108.0,5.0,192.0,3.0,31427.0,1758.0,Guatemala,North America,71.0,17879798.0,0.0,,,
24,2020-05-26,3760.0,336.0,59.0,1.0,274.0,3427.0,5.0,210.0,3.0,31427.0,1758.0,Guatemala,North America,71.0,17880705.0,0.0,,,
25,2020-05-27,3954.0,-1.0,63.0,-1.0,289.0,3602.0,5.0,221.0,4.0,31427.0,1757.0,Guatemala,North America,70.0,17882519.0,0.0,,,
26,2020-05-28,4145.0,191.0,68.0,5.0,493.0,3584.0,5.0,232.0,4.0,31427.0,1757.0,Guatemala,North America,69.0,17882519.0,0.0,,,
27,2020-05-29,4348.0,203.0,80.0,12.0,565.0,3703.0,5.0,243.0,4.0,31427.0,1757.0,Guatemala,North America,69.0,17883425.0,0.0,,,
28,2020-05-30,4607.0,259.0,90.0,10.0,648.0,3869.0,5.0,258.0,5.0,31427.0,1757.0,Guatemala,North America,69.0,17884332.0,0.0,,,
29,2020-05-31,4739.0,132.0,102.0,12.0,706.0,3931.0,5.0,265.0,6.0,31427.0,1757.0,Guatemala,North America,69.0,17885239.0,0.0,,,
30,2020-06-01,5087.0,348.0,108.0,6.0,735.0,4244.0,5.0,284.0,6.0,31427.0,1757.0,Guatemala,North America,68.0,17886146.0,0.0,,,
31,2020-06-02,5336.0,249.0,116.0,8.0,795.0,4425.0,5.0,298.0,6.0,31427.0,1757.0,Guatemala,North America,68.0,17887052.0,60.0,3352.0,154199.0,569.0
32,2020-06-03,5586.0,250.0,123.0,7.0,824.0,4639.0,5.0,312.0,7.0,31427.0,1757.0,Guatemala,North America,67.0,17887959.0,29.0,3202.0,145431.0,569.0
33,2020-06-04,5760.0,174.0,143.0,20.0,929.0,4688.0,5.0,322.0,8.0,31427.0,1757.0,Guatemala,North America,67.0,17888866.0,105.0,3106.0,125097.0,569.0
34,2020-06-05,6154.0,394.0,158.0,15.0,979.0,5017.0,5.0,344.0,9.0,31427.0,1757.0,Guatemala,North America,67.0,17889773.0,50.0,2907.0,113226.0,569.0
35,2020-06-06,6485.0,331.0,216.0,58.0,1053.0,5216.0,5.0,362.0,12.0,31427.0,1757.0,Guatemala,North America,67.0,17890679.0,74.0,2759.0,82827.0,569.0
36,2020-06-07,6792.0,307.0,230.0,14.0,1133.0,5429.0,5.0,380.0,13.0,31427.0,1757.0,Guatemala,North America,67.0,17891586.0,80.0,2634.0,77790.0,569.0
37,2020-06-08,7055.0,263.0,252.0,22.0,1261.0,5542.0,5.0,394.0,14.0,31427.0,1756.0,Guatemala,North America,66.0,17892493.0,128.0,2536.0,71002.0,569.0
38,2020-06-09,7502.0,447.0,267.0,15.0,1323.0,5912.0,5.0,419.0,15.0,31427.0,1756.0,Guatemala,North America,65.0,17893400.0,62.0,2385.0,67016.0,569.0
39,2020-06-10,7866.0,364.0,289.0,22.0,1413.0,6164.0,5.0,440.0,16.0,31427.0,1756.0,Guatemala,North America,65.0,17894306.0,90.0,2275.0,61918.0,569.0
40,2020-06-11,8221.0,355.0,316.0,27.0,1504.0,6401.0,5.0,459.0,18.0,31427.0,1756.0,Guatemala,North America,65.0,17895213.0,91.0,2177.0,56630.0,569.0
41,2020-06-12,8561.0,340.0,334.0,18.0,1567.0,6660.0,5.0,478.0,19.0,31427.0,1756.0,Guatemala,North America,64.0,17896120.0,63.0,2090.0,53581.0,569.0
42,2020-06-13,8982.0,421.0,351.0,17.0,1702.0,6929.0,5.0,502.0,20.0,31427.0,1756.0,Guatemala,North America,61.0,17897027.0,135.0,1993.0,50989.0,569.0
43,2020-06-14,9491.0,509.0,367.0,16.0,1804.0,7320.0,5.0,530.0,21.0,31427.0,1756.0,Guatemala,North America,61.0,17897934.0,102.0,1886.0,48768.0,570.0
44,2020-06-15,9845.0,354.0,384.0,17.0,1886.0,7575.0,5.0,550.0,21.0,31427.0,1756.0,Guatemala,North America,62.0,17898840.0,82.0,1818.0,46612.0,570.0
45,2020-06-16,10272.0,427.0,399.0,15.0,1966.0,7907.0,5.0,574.0,22.0,31427.0,1756.0,Guatemala,North America,60.0,17899747.0,80.0,1743.0,44862.0,570.0
46,2020-06-17,10706.0,434.0,418.0,19.0,2096.0,8192.0,5.0,598.0,23.0,31427.0,1756.0,Guatemala,North America,60.0,17900654.0,130.0,1672.0,42825.0,570.0
47,2020-06-18,11251.0,545.0,432.0,14.0,2200.0,8619.0,5.0,628.0,24.0,31427.0,1756.0,Guatemala,North America,60.0,17901561.0,104.0,1591.0,41439.0,570.0
48,2020-06-19,11868.0,617.0,449.0,17.0,2290.0,9129.0,5.0,663.0,25.0,31427.0,1755.0,Guatemala,North America,58.0,17902467.0,90.0,1508.0,39872.0,570.0
49,2020-06-20,12509.0,641.0,483.0,34.0,2419.0,9607.0,5.0,699.0,27.0,31427.0,1755.0,Guatemala,North America,56.0,17904281.0,129.0,1431.0,37069.0,570.0
50,2020-06-21,12755.0,246.0,514.0,31.0,2558.0,9683.0,5.0,712.0,29.0,31427.0,1755.0,Guatemala,North America,56.0,17904281.0,139.0,1404.0,34833.0,570.0
51,2020-06-22,13145.0,390.0,531.0,17.0,2711.0,9903.0,5.0,734.0,30.0,31427.0,1755.0,Guatemala,North America,56.0,17905188.0,153.0,1362.0,33720.0,570.0
52,2020-06-23,13769.0,624.0,547.0,16.0,2818.0,10404.0,5.0,769.0,31.0,31427.0,1755.0,Guatemala,North America,55.0,17906094.0,107.0,1300.0,32735.0,570.0
53,2020-06-24,14540.0,771.0,582.0,35.0,2897.0,11061.0,5.0,812.0,33.0,31427.0,1755.0,Guatemala,North America,55.0,17907001.0,79.0,1232.0,30768.0,570.0
54,2020-06-25,14819.0,279.0,601.0,19.0,2930.0,11288.0,5.0,828.0,34.0,31427.0,1755.0,Guatemala,North America,56.0,17907908.0,33.0,1208.0,29797.0,570.0
55,2020-06-26,15619.0,800.0,623.0,22.0,2949.0,12047.0,5.0,872.0,35.0,31427.0,1755.0,Guatemala,North America,55.0,17908815.0,19.0,1147.0,28746.0,570.0
56,2020-06-27,15828.0,209.0,672.0,49.0,3028.0,12128.0,5.0,884.0,38.0,31427.0,1755.0,Guatemala,North America,57.0,17909722.0,79.0,1132.0,26651.0,570.0
57,2020-06-28,16397.0,569.0,706.0,34.0,3123.0,12568.0,5.0,915.0,39.0,31427.0,1755.0,Guatemala,North America,56.0,17910628.0,95.0,1092.0,25369.0,570.0
58,2020-06-29,16930.0,533.0,727.0,21.0,3152.0,13051.0,5.0,945.0,41.0,31427.0,1755.0,Guatemala,North America,56.0,17911535.0,29.0,1058.0,24638.0,570.0
59,2020-06-30,17409.0,479.0,746.0,19.0,3170.0,13493.0,5.0,972.0,42.0,31427.0,1754.0,Guatemala,North America,56.0,17912442.0,18.0,1029.0,24011.0,570.0
60,2020-07-01,18096.0,687.0,773.0,27.0,3194.0,14129.0,5.0,1010.0,43.0,31427.0,1754.0,Guatemala,North America,54.0,17913349.0,24.0,990.0,23174.0,570.0
61,2020-07-02,19011.0,915.0,817.0,44.0,3231.0,14963.0,5.0,1061.0,46.0,31427.0,1754.0,Guatemala,North America,52.0,17914255.0,37.0,942.0,21927.0,570.0
62,2020-07-03,21293.0,2282.0,880.0,63.0,3315.0,17098.0,5.0,1189.0,49.0,64590.0,3605.0,Guatemala,North America,51.0,17915162.0,84.0,841.0,20358.0,277.0
63,2020-07-04,21293.0,-1.0,880.0,-1.0,3315.0,17098.0,5.0,1188.0,49.0,64590.0,3605.0,Guatemala,North America,52.0,17916069.0,-1.0,841.0,20359.0,277.0
64,2020-07-05,22501.0,-1.0,920.0,-1.0,3330.0,18251.0,5.0,1256.0,51.0,64590.0,3605.0,Guatemala,North America,52.0,17916976.0,-1.0,796.0,19475.0,277.0
65,2020-07-06,23248.0,-1.0,947.0,-1.0,3382.0,18919.0,5.0,1297.0,53.0,64590.0,3605.0,Guatemala,North America,52.0,17917882.0,-1.0,771.0,18921.0,277.0
66,2020-07-07,23972.0,-1.0,981.0,-1.0,3429.0,19562.0,5.0,1338.0,55.0,64590.0,3605.0,Guatemala,North America,52.0,17918789.0,-1.0,747.0,18266.0,277.0
67,2020-07-08,24787.0,-1.0,1004.0,-1.0,3575.0,20208.0,5.0,1383.0,56.0,64590.0,3604.0,Guatemala,North America,52.0,17919696.0,-1.0,723.0,17848.0,277.0
68,2020-07-09,25411.0,-1.0,1053.0,-1.0,3718.0,20640.0,5.0,1418.0,59.0,64590.0,3604.0,Guatemala,North America,52.0,17920603.0,-1.0,705.0,17019.0,277.0
69,2020-07-10,26658.0,-1.0,1092.0,-1.0,3797.0,21769.0,5.0,1487.0,61.0,64590.0,3604.0,Guatemala,North America,50.0,17921509.0,-1.0,672.0,16412.0,277.0
70,2020-07-11,27619.0,-1.0,1139.0,-1.0,4024.0,22456.0,5.0,1541.0,64.0,64590.0,3604.0,Guatemala,North America,50.0,17922416.0,-1.0,649.0,15735.0,277.0
71,2020-07-12,29355.0,757.0,1219.0,47.0,4214.0,23922.0,5.0,1638.0,68.0,64590.0,3604.0,Guatemala,North America,50.0,17924230.0,141.0,611.0,14704.0,278.0
72,2020-07-13,29742.0,387.0,1244.0,25.0,4321.0,24177.0,5.0,1659.0,69.0,64590.0,3604.0,Guatemala,North America,50.0,17924230.0,107.0,603.0,14409.0,278.0
73,2020-07-14,29742.0,-1.0,1244.0,-1.0,4321.0,24177.0,5.0,1659.0,69.0,64590.0,3603.0,Guatemala,North America,50.0,17925137.0,-1.0,603.0,14409.0,278.0
74,2020-07-15,30872.0,-1.0,1302.0,-1.0,4453.0,25117.0,5.0,1722.0,73.0,64590.0,3603.0,Guatemala,North America,50.0,17926043.0,-1.0,581.0,13768.0,278.0
75,2020-07-16,32074.0,-1.0,1350.0,-1.0,4624.0,26100.0,5.0,1789.0,75.0,64590.0,3603.0,Guatemala,North America,50.0,17926950.0,-1.0,559.0,13279.0,278.0
76,2020-07-17,33809.0,870.0,1443.0,39.0,4989.0,27377.0,5.0,1886.0,80.0,64590.0,3603.0,Guatemala,North America,49.0,17927857.0,182.0,530.0,12424.0,278.0
77,2020-07-18,33809.0,-1.0,1443.0,-1.0,4989.0,27377.0,5.0,1886.0,80.0,64590.0,3603.0,Guatemala,North America,49.0,17928764.0,-1.0,530.0,12425.0,278.0
78,2020-07-19,38667.0,625.0,1485.0,36.0,23365.0,13817.0,5.0,2157.0,83.0,64590.0,3602.0,Guatemala,North America,44.0,17929670.0,-1.0,464.0,12074.0,278.0
