,Date,Tot cases,New cases,Tot Deaths,New Deaths,Total Recovered,Active Cases,Serious,Tot C par million,Deaths par million,Total Test,Tot T par million,Country,Continent,index,population,New Recov,col1,col2,col3
0,2020-05-02,2088.0,3.0,77.0,2.0,1463.0,548.0,17.0,509.0,19.0,37557.0,9148.0,Croatia,Europe,,,0.0,,,
1,2020-05-03,2096.0,8.0,79.0,2.0,1489.0,528.0,15.0,511.0,19.0,38084.0,9277.0,Croatia,Europe,,,0.0,,,
2,2020-05-04,2101.0,5.0,80.0,1.0,1522.0,499.0,15.0,512.0,19.0,39040.0,9510.0,Croatia,Europe,,,0.0,,,
3,2020-05-05,2112.0,-1.0,83.0,-1.0,1560.0,469.0,14.0,514.0,20.0,39973.0,9737.0,Croatia,Europe,,,0.0,,,
4,2020-05-06,2119.0,7.0,85.0,2.0,1601.0,433.0,14.0,516.0,21.0,41053.0,10000.0,Croatia,Europe,,,0.0,,,
5,2020-05-07,2125.0,6.0,86.0,1.0,1641.0,398.0,14.0,518.0,21.0,41938.0,10216.0,Croatia,Europe,,,0.0,,,
6,2020-05-08,2161.0,-1.0,86.0,-1.0,1689.0,386.0,13.0,526.0,21.0,43378.0,10566.0,Croatia,Europe,,,0.0,,,
7,2020-05-09,2176.0,-1.0,87.0,-1.0,1726.0,363.0,13.0,530.0,21.0,44218.0,10771.0,Croatia,Europe,,,0.0,,,
8,2020-05-10,2187.0,11.0,90.0,3.0,1764.0,333.0,13.0,533.0,22.0,44886.0,10934.0,Croatia,Europe,,,0.0,,,
9,2020-05-11,2196.0,9.0,91.0,1.0,1784.0,321.0,13.0,535.0,22.0,44886.0,10934.0,Croatia,Europe,,,0.0,,,
10,2020-05-12,2207.0,11.0,91.0,-1.0,1808.0,308.0,11.0,538.0,22.0,47480.0,11566.0,Croatia,Europe,,,0.0,,,
11,2020-05-13,2213.0,6.0,94.0,3.0,1834.0,285.0,9.0,539.0,23.0,48737.0,11872.0,Croatia,Europe,,,0.0,,,
12,2020-05-14,2221.0,8.0,94.0,-1.0,1850.0,277.0,7.0,541.0,23.0,50340.0,12262.0,Croatia,Europe,,,0.0,,,
13,2020-05-15,2222.0,1.0,95.0,1.0,1869.0,258.0,8.0,541.0,23.0,51568.0,12552.0,Croatia,Europe,76.0,4108356.0,0.0,,,
14,2020-05-16,2224.0,2.0,95.0,-1.0,1913.0,216.0,9.0,541.0,23.0,52425.0,12761.0,Croatia,Europe,77.0,4108287.0,0.0,,,
15,2020-05-17,2226.0,2.0,95.0,-1.0,1936.0,195.0,10.0,542.0,23.0,53877.0,13114.0,Croatia,Europe,77.0,4108218.0,0.0,,,
16,2020-05-18,2228.0,2.0,95.0,-1.0,1946.0,187.0,10.0,542.0,23.0,54820.0,13344.0,Croatia,Europe,78.0,4108150.0,0.0,,,
17,2020-05-19,2232.0,4.0,96.0,1.0,1967.0,169.0,10.0,543.0,23.0,55800.0,13583.0,Croatia,Europe,78.0,4108081.0,0.0,,,
18,2020-05-20,2234.0,2.0,96.0,-1.0,1978.0,160.0,8.0,544.0,23.0,57021.0,13880.0,Croatia,Europe,78.0,4108012.0,0.0,,,
19,2020-05-21,2237.0,3.0,97.0,1.0,1978.0,162.0,9.0,545.0,24.0,58091.0,14141.0,Croatia,Europe,81.0,4107943.0,0.0,,,
20,2020-05-22,2243.0,6.0,99.0,2.0,2011.0,133.0,5.0,546.0,24.0,59911.0,14584.0,Croatia,Europe,82.0,4107874.0,0.0,,,
21,2020-05-23,2243.0,-1.0,99.0,-1.0,2023.0,121.0,6.0,546.0,24.0,60864.0,14817.0,Croatia,Europe,82.0,4107806.0,0.0,,,
22,2020-05-24,2244.0,1.0,99.0,-1.0,2027.0,118.0,6.0,546.0,24.0,61482.0,14967.0,Croatia,Europe,82.0,4107737.0,0.0,,,
23,2020-05-25,2244.0,-1.0,100.0,1.0,2035.0,109.0,6.0,546.0,24.0,62422.0,15196.0,Croatia,Europe,83.0,4107668.0,0.0,,,
24,2020-05-26,2244.0,-1.0,101.0,1.0,2046.0,97.0,5.0,546.0,25.0,63682.0,15503.0,Croatia,Europe,83.0,4107599.0,0.0,,,
25,2020-05-27,2244.0,-1.0,101.0,-1.0,2047.0,96.0,6.0,546.0,25.0,64266.0,15646.0,Croatia,Europe,84.0,4107462.0,0.0,,,
26,2020-05-28,2245.0,1.0,102.0,1.0,2051.0,92.0,5.0,547.0,25.0,65094.0,15848.0,Croatia,Europe,84.0,4107462.0,0.0,,,
27,2020-05-29,2245.0,-1.0,103.0,1.0,2059.0,83.0,4.0,547.0,25.0,65509.0,15949.0,Croatia,Europe,85.0,4107393.0,0.0,,,
28,2020-05-30,2246.0,1.0,103.0,-1.0,2063.0,80.0,4.0,547.0,25.0,66144.0,16104.0,Croatia,Europe,85.0,4107324.0,0.0,,,
29,2020-05-31,2246.0,-1.0,103.0,-1.0,2072.0,71.0,4.0,547.0,25.0,66405.0,16168.0,Croatia,Europe,85.0,4107255.0,0.0,,,
30,2020-06-01,2246.0,-1.0,103.0,-1.0,2077.0,66.0,4.0,547.0,25.0,66695.0,16239.0,Croatia,Europe,86.0,4107186.0,0.0,,,
31,2020-06-02,2246.0,-1.0,103.0,-1.0,2088.0,55.0,4.0,547.0,25.0,67297.0,16385.0,Croatia,Europe,86.0,4107117.0,11.0,1829.0,39875.0,61.0
32,2020-06-03,2246.0,-1.0,103.0,-1.0,2095.0,48.0,4.0,547.0,25.0,67814.0,16512.0,Croatia,Europe,88.0,4107049.0,7.0,1829.0,39874.0,61.0
33,2020-06-04,2247.0,1.0,103.0,-1.0,2105.0,39.0,3.0,547.0,25.0,67997.0,16556.0,Croatia,Europe,89.0,4106980.0,10.0,1828.0,39874.0,60.0
34,2020-06-05,2247.0,-1.0,103.0,-1.0,2113.0,31.0,3.0,547.0,25.0,68267.0,16622.0,Croatia,Europe,89.0,4106911.0,8.0,1828.0,39873.0,60.0
35,2020-06-06,2247.0,-1.0,104.0,1.0,2121.0,22.0,2.0,547.0,25.0,68514.0,16683.0,Croatia,Europe,90.0,4106842.0,8.0,1828.0,39489.0,60.0
36,2020-06-07,2247.0,-1.0,104.0,-1.0,2126.0,17.0,2.0,547.0,25.0,68740.0,16738.0,Croatia,Europe,91.0,4106773.0,5.0,1828.0,39488.0,60.0
37,2020-06-08,2247.0,-1.0,104.0,-1.0,2128.0,15.0,2.0,547.0,25.0,68866.0,16769.0,Croatia,Europe,91.0,4106705.0,2.0,1828.0,39488.0,60.0
38,2020-06-09,2247.0,-1.0,106.0,2.0,2130.0,11.0,-1.0,547.0,26.0,69115.0,16830.0,Croatia,Europe,92.0,4106636.0,2.0,1828.0,38742.0,59.0
39,2020-06-10,2249.0,2.0,106.0,-1.0,2130.0,13.0,-1.0,548.0,26.0,69349.0,16887.0,Croatia,Europe,92.0,4106567.0,-1.0,1826.0,38741.0,59.0
40,2020-06-11,2249.0,-1.0,106.0,-1.0,2132.0,11.0,-1.0,548.0,26.0,69606.0,16950.0,Croatia,Europe,92.0,4106498.0,2.0,1826.0,38741.0,59.0
41,2020-06-12,2249.0,-1.0,107.0,1.0,2133.0,9.0,-1.0,548.0,26.0,69721.0,16978.0,Croatia,Europe,93.0,4106429.0,1.0,1826.0,38378.0,59.0
42,2020-06-13,2251.0,2.0,107.0,-1.0,2134.0,10.0,-1.0,548.0,26.0,69967.0,17039.0,Croatia,Europe,93.0,4106361.0,1.0,1824.0,38377.0,59.0
43,2020-06-14,2252.0,1.0,107.0,-1.0,2134.0,11.0,-1.0,548.0,26.0,70110.0,17074.0,Croatia,Europe,94.0,4106292.0,-1.0,1823.0,38377.0,59.0
44,2020-06-15,2254.0,2.0,107.0,-1.0,2140.0,7.0,-1.0,549.0,26.0,70254.0,17109.0,Croatia,Europe,95.0,4106223.0,6.0,1822.0,38376.0,58.0
45,2020-06-16,2255.0,1.0,107.0,-1.0,2140.0,8.0,-1.0,549.0,26.0,70526.0,17176.0,Croatia,Europe,96.0,4106154.0,-1.0,1821.0,38375.0,58.0
46,2020-06-17,2258.0,3.0,107.0,-1.0,2141.0,10.0,-1.0,550.0,26.0,70712.0,17221.0,Croatia,Europe,96.0,4106085.0,1.0,1818.0,38375.0,58.0
47,2020-06-18,2269.0,11.0,107.0,-1.0,2142.0,20.0,-1.0,553.0,26.0,70712.0,17222.0,Croatia,Europe,97.0,4106017.0,1.0,1810.0,38374.0,58.0
48,2020-06-19,2280.0,11.0,107.0,-1.0,2142.0,31.0,-1.0,555.0,26.0,71814.0,17490.0,Croatia,Europe,97.0,4105948.0,-1.0,1801.0,38373.0,57.0
49,2020-06-20,2299.0,19.0,107.0,-1.0,2142.0,50.0,-1.0,560.0,26.0,72202.0,17585.0,Croatia,Europe,97.0,4105810.0,-1.0,1786.0,38372.0,57.0
50,2020-06-21,2317.0,18.0,107.0,-1.0,2142.0,68.0,-1.0,564.0,26.0,72478.0,17653.0,Croatia,Europe,97.0,4105810.0,-1.0,1772.0,38372.0,57.0
51,2020-06-22,2336.0,19.0,107.0,-1.0,2142.0,87.0,-1.0,569.0,26.0,72746.0,17718.0,Croatia,Europe,97.0,4105741.0,-1.0,1758.0,38371.0,56.0
52,2020-06-23,2366.0,30.0,107.0,-1.0,2142.0,117.0,-1.0,576.0,26.0,73093.0,17803.0,Croatia,Europe,98.0,4105673.0,-1.0,1735.0,38371.0,56.0
53,2020-06-24,2388.0,22.0,107.0,-1.0,2145.0,136.0,-1.0,582.0,26.0,73738.0,17960.0,Croatia,Europe,98.0,4105604.0,3.0,1719.0,38370.0,56.0
54,2020-06-25,2483.0,95.0,107.0,-1.0,2149.0,227.0,-1.0,605.0,26.0,74657.0,18184.0,Croatia,Europe,98.0,4105535.0,4.0,1653.0,38369.0,55.0
55,2020-06-26,2539.0,56.0,107.0,-1.0,2150.0,282.0,-1.0,618.0,26.0,75437.0,18375.0,Croatia,Europe,97.0,4105466.0,1.0,1617.0,38369.0,54.0
56,2020-06-27,2624.0,85.0,107.0,-1.0,2152.0,365.0,-1.0,639.0,26.0,75437.0,18375.0,Croatia,Europe,97.0,4105397.0,2.0,1565.0,38368.0,54.0
57,2020-06-28,2691.0,67.0,107.0,-1.0,2152.0,432.0,-1.0,655.0,26.0,76266.0,18577.0,Croatia,Europe,97.0,4105329.0,-1.0,1526.0,38368.0,54.0
58,2020-06-29,2725.0,34.0,107.0,-1.0,2155.0,463.0,-1.0,664.0,26.0,78183.0,19045.0,Croatia,Europe,97.0,4105260.0,3.0,1507.0,38367.0,53.0
59,2020-06-30,2777.0,52.0,107.0,-1.0,2155.0,515.0,-1.0,676.0,26.0,79104.0,19269.0,Croatia,Europe,97.0,4105191.0,-1.0,1478.0,38366.0,52.0
60,2020-07-01,2831.0,54.0,108.0,1.0,2155.0,568.0,-1.0,690.0,26.0,80456.0,19599.0,Croatia,Europe,97.0,4105122.0,-1.0,1450.0,38010.0,51.0
61,2020-07-02,2912.0,81.0,110.0,2.0,2155.0,647.0,3.0,709.0,27.0,81437.0,19838.0,Croatia,Europe,98.0,4105053.0,-1.0,1410.0,37319.0,50.0
62,2020-07-03,3008.0,96.0,112.0,2.0,2168.0,728.0,4.0,733.0,27.0,82902.0,20195.0,Croatia,Europe,98.0,4104985.0,13.0,1365.0,36652.0,50.0
63,2020-07-04,3094.0,86.0,113.0,1.0,2183.0,798.0,3.0,754.0,28.0,84166.0,20504.0,Croatia,Europe,97.0,4104916.0,15.0,1327.0,36327.0,49.0
64,2020-07-05,3151.0,57.0,113.0,-1.0,2196.0,842.0,4.0,768.0,28.0,84166.0,20504.0,Croatia,Europe,97.0,4104847.0,13.0,1303.0,36326.0,49.0
65,2020-07-06,3220.0,69.0,113.0,-1.0,2210.0,897.0,5.0,784.0,28.0,85997.0,20950.0,Croatia,Europe,97.0,4104778.0,14.0,1275.0,36325.0,48.0
66,2020-07-07,3272.0,52.0,113.0,-1.0,2229.0,930.0,5.0,797.0,28.0,86860.0,21161.0,Croatia,Europe,97.0,4104709.0,19.0,1254.0,36325.0,47.0
67,2020-07-08,3325.0,53.0,114.0,1.0,2277.0,934.0,4.0,810.0,28.0,88235.0,21496.0,Croatia,Europe,97.0,4104641.0,48.0,1234.0,36006.0,47.0
68,2020-07-09,3416.0,91.0,115.0,1.0,2323.0,978.0,3.0,832.0,28.0,89764.0,21869.0,Croatia,Europe,97.0,4104572.0,46.0,1202.0,35692.0,46.0
69,2020-07-10,3532.0,116.0,117.0,2.0,2377.0,1038.0,4.0,861.0,29.0,91486.0,22289.0,Croatia,Europe,97.0,4104503.0,54.0,1162.0,35081.0,45.0
70,2020-07-11,3672.0,140.0,118.0,1.0,2466.0,1088.0,3.0,895.0,29.0,92808.0,22612.0,Croatia,Europe,97.0,4104434.0,89.0,1118.0,34783.0,44.0
71,2020-07-12,3722.0,50.0,119.0,1.0,2486.0,1117.0,3.0,907.0,29.0,93571.0,22798.0,Croatia,Europe,97.0,4104297.0,20.0,1103.0,34490.0,44.0
72,2020-07-13,3775.0,53.0,119.0,-1.0,2514.0,1142.0,4.0,920.0,29.0,94175.0,22945.0,Croatia,Europe,97.0,4104297.0,28.0,1087.0,34490.0,44.0
73,2020-07-14,3827.0,52.0,120.0,1.0,2558.0,1149.0,5.0,932.0,29.0,95920.0,23371.0,Croatia,Europe,97.0,4104228.0,44.0,1072.0,34202.0,43.0
74,2020-07-15,3953.0,92.0,120.0,-1.0,2629.0,1204.0,5.0,963.0,29.0,97724.0,23811.0,Croatia,Europe,96.0,4104159.0,71.0,1038.0,34201.0,42.0
75,2020-07-16,4039.0,86.0,120.0,-1.0,2729.0,1190.0,6.0,984.0,29.0,99414.0,24223.0,Croatia,Europe,96.0,4104090.0,100.0,1016.0,34201.0,41.0
76,2020-07-17,4137.0,98.0,120.0,-1.0,2825.0,1192.0,7.0,1008.0,29.0,100851.0,24574.0,Croatia,Europe,96.0,4104021.0,96.0,992.0,34200.0,41.0
77,2020-07-18,4253.0,116.0,120.0,-1.0,2929.0,1204.0,8.0,1036.0,29.0,102189.0,24900.0,Croatia,Europe,96.0,4103953.0,104.0,965.0,34200.0,40.0
78,2020-07-19,4345.0,92.0,120.0,-1.0,3018.0,1207.0,9.0,1059.0,29.0,103104.0,25124.0,Croatia,Europe,95.0,4103884.0,89.0,945.0,34199.0,40.0
79,2020-07-20,4370.0,25.0,122.0,2.0,3101.0,1147.0,9.0,1065.0,30.0,104132.0,25374.0,Croatia,Europe,95.0,4103815.0,83.0,939.0,33638.0,39.0
80,2020-07-21,4422.0,49.0,123.0,1.0,3183.0,1116.0,9.0,1078.0,30.0,105526.0,25715.0,Croatia,Europe,95.0,4103746.0,82.0,928.0,33364.0,39.0
81,2020-07-22,4530.0,108.0,125.0,2.0,3278.0,1127.0,9.0,1104.0,30.0,106805.0,26027.0,Croatia,Europe,95.0,4103677.0,95.0,906.0,32829.0,38.0
82,2020-07-23,4634.0,104.0,128.0,3.0,3394.0,1112.0,7.0,1129.0,31.0,108222.0,26373.0,Croatia,Europe,94.0,4103540.0,116.0,886.0,32059.0,38.0
83,2020-07-24,4715.0,81.0,128.0,-1.0,3555.0,1032.0,9.0,1149.0,31.0,109358.0,26650.0,Croatia,Europe,94.0,4103540.0,161.0,870.0,32059.0,38.0
84,2020-07-25,4792.0,77.0,133.0,5.0,3778.0,881.0,9.0,1168.0,32.0,110514.0,26932.0,Croatia,Europe,94.0,4103471.0,223.0,856.0,30853.0,37.0
85,2020-07-26,4857.0,65.0,136.0,3.0,3866.0,855.0,9.0,1184.0,33.0,110514.0,26932.0,Croatia,Europe,94.0,4103402.0,88.0,845.0,30172.0,37.0
86,2020-07-27,4881.0,24.0,139.0,3.0,3936.0,806.0,9.0,1190.0,34.0,112834.0,27498.0,Croatia,Europe,94.0,4103333.0,70.0,841.0,29520.0,36.0
87,2020-07-28,4923.0,42.0,140.0,1.0,4034.0,749.0,9.0,1200.0,34.0,114090.0,27805.0,Croatia,Europe,96.0,4103196.0,98.0,833.0,29309.0,36.0
88,2020-07-29,4993.0,71.0,141.0,1.0,4099.0,753.0,8.0,1217.0,34.0,115722.0,28203.0,Croatia,Europe,96.0,4103196.0,65.0,822.0,29101.0,35.0
89,2020-07-30,5071.0,78.0,144.0,3.0,4178.0,749.0,6.0,1236.0,35.0,117170.0,28556.0,Croatia,Europe,96.0,4103127.0,79.0,809.0,28494.0,35.0
90,2020-07-31,5139.0,68.0,145.0,1.0,4267.0,727.0,6.0,1252.0,35.0,118955.0,28992.0,Croatia,Europe,96.0,4103058.0,89.0,798.0,28297.0,34.0
91,2020-08-01,5224.0,86.0,145.0,-1.0,4341.0,738.0,9.0,1273.0,35.0,120336.0,29329.0,Croatia,Europe,96.0,4102989.0,74.0,785.0,28296.0,34.0
92,2020-08-02,5260.0,36.0,149.0,4.0,4373.0,738.0,6.0,1282.0,36.0,121320.0,29569.0,Croatia,Europe,96.0,4102921.0,32.0,780.0,27536.0,34.0
