,Date,Tot cases,New cases,Tot Deaths,New Deaths,Total Recovered,Active Cases,Serious,Tot C par million,Deaths par million,Total Test,Tot T par million,Country,Continent,index,population,New Recov,col1,col2,col3
0,2020-05-02,25459.0,1362.0,176.0,7.0,3765.0,21518.0,139.0,731.0,5.0,339775.0,9760.0,Saudi Arabia,Asia,,,0.0,,,
1,2020-05-03,27011.0,1552.0,184.0,8.0,4134.0,22693.0,139.0,776.0,5.0,352555.0,10127.0,Saudi Arabia,Asia,,,0.0,,,
2,2020-05-04,28656.0,1645.0,191.0,7.0,4476.0,23989.0,143.0,823.0,5.0,365093.0,10487.0,Saudi Arabia,Asia,,,0.0,,,
3,2020-05-05,30251.0,-1.0,200.0,-1.0,5431.0,24620.0,143.0,869.0,6.0,376607.0,10818.0,Saudi Arabia,Asia,,,0.0,,,
4,2020-05-06,31938.0,1687.0,209.0,9.0,6783.0,24946.0,143.0,917.0,6.0,389659.0,11193.0,Saudi Arabia,Asia,,,0.0,,,
5,2020-05-07,33731.0,1793.0,219.0,10.0,7798.0,25714.0,145.0,969.0,6.0,405685.0,11653.0,Saudi Arabia,Asia,,,0.0,,,
6,2020-05-08,35432.0,-1.0,229.0,-1.0,9120.0,26083.0,141.0,1018.0,7.0,418722.0,12027.0,Saudi Arabia,Asia,,,0.0,,,
7,2020-05-09,37136.0,-1.0,239.0,-1.0,10144.0,26753.0,140.0,1067.0,7.0,433500.0,12452.0,Saudi Arabia,Asia,,,0.0,,,
8,2020-05-10,39048.0,1912.0,246.0,7.0,11457.0,27345.0,140.0,1122.0,7.0,449644.0,12916.0,Saudi Arabia,Asia,,,0.0,,,
9,2020-05-11,41014.0,1966.0,255.0,9.0,12737.0,28022.0,143.0,1178.0,7.0,467369.0,13425.0,Saudi Arabia,Asia,,,0.0,,,
10,2020-05-12,42925.0,1911.0,264.0,9.0,15257.0,27404.0,147.0,1233.0,8.0,482374.0,13856.0,Saudi Arabia,Asia,,,0.0,,,
11,2020-05-13,44830.0,1905.0,273.0,9.0,17622.0,26935.0,147.0,1288.0,8.0,496948.0,14274.0,Saudi Arabia,Asia,,,0.0,,,
12,2020-05-14,46869.0,2039.0,283.0,10.0,19051.0,27535.0,156.0,1346.0,8.0,513587.0,14752.0,Saudi Arabia,Asia,,,0.0,,,
13,2020-05-15,49176.0,2307.0,292.0,9.0,21869.0,27015.0,167.0,1415.0,8.0,530265.0,15263.0,Saudi Arabia,Asia,15.0,34741400.0,0.0,,,
14,2020-05-16,52016.0,2840.0,302.0,10.0,23666.0,28048.0,166.0,1497.0,9.0,548023.0,15774.0,Saudi Arabia,Asia,15.0,34742883.0,0.0,,,
15,2020-05-17,54752.0,2736.0,312.0,10.0,25722.0,28718.0,202.0,1576.0,9.0,586405.0,16878.0,Saudi Arabia,Asia,15.0,34744365.0,0.0,,,
16,2020-05-18,57345.0,2593.0,320.0,8.0,28748.0,28277.0,237.0,1650.0,9.0,601954.0,17324.0,Saudi Arabia,Asia,14.0,34745848.0,0.0,,,
17,2020-05-19,59854.0,2509.0,329.0,9.0,31634.0,27891.0,237.0,1723.0,9.0,618084.0,17788.0,Saudi Arabia,Asia,14.0,34747330.0,0.0,,,
18,2020-05-20,62545.0,2691.0,339.0,10.0,33478.0,28728.0,276.0,1800.0,10.0,636178.0,18308.0,Saudi Arabia,Asia,14.0,34748812.0,0.0,,,
19,2020-05-21,65077.0,2532.0,351.0,12.0,36040.0,28686.0,281.0,1873.0,10.0,651158.0,18738.0,Saudi Arabia,Asia,14.0,34750295.0,0.0,,,
20,2020-05-22,67719.0,2642.0,364.0,13.0,39003.0,28352.0,302.0,1949.0,10.0,667057.0,19195.0,Saudi Arabia,Asia,14.0,34751777.0,0.0,,,
21,2020-05-23,70161.0,2442.0,379.0,15.0,41236.0,28546.0,302.0,2019.0,11.0,684615.0,19699.0,Saudi Arabia,Asia,14.0,34753259.0,0.0,,,
22,2020-05-24,72560.0,2399.0,390.0,11.0,43520.0,28650.0,339.0,2088.0,11.0,703534.0,20243.0,Saudi Arabia,Asia,14.0,34754742.0,0.0,,,
23,2020-05-25,74795.0,2235.0,399.0,9.0,45668.0,28728.0,372.0,2152.0,11.0,722079.0,20776.0,Saudi Arabia,Asia,14.0,34756224.0,0.0,,,
24,2020-05-26,76726.0,1931.0,411.0,12.0,48450.0,27865.0,384.0,2207.0,12.0,738743.0,21254.0,Saudi Arabia,Asia,15.0,34757706.0,0.0,,,
25,2020-05-27,78541.0,-1.0,425.0,-1.0,51022.0,27094.0,384.0,2259.0,12.0,754268.0,21699.0,Saudi Arabia,Asia,15.0,34760671.0,0.0,,,
26,2020-05-28,80185.0,1644.0,441.0,16.0,54553.0,25191.0,384.0,2307.0,13.0,770696.0,22171.0,Saudi Arabia,Asia,15.0,34760671.0,0.0,,,
27,2020-05-29,81766.0,1581.0,458.0,17.0,57013.0,24295.0,384.0,2352.0,13.0,787465.0,22653.0,Saudi Arabia,Asia,15.0,34762153.0,0.0,,,
28,2020-05-30,83384.0,1618.0,480.0,22.0,58883.0,24021.0,384.0,2399.0,14.0,806569.0,23202.0,Saudi Arabia,Asia,16.0,34763636.0,0.0,,,
29,2020-05-31,85261.0,1877.0,503.0,23.0,62442.0,22316.0,384.0,2452.0,14.0,822769.0,23667.0,Saudi Arabia,Asia,16.0,34765118.0,0.0,,,
30,2020-06-01,87142.0,1881.0,525.0,22.0,64306.0,22311.0,384.0,2506.0,15.0,822769.0,23666.0,Saudi Arabia,Asia,16.0,34766601.0,0.0,,,
31,2020-06-02,89011.0,1869.0,549.0,24.0,65790.0,22672.0,1264.0,2560.0,16.0,853987.0,24562.0,Saudi Arabia,Asia,16.0,34768083.0,1484.0,391.0,63330.0,41.0
32,2020-06-03,91182.0,2171.0,579.0,30.0,68159.0,22444.0,1321.0,2622.0,17.0,870963.0,25050.0,Saudi Arabia,Asia,16.0,34769565.0,2369.0,381.0,60051.0,40.0
33,2020-06-04,93157.0,1975.0,611.0,32.0,68965.0,23581.0,1321.0,2679.0,18.0,887209.0,25516.0,Saudi Arabia,Asia,16.0,34771048.0,806.0,373.0,56908.0,39.0
34,2020-06-05,95748.0,2591.0,642.0,31.0,70616.0,24490.0,1321.0,2754.0,18.0,908972.0,26141.0,Saudi Arabia,Asia,15.0,34772530.0,1651.0,363.0,54163.0,38.0
35,2020-06-06,98869.0,3121.0,676.0,34.0,71791.0,26402.0,1484.0,2843.0,19.0,933201.0,26836.0,Saudi Arabia,Asia,15.0,34774012.0,1175.0,352.0,51441.0,37.0
36,2020-06-07,101914.0,3045.0,712.0,36.0,72817.0,28385.0,1564.0,2931.0,20.0,958237.0,27555.0,Saudi Arabia,Asia,15.0,34775495.0,1026.0,341.0,48842.0,36.0
37,2020-06-08,105283.0,3369.0,746.0,34.0,74524.0,30013.0,1632.0,3027.0,21.0,976815.0,28088.0,Saudi Arabia,Asia,15.0,34776977.0,1707.0,330.0,46618.0,36.0
38,2020-06-09,108571.0,3288.0,783.0,37.0,76339.0,31449.0,1686.0,3122.0,23.0,997673.0,28687.0,Saudi Arabia,Asia,15.0,34778459.0,1815.0,320.0,44417.0,35.0
39,2020-06-10,112288.0,3717.0,819.0,36.0,77954.0,33515.0,1693.0,3229.0,24.0,1019812.0,29322.0,Saudi Arabia,Asia,16.0,34779942.0,1615.0,310.0,42466.0,34.0
40,2020-06-11,116021.0,3733.0,857.0,38.0,80019.0,35145.0,1738.0,3336.0,25.0,1042312.0,29967.0,Saudi Arabia,Asia,16.0,34781424.0,2065.0,300.0,40585.0,33.0
41,2020-06-12,119942.0,3921.0,893.0,36.0,81029.0,38020.0,1820.0,3448.0,26.0,1042312.0,29966.0,Saudi Arabia,Asia,16.0,34782906.0,1010.0,290.0,38951.0,33.0
42,2020-06-13,123308.0,3366.0,932.0,39.0,82548.0,39828.0,1843.0,3545.0,27.0,1087021.0,31250.0,Saudi Arabia,Asia,16.0,34784389.0,1519.0,282.0,37322.0,32.0
43,2020-06-14,127541.0,4233.0,972.0,40.0,84720.0,41849.0,1855.0,3666.0,28.0,1106398.0,31806.0,Saudi Arabia,Asia,16.0,34785871.0,2172.0,273.0,35788.0,31.0
44,2020-06-15,132048.0,4507.0,1011.0,39.0,87890.0,43147.0,1897.0,3796.0,29.0,1126653.0,32387.0,Saudi Arabia,Asia,16.0,34787354.0,3170.0,263.0,34409.0,31.0
45,2020-06-16,136315.0,4267.0,1052.0,41.0,89540.0,45723.0,1897.0,3918.0,30.0,1144282.0,32892.0,Saudi Arabia,Asia,16.0,34788836.0,1650.0,255.0,33069.0,30.0
46,2020-06-17,141234.0,4919.0,1091.0,39.0,91662.0,48481.0,1859.0,4060.0,31.0,1167766.0,33566.0,Saudi Arabia,Asia,16.0,34790318.0,2122.0,246.0,31888.0,30.0
47,2020-06-18,145991.0,4757.0,1139.0,48.0,93915.0,50937.0,1877.0,4196.0,33.0,1198273.0,34441.0,Saudi Arabia,Asia,16.0,34791801.0,2253.0,238.0,30546.0,29.0
48,2020-06-19,150292.0,4301.0,1184.0,45.0,95764.0,53344.0,1941.0,4320.0,34.0,1224289.0,35188.0,Saudi Arabia,Asia,16.0,34793283.0,1849.0,232.0,29386.0,28.0
49,2020-06-20,154233.0,3941.0,1230.0,46.0,98917.0,54086.0,1955.0,4432.0,35.0,1248997.0,35895.0,Saudi Arabia,Asia,16.0,34796248.0,3153.0,226.0,28290.0,28.0
50,2020-06-21,157612.0,3379.0,1267.0,37.0,101130.0,55215.0,2027.0,4530.0,36.0,1284653.0,36919.0,Saudi Arabia,Asia,16.0,34796248.0,2213.0,221.0,27463.0,27.0
51,2020-06-22,161005.0,3393.0,1307.0,40.0,105175.0,54523.0,2045.0,4627.0,38.0,1318267.0,37884.0,Saudi Arabia,Asia,15.0,34797730.0,4045.0,216.0,26624.0,26.0
52,2020-06-23,164144.0,3139.0,1346.0,39.0,109885.0,52913.0,2122.0,4717.0,39.0,1407508.0,40447.0,Saudi Arabia,Asia,15.0,34799212.0,4710.0,212.0,25854.0,25.0
53,2020-06-24,167267.0,3123.0,1387.0,41.0,112797.0,53083.0,2129.0,4806.0,40.0,1407508.0,40445.0,Saudi Arabia,Asia,15.0,34800695.0,2912.0,208.0,25091.0,25.0
54,2020-06-25,170639.0,3372.0,1428.0,41.0,117882.0,51329.0,2206.0,4903.0,41.0,1479759.0,42519.0,Saudi Arabia,Asia,15.0,34802177.0,5085.0,204.0,24371.0,24.0
55,2020-06-26,174577.0,3938.0,1474.0,46.0,120471.0,52632.0,2273.0,5016.0,42.0,1479759.0,42517.0,Saudi Arabia,Asia,15.0,34803660.0,2589.0,199.0,23612.0,24.0
56,2020-06-27,178504.0,3927.0,1511.0,37.0,122128.0,54865.0,2283.0,5129.0,43.0,1500516.0,43112.0,Saudi Arabia,Asia,15.0,34805142.0,1657.0,195.0,23035.0,23.0
57,2020-06-28,182493.0,3989.0,1551.0,40.0,124755.0,56187.0,2277.0,5243.0,45.0,1546037.0,44418.0,Saudi Arabia,Asia,15.0,34806624.0,2627.0,191.0,22441.0,23.0
58,2020-06-29,186436.0,3943.0,1599.0,48.0,127118.0,57719.0,2285.0,5356.0,46.0,1591141.0,45712.0,Saudi Arabia,Asia,15.0,34808107.0,2363.0,187.0,21769.0,22.0
59,2020-06-30,190823.0,4387.0,1649.0,50.0,130766.0,58408.0,2278.0,5482.0,47.0,1639314.0,47094.0,Saudi Arabia,Asia,15.0,34809589.0,3648.0,182.0,21110.0,21.0
60,2020-07-01,194225.0,3402.0,1698.0,49.0,132760.0,59767.0,2272.0,5579.0,49.0,1674487.0,48102.0,Saudi Arabia,Asia,15.0,34811071.0,1994.0,179.0,20501.0,21.0
61,2020-07-02,197608.0,3383.0,1752.0,54.0,137669.0,58187.0,2287.0,5676.0,50.0,1727701.0,49629.0,Saudi Arabia,Asia,14.0,34812554.0,4909.0,176.0,19870.0,20.0
62,2020-07-03,201801.0,4193.0,1802.0,50.0,140614.0,59385.0,2291.0,5797.0,52.0,1771628.0,50888.0,Saudi Arabia,Asia,14.0,34814036.0,2945.0,173.0,19320.0,20.0
63,2020-07-04,205929.0,4128.0,1858.0,56.0,143256.0,60815.0,2295.0,5915.0,53.0,1823763.0,52384.0,Saudi Arabia,Asia,13.0,34815518.0,2642.0,169.0,18738.0,19.0
64,2020-07-05,209509.0,3580.0,1916.0,58.0,145236.0,62357.0,2283.0,6017.0,55.0,1823763.0,52381.0,Saudi Arabia,Asia,13.0,34817001.0,1980.0,166.0,18172.0,19.0
65,2020-07-06,213716.0,4207.0,1968.0,52.0,149634.0,62114.0,2254.0,6138.0,57.0,1934391.0,55556.0,Saudi Arabia,Asia,13.0,34818483.0,4398.0,163.0,17692.0,18.0
66,2020-07-07,217108.0,3392.0,2017.0,49.0,154839.0,60252.0,2268.0,6235.0,58.0,2018657.0,57974.0,Saudi Arabia,Asia,13.0,34819965.0,5205.0,160.0,17263.0,17.0
67,2020-07-08,220144.0,3036.0,2059.0,42.0,158050.0,60035.0,2263.0,6322.0,59.0,2071823.0,59498.0,Saudi Arabia,Asia,14.0,34821448.0,3211.0,158.0,16912.0,17.0
68,2020-07-09,223327.0,3183.0,2100.0,41.0,161096.0,60131.0,2225.0,6413.0,60.0,2124976.0,61022.0,Saudi Arabia,Asia,14.0,34822930.0,3046.0,156.0,16582.0,16.0
69,2020-07-10,226486.0,3159.0,2151.0,51.0,163026.0,61309.0,2220.0,6504.0,62.0,2179448.0,62584.0,Saudi Arabia,Asia,14.0,34824413.0,1930.0,154.0,16190.0,16.0
70,2020-07-11,229480.0,2994.0,2181.0,30.0,165396.0,61903.0,2230.0,6589.0,63.0,2226290.0,63926.0,Saudi Arabia,Asia,14.0,34825895.0,2370.0,152.0,15968.0,16.0
71,2020-07-12,232259.0,2779.0,2223.0,42.0,167138.0,62898.0,2245.0,6669.0,64.0,2270719.0,65196.0,Saudi Arabia,Asia,14.0,34828860.0,1742.0,150.0,15668.0,15.0
72,2020-07-13,235111.0,2852.0,2243.0,20.0,169842.0,63026.0,2235.0,6750.0,64.0,2336874.0,67096.0,Saudi Arabia,Asia,14.0,34828860.0,2704.0,148.0,15528.0,15.0
73,2020-07-14,237803.0,2692.0,2283.0,40.0,177560.0,57960.0,2235.0,6827.0,66.0,2336874.0,67093.0,Saudi Arabia,Asia,14.0,34830342.0,7718.0,146.0,15256.0,15.0
74,2020-07-15,240474.0,2671.0,2325.0,42.0,183048.0,55101.0,2221.0,6904.0,67.0,2436683.0,69956.0,Saudi Arabia,Asia,14.0,34831824.0,5488.0,145.0,14981.0,14.0
75,2020-07-16,243238.0,2764.0,2370.0,45.0,187622.0,53246.0,2206.0,6983.0,68.0,2494873.0,71623.0,Saudi Arabia,Asia,14.0,34833307.0,4574.0,143.0,14698.0,14.0
76,2020-07-17,245851.0,2613.0,2407.0,37.0,191161.0,52283.0,2188.0,7058.0,69.0,2494873.0,71620.0,Saudi Arabia,Asia,13.0,34834789.0,3539.0,142.0,14472.0,14.0
77,2020-07-18,248416.0,2565.0,2447.0,40.0,194218.0,51751.0,2182.0,7131.0,70.0,2622786.0,75289.0,Saudi Arabia,Asia,13.0,34836271.0,3057.0,140.0,14236.0,13.0
78,2020-07-19,250920.0,2504.0,2486.0,39.0,197735.0,50699.0,2180.0,7203.0,71.0,2670926.0,76668.0,Saudi Arabia,Asia,13.0,34837754.0,3517.0,139.0,14014.0,13.0
79,2020-07-20,253349.0,2429.0,2523.0,37.0,203259.0,47567.0,2196.0,7272.0,72.0,2728424.0,78315.0,Saudi Arabia,Asia,13.0,34839236.0,5524.0,138.0,13809.0,13.0
80,2020-07-21,255825.0,2476.0,2557.0,34.0,207259.0,46009.0,2184.0,7343.0,73.0,2784874.0,79932.0,Saudi Arabia,Asia,13.0,34840718.0,4000.0,136.0,13626.0,13.0
81,2020-07-22,258156.0,2331.0,2601.0,44.0,210398.0,45157.0,2143.0,7409.0,75.0,2837054.0,81426.0,Saudi Arabia,Asia,13.0,34842201.0,3139.0,135.0,13396.0,12.0
82,2020-07-23,260394.0,2238.0,2635.0,34.0,213490.0,44269.0,2170.0,7473.0,76.0,2894426.0,83065.0,Saudi Arabia,Asia,13.0,34845166.0,3092.0,134.0,13224.0,12.0
83,2020-07-24,262772.0,2378.0,2672.0,37.0,215731.0,44369.0,2143.0,7541.0,77.0,2946928.0,84572.0,Saudi Arabia,Asia,13.0,34845166.0,2241.0,133.0,13041.0,12.0
84,2020-07-25,264973.0,2201.0,2703.0,31.0,217782.0,44488.0,2120.0,7604.0,78.0,2946928.0,84568.0,Saudi Arabia,Asia,13.0,34846648.0,2051.0,132.0,12892.0,12.0
85,2020-07-26,266941.0,1968.0,2733.0,30.0,220323.0,43885.0,2120.0,7660.0,78.0,3056956.0,87722.0,Saudi Arabia,Asia,13.0,34848130.0,2541.0,131.0,12751.0,11.0
86,2020-07-27,268934.0,1993.0,2760.0,27.0,222936.0,43238.0,2126.0,7717.0,79.0,3056956.0,87719.0,Saudi Arabia,Asia,13.0,34849613.0,2613.0,130.0,12627.0,11.0
87,2020-07-28,270831.0,1897.0,2789.0,29.0,225624.0,42418.0,2103.0,7771.0,80.0,3174886.0,91095.0,Saudi Arabia,Asia,13.0,34852577.0,2688.0,129.0,12496.0,11.0
88,2020-07-29,272590.0,1759.0,2816.0,27.0,228569.0,41205.0,2063.0,7821.0,81.0,3237731.0,92898.0,Saudi Arabia,Asia,14.0,34852577.0,2945.0,128.0,12377.0,11.0
89,2020-07-30,274219.0,1629.0,2842.0,26.0,231198.0,40179.0,2044.0,7868.0,82.0,3289692.0,94385.0,Saudi Arabia,Asia,14.0,34854060.0,2629.0,127.0,12264.0,11.0
90,2020-07-31,275905.0,1686.0,2866.0,24.0,235658.0,37381.0,2033.0,7916.0,82.0,3350541.0,96126.0,Saudi Arabia,Asia,14.0,34855542.0,4460.0,126.0,12162.0,10.0
91,2020-08-01,277478.0,1573.0,2887.0,21.0,237548.0,37043.0,2016.0,7960.0,83.0,3395688.0,97418.0,Saudi Arabia,Asia,14.0,34857024.0,1890.0,126.0,12074.0,10.0
92,2020-08-02,278835.0,1357.0,2917.0,30.0,240081.0,35837.0,2011.0,7999.0,84.0,3432354.0,98465.0,Saudi Arabia,Asia,14.0,34858507.0,2533.0,125.0,11950.0,10.0
