,Date,Tot cases,New cases,Tot Deaths,New Deaths,Total Recovered,Active Cases,Serious,Tot C par million,Deaths par million,Total Test,Tot T par million,Country,Continent,index,population,New Recov,col1,col2,col3
0,2020-05-02,182260.0,4806.0,28131.0,621.0,-1.0,153785.0,1559.0,2685.0,414.0,1129907.0,16644.0,UK,Europe,,,0.0,,,
1,2020-05-03,186599.0,4339.0,28446.0,315.0,-1.0,157809.0,1559.0,2749.0,419.0,1206405.0,17771.0,UK,Europe,,,0.0,,,
2,2020-05-04,190584.0,3985.0,28734.0,288.0,-1.0,161506.0,1559.0,2807.0,423.0,1291591.0,19026.0,UK,Europe,,,0.0,,,
3,2020-05-05,194990.0,-1.0,29427.0,-1.0,-1.0,165219.0,1559.0,2872.0,433.0,1383842.0,20385.0,UK,Europe,,,0.0,,,
4,2020-05-06,201101.0,6111.0,30076.0,649.0,-1.0,170681.0,1559.0,2962.0,443.0,1383842.0,20385.0,UK,Europe,,,0.0,,,
5,2020-05-07,206715.0,5614.0,30615.0,539.0,-1.0,175756.0,1559.0,3045.0,451.0,1534533.0,22605.0,UK,Europe,,,0.0,,,
6,2020-05-08,211364.0,-1.0,31241.0,-1.0,-1.0,179779.0,1559.0,3114.0,460.0,1631561.0,24034.0,UK,Europe,,,0.0,,,
7,2020-05-09,215260.0,-1.0,31587.0,-1.0,-1.0,183329.0,1559.0,3171.0,465.0,1728443.0,25461.0,UK,Europe,,,0.0,,,
8,2020-05-10,219183.0,3923.0,31855.0,268.0,-1.0,186984.0,1559.0,3229.0,469.0,1821280.0,26829.0,UK,Europe,,,0.0,,,
9,2020-05-11,223060.0,3877.0,32065.0,210.0,-1.0,190651.0,1559.0,3286.0,472.0,1921770.0,28309.0,UK,Europe,,,0.0,,,
10,2020-05-12,226463.0,3403.0,32692.0,627.0,-1.0,193427.0,1559.0,3336.0,482.0,2007146.0,29566.0,UK,Europe,,,0.0,,,
11,2020-05-13,229705.0,3242.0,33186.0,494.0,-1.0,196175.0,1559.0,3384.0,489.0,2094209.0,30849.0,UK,Europe,,,0.0,,,
12,2020-05-14,233151.0,3446.0,33614.0,428.0,-1.0,199193.0,1559.0,3434.0,495.0,2219281.0,32691.0,UK,Europe,,,0.0,,,
13,2020-05-15,236711.0,3560.0,33998.0,384.0,-1.0,-1.0,1559.0,3489.0,501.0,2353078.0,34686.0,UK,Europe,4.0,67840351.0,0.0,,,
14,2020-05-16,240161.0,3450.0,34466.0,468.0,-1.0,-1.0,1559.0,3540.0,508.0,2489563.0,36697.0,UK,Europe,4.0,67841324.0,0.0,,,
15,2020-05-17,243303.0,3142.0,34636.0,170.0,-1.0,-1.0,1559.0,3586.0,511.0,2489563.0,36696.0,UK,Europe,4.0,67842296.0,0.0,,,
16,2020-05-18,246406.0,2711.0,34796.0,160.0,-1.0,-1.0,1559.0,3632.0,513.0,2682716.0,39543.0,UK,Europe,4.0,67843268.0,0.0,,,
17,2020-05-19,248818.0,2412.0,35341.0,545.0,-1.0,-1.0,1559.0,3667.0,521.0,2772552.0,40866.0,UK,Europe,5.0,67844241.0,0.0,,,
18,2020-05-20,248293.0,-1.0,35704.0,363.0,-1.0,-1.0,1559.0,3660.0,526.0,2962227.0,43662.0,UK,Europe,5.0,67845213.0,0.0,,,
19,2020-05-21,250908.0,2615.0,36042.0,338.0,-1.0,-1.0,1559.0,3698.0,531.0,3090566.0,45553.0,UK,Europe,5.0,67846185.0,0.0,,,
20,2020-05-22,254195.0,3287.0,36393.0,351.0,-1.0,-1.0,1559.0,3747.0,536.0,3231921.0,47635.0,UK,Europe,5.0,67847158.0,0.0,,,
21,2020-05-23,257154.0,2959.0,36675.0,282.0,-1.0,-1.0,1559.0,3790.0,541.0,3348507.0,49353.0,UK,Europe,5.0,67848130.0,0.0,,,
22,2020-05-24,259559.0,2405.0,36793.0,118.0,-1.0,-1.0,1559.0,3826.0,542.0,3458905.0,50979.0,UK,Europe,5.0,67849102.0,0.0,,,
23,2020-05-25,261184.0,1625.0,36914.0,121.0,-1.0,-1.0,1559.0,3849.0,544.0,3532634.0,52065.0,UK,Europe,5.0,67850075.0,0.0,,,
24,2020-05-26,265227.0,4043.0,37048.0,134.0,-1.0,-1.0,1559.0,3909.0,546.0,3681295.0,54256.0,UK,Europe,5.0,67851047.0,0.0,,,
25,2020-05-27,267240.0,-1.0,37460.0,-1.0,-1.0,-1.0,1559.0,3939.0,552.0,3798490.0,55981.0,UK,Europe,5.0,67852992.0,0.0,,,
26,2020-05-28,269127.0,1887.0,37837.0,377.0,-1.0,-1.0,1559.0,3966.0,558.0,3918079.0,57744.0,UK,Europe,5.0,67852992.0,0.0,,,
27,2020-05-29,271222.0,2095.0,38161.0,324.0,-1.0,-1.0,1559.0,3997.0,562.0,4043686.0,59594.0,UK,Europe,5.0,67853964.0,0.0,,,
28,2020-05-30,272826.0,1604.0,38376.0,215.0,-1.0,-1.0,1559.0,4021.0,566.0,4043686.0,59593.0,UK,Europe,5.0,67854937.0,0.0,,,
29,2020-05-31,274762.0,1936.0,38489.0,113.0,-1.0,-1.0,1559.0,4049.0,567.0,4285738.0,63159.0,UK,Europe,5.0,67855909.0,0.0,,,
30,2020-06-01,276332.0,1570.0,39045.0,556.0,-1.0,-1.0,1559.0,4072.0,575.0,4285738.0,63158.0,UK,Europe,5.0,67856881.0,0.0,,,
31,2020-06-02,277985.0,1653.0,39369.0,324.0,-1.0,-1.0,1559.0,4097.0,580.0,4615146.0,68012.0,UK,Europe,5.0,67857854.0,-1.0,244.0,1724.0,15.0
32,2020-06-03,279856.0,1871.0,39728.0,359.0,-1.0,-1.0,1559.0,4124.0,585.0,4786219.0,70532.0,UK,Europe,5.0,67858826.0,-1.0,242.0,1708.0,14.0
33,2020-06-04,281661.0,1805.0,39904.0,176.0,-1.0,-1.0,604.0,4151.0,588.0,5005565.0,73763.0,UK,Europe,5.0,67859798.0,-1.0,241.0,1701.0,14.0
34,2020-06-05,283311.0,1650.0,40261.0,357.0,-1.0,-1.0,604.0,4175.0,593.0,5214277.0,76838.0,UK,Europe,5.0,67860771.0,-1.0,240.0,1686.0,13.0
35,2020-06-06,284868.0,1557.0,40465.0,204.0,-1.0,-1.0,604.0,4198.0,596.0,5438712.0,80144.0,UK,Europe,5.0,67861743.0,-1.0,238.0,1677.0,12.0
36,2020-06-07,286194.0,1326.0,40542.0,77.0,-1.0,-1.0,604.0,4217.0,597.0,5581073.0,82241.0,UK,Europe,5.0,67862715.0,-1.0,237.0,1674.0,12.0
37,2020-06-08,287399.0,1205.0,40597.0,55.0,-1.0,-1.0,516.0,4235.0,598.0,5731576.0,84457.0,UK,Europe,5.0,67863688.0,-1.0,236.0,1672.0,12.0
38,2020-06-09,289140.0,1741.0,40883.0,286.0,-1.0,-1.0,516.0,4261.0,602.0,5870506.0,86503.0,UK,Europe,4.0,67864660.0,-1.0,235.0,1660.0,12.0
39,2020-06-10,290143.0,1003.0,41128.0,245.0,-1.0,-1.0,516.0,4275.0,606.0,6042622.0,89038.0,UK,Europe,4.0,67865632.0,-1.0,234.0,1650.0,11.0
40,2020-06-11,291409.0,1266.0,41279.0,151.0,-1.0,-1.0,516.0,4294.0,608.0,6240801.0,91957.0,UK,Europe,5.0,67866605.0,-1.0,233.0,1644.0,11.0
41,2020-06-12,292950.0,1541.0,41481.0,202.0,-1.0,-1.0,492.0,4316.0,611.0,6434713.0,94813.0,UK,Europe,5.0,67867577.0,-1.0,232.0,1636.0,11.0
42,2020-06-13,294375.0,1425.0,41662.0,181.0,-1.0,-1.0,492.0,4337.0,614.0,6624676.0,97610.0,UK,Europe,5.0,67868549.0,-1.0,231.0,1629.0,10.0
43,2020-06-14,295889.0,1514.0,41698.0,36.0,-1.0,-1.0,392.0,4360.0,614.0,6772602.0,99789.0,UK,Europe,5.0,67869522.0,-1.0,229.0,1628.0,10.0
44,2020-06-15,296857.0,968.0,41736.0,38.0,-1.0,-1.0,392.0,4374.0,615.0,6866481.0,101170.0,UK,Europe,5.0,67870494.0,-1.0,229.0,1626.0,10.0
45,2020-06-16,298136.0,1279.0,41969.0,233.0,-1.0,-1.0,395.0,4393.0,618.0,6981493.0,102863.0,UK,Europe,5.0,67871466.0,-1.0,228.0,1617.0,10.0
46,2020-06-17,299251.0,1115.0,42153.0,184.0,-1.0,-1.0,379.0,4409.0,621.0,7121976.0,104932.0,UK,Europe,5.0,67872439.0,-1.0,227.0,1610.0,10.0
47,2020-06-18,300469.0,1218.0,42288.0,135.0,-1.0,-1.0,379.0,4427.0,623.0,7259555.0,106957.0,UK,Europe,5.0,67873411.0,-1.0,226.0,1605.0,9.0
48,2020-06-19,301815.0,1346.0,42461.0,173.0,-1.0,-1.0,379.0,4447.0,626.0,7433114.0,109513.0,UK,Europe,5.0,67874383.0,-1.0,225.0,1599.0,9.0
49,2020-06-20,303110.0,1295.0,42589.0,128.0,-1.0,-1.0,379.0,4466.0,627.0,7714201.0,113651.0,UK,Europe,5.0,67876328.0,-1.0,224.0,1594.0,9.0
50,2020-06-21,304331.0,1221.0,42632.0,43.0,-1.0,-1.0,379.0,4484.0,628.0,7890145.0,116243.0,UK,Europe,5.0,67876328.0,-1.0,223.0,1592.0,9.0
51,2020-06-22,305289.0,958.0,42647.0,15.0,-1.0,-1.0,330.0,4498.0,628.0,8029757.0,118298.0,UK,Europe,5.0,67877301.0,-1.0,222.0,1592.0,8.0
52,2020-06-23,306210.0,921.0,42927.0,280.0,-1.0,-1.0,330.0,4511.0,632.0,8309929.0,122424.0,UK,Europe,5.0,67878273.0,-1.0,222.0,1581.0,8.0
53,2020-06-24,306862.0,652.0,43081.0,154.0,-1.0,-1.0,311.0,4521.0,635.0,8542186.0,125844.0,UK,Europe,5.0,67879245.0,-1.0,221.0,1576.0,8.0
54,2020-06-25,307980.0,1118.0,43230.0,149.0,-1.0,-1.0,311.0,4537.0,637.0,8710292.0,128319.0,UK,Europe,5.0,67880218.0,-1.0,220.0,1570.0,8.0
55,2020-06-26,309360.0,1380.0,43414.0,184.0,-1.0,-1.0,311.0,4557.0,640.0,8911226.0,131277.0,UK,Europe,5.0,67881190.0,-1.0,219.0,1564.0,8.0
56,2020-06-27,310250.0,890.0,43514.0,100.0,-1.0,-1.0,276.0,4570.0,641.0,9067577.0,133578.0,UK,Europe,5.0,67882162.0,-1.0,219.0,1560.0,7.0
57,2020-06-28,311151.0,901.0,43550.0,36.0,-1.0,-1.0,276.0,4584.0,642.0,9195132.0,135455.0,UK,Europe,5.0,67883135.0,-1.0,218.0,1559.0,7.0
58,2020-06-29,311965.0,814.0,43575.0,25.0,-1.0,-1.0,276.0,4596.0,642.0,9290215.0,136854.0,UK,Europe,5.0,67884107.0,-1.0,218.0,1558.0,7.0
59,2020-06-30,312654.0,689.0,43730.0,155.0,-1.0,-1.0,276.0,4606.0,644.0,9426631.0,138862.0,UK,Europe,5.0,67885079.0,-1.0,217.0,1552.0,7.0
60,2020-07-01,313483.0,829.0,43906.0,176.0,-1.0,-1.0,238.0,4618.0,647.0,9662051.0,142327.0,UK,Europe,5.0,67886052.0,-1.0,217.0,1546.0,7.0
61,2020-07-02,313483.0,-1.0,43995.0,89.0,-1.0,-1.0,279.0,4618.0,648.0,9914663.0,146047.0,UK,Europe,5.0,67887024.0,-1.0,217.0,1543.0,7.0
62,2020-07-03,284276.0,519.0,44131.0,136.0,-1.0,-1.0,279.0,4187.0,650.0,10120276.0,149073.0,UK,Europe,8.0,67887996.0,-1.0,239.0,1538.0,7.0
63,2020-07-04,284900.0,624.0,44198.0,67.0,-1.0,-1.0,231.0,4197.0,651.0,10340511.0,152315.0,UK,Europe,8.0,67888969.0,-1.0,238.0,1536.0,7.0
64,2020-07-05,285416.0,516.0,44220.0,22.0,-1.0,-1.0,231.0,4204.0,651.0,10505758.0,154747.0,UK,Europe,8.0,67889941.0,-1.0,238.0,1535.0,6.0
65,2020-07-06,285768.0,352.0,44236.0,16.0,-1.0,-1.0,231.0,4209.0,652.0,10651308.0,156889.0,UK,Europe,8.0,67890913.0,-1.0,238.0,1535.0,6.0
66,2020-07-07,286349.0,581.0,44391.0,155.0,-1.0,-1.0,231.0,4218.0,654.0,10651308.0,156886.0,UK,Europe,8.0,67891886.0,-1.0,237.0,1529.0,6.0
67,2020-07-08,286979.0,630.0,44517.0,126.0,-1.0,-1.0,197.0,4227.0,656.0,11041203.0,162627.0,UK,Europe,8.0,67892858.0,-1.0,237.0,1525.0,6.0
68,2020-07-09,287621.0,642.0,44602.0,85.0,-1.0,-1.0,185.0,4236.0,657.0,11286921.0,166244.0,UK,Europe,8.0,67893830.0,-1.0,236.0,1522.0,6.0
69,2020-07-10,288133.0,512.0,44650.0,48.0,-1.0,-1.0,185.0,4244.0,658.0,11538519.0,169947.0,UK,Europe,8.0,67894803.0,-1.0,236.0,1521.0,6.0
70,2020-07-11,288953.0,820.0,44798.0,148.0,-1.0,-1.0,185.0,4256.0,660.0,11782192.0,173534.0,UK,Europe,9.0,67895775.0,-1.0,235.0,1516.0,6.0
71,2020-07-12,289603.0,650.0,44819.0,21.0,-1.0,-1.0,185.0,4265.0,660.0,11990257.0,176593.0,UK,Europe,9.0,67897720.0,-1.0,234.0,1515.0,6.0
72,2020-07-13,290133.0,530.0,44830.0,11.0,-1.0,-1.0,185.0,4273.0,660.0,12128749.0,178633.0,UK,Europe,9.0,67897720.0,-1.0,234.0,1515.0,6.0
73,2020-07-14,291373.0,398.0,44968.0,138.0,-1.0,-1.0,162.0,4291.0,662.0,12270317.0,180715.0,UK,Europe,10.0,67898692.0,-1.0,233.0,1510.0,6.0
74,2020-07-15,291911.0,538.0,45053.0,85.0,-1.0,-1.0,145.0,4299.0,664.0,12461869.0,183534.0,UK,Europe,10.0,67899665.0,-1.0,233.0,1507.0,5.0
75,2020-07-16,292552.0,641.0,45119.0,66.0,-1.0,-1.0,145.0,4309.0,664.0,12669634.0,186591.0,UK,Europe,10.0,67900637.0,-1.0,232.0,1505.0,5.0
76,2020-07-17,293239.0,687.0,45233.0,114.0,-1.0,-1.0,142.0,4319.0,666.0,12892406.0,189869.0,UK,Europe,10.0,67901609.0,-1.0,232.0,1501.0,5.0
77,2020-07-18,294066.0,827.0,45273.0,40.0,-1.0,-1.0,142.0,4331.0,667.0,13112764.0,193111.0,UK,Europe,10.0,67902582.0,-1.0,231.0,1500.0,5.0
78,2020-07-19,294792.0,726.0,45300.0,27.0,-1.0,-1.0,142.0,4341.0,667.0,13293523.0,195771.0,UK,Europe,10.0,67903554.0,-1.0,230.0,1499.0,5.0
