,Date,Tot cases,New cases,Tot Deaths,New Deaths,Total Recovered,Active Cases,Serious,Tot C par million,Deaths par million,Total Test,Tot T par million,Country,Continent,index,population,New Recov,col1,col2,col3
0,2020-05-02,514.0,23.0,1.0,-1.0,17.0,496.0,2.0,951.0,2.0,8008.0,14815.0,Maldives,Asia,,,0.0,,,
1,2020-05-03,527.0,8.0,1.0,-1.0,18.0,508.0,2.0,975.0,2.0,8327.0,15405.0,Maldives,Asia,,,0.0,,,
2,2020-05-04,541.0,14.0,1.0,-1.0,18.0,522.0,2.0,1001.0,2.0,8327.0,15405.0,Maldives,Asia,,,0.0,,,
3,2020-05-05,573.0,-1.0,2.0,-1.0,20.0,551.0,2.0,1060.0,4.0,9863.0,18246.0,Maldives,Asia,,,0.0,,,
4,2020-05-06,618.0,45.0,2.0,-1.0,20.0,596.0,2.0,1143.0,4.0,9863.0,18246.0,Maldives,Asia,,,0.0,,,
5,2020-05-07,648.0,31.0,3.0,1.0,20.0,625.0,2.0,1199.0,6.0,9863.0,18246.0,Maldives,Asia,,,0.0,,,
6,2020-05-08,744.0,-1.0,3.0,-1.0,20.0,721.0,2.0,1376.0,6.0,9863.0,18246.0,Maldives,Asia,,,0.0,,,
7,2020-05-09,790.0,-1.0,3.0,-1.0,29.0,758.0,2.0,1461.0,6.0,11775.0,21784.0,Maldives,Asia,,,0.0,,,
8,2020-05-10,835.0,45.0,3.0,-1.0,29.0,803.0,2.0,1545.0,6.0,11775.0,21784.0,Maldives,Asia,,,0.0,,,
9,2020-05-11,862.0,27.0,3.0,-1.0,29.0,830.0,2.0,1595.0,6.0,11775.0,21784.0,Maldives,Asia,,,0.0,,,
10,2020-05-12,904.0,7.0,3.0,-1.0,29.0,872.0,2.0,1672.0,6.0,11775.0,21784.0,Maldives,Asia,,,0.0,,,
11,2020-05-13,904.0,-1.0,3.0,-1.0,29.0,872.0,2.0,1672.0,6.0,11775.0,21784.0,Maldives,Asia,,,0.0,,,
12,2020-05-14,968.0,13.0,4.0,-1.0,40.0,924.0,2.0,1791.0,7.0,11775.0,21784.0,Maldives,Asia,,,0.0,,,
13,2020-05-15,1020.0,38.0,4.0,-1.0,45.0,971.0,2.0,1891.0,7.0,11775.0,21835.0,Maldives,Asia,99.0,539261.0,0.0,,,
14,2020-05-16,1078.0,47.0,4.0,-1.0,58.0,1016.0,9.0,1999.0,7.0,11775.0,21834.0,Maldives,Asia,97.0,539287.0,0.0,,,
15,2020-05-17,1090.0,12.0,4.0,-1.0,58.0,1028.0,9.0,2021.0,7.0,11775.0,21833.0,Maldives,Asia,97.0,539313.0,0.0,,,
16,2020-05-18,1094.0,-1.0,4.0,-1.0,58.0,1032.0,9.0,2028.0,7.0,11775.0,21832.0,Maldives,Asia,97.0,539339.0,0.0,,,
17,2020-05-19,1143.0,37.0,4.0,-1.0,80.0,1059.0,9.0,2119.0,7.0,11775.0,21831.0,Maldives,Asia,97.0,539365.0,0.0,,,
18,2020-05-20,1186.0,43.0,4.0,-1.0,91.0,1091.0,9.0,2199.0,7.0,11775.0,21830.0,Maldives,Asia,97.0,539391.0,0.0,,,
19,2020-05-21,1216.0,30.0,4.0,-1.0,91.0,1121.0,9.0,2254.0,7.0,11775.0,21829.0,Maldives,Asia,97.0,539417.0,0.0,,,
20,2020-05-22,1274.0,58.0,4.0,-1.0,98.0,1172.0,9.0,2362.0,7.0,11775.0,21828.0,Maldives,Asia,97.0,539443.0,0.0,,,
21,2020-05-23,1313.0,39.0,4.0,-1.0,115.0,1194.0,9.0,2434.0,7.0,11775.0,21827.0,Maldives,Asia,97.0,539469.0,0.0,,,
22,2020-05-24,1371.0,58.0,4.0,-1.0,144.0,1223.0,9.0,2541.0,7.0,11775.0,21826.0,Maldives,Asia,97.0,539495.0,0.0,,,
23,2020-05-25,1395.0,24.0,4.0,-1.0,144.0,1247.0,9.0,2586.0,7.0,11775.0,21825.0,Maldives,Asia,97.0,539521.0,0.0,,,
24,2020-05-26,1395.0,-1.0,4.0,-1.0,155.0,1236.0,9.0,2586.0,7.0,11775.0,21824.0,Maldives,Asia,97.0,539547.0,0.0,,,
25,2020-05-27,1457.0,-1.0,5.0,-1.0,197.0,1255.0,9.0,2700.0,9.0,11775.0,21822.0,Maldives,Asia,99.0,539599.0,0.0,,,
26,2020-05-28,1513.0,56.0,5.0,-1.0,197.0,1311.0,9.0,2804.0,9.0,11775.0,21822.0,Maldives,Asia,97.0,539599.0,0.0,,,
27,2020-05-29,1513.0,-1.0,5.0,-1.0,197.0,1311.0,9.0,2804.0,9.0,11775.0,21821.0,Maldives,Asia,97.0,539625.0,0.0,,,
28,2020-05-30,1633.0,42.0,5.0,-1.0,386.0,1242.0,9.0,3026.0,9.0,11775.0,21820.0,Maldives,Asia,95.0,539651.0,0.0,,,
29,2020-05-31,1773.0,101.0,5.0,-1.0,453.0,1315.0,9.0,3285.0,9.0,11775.0,21819.0,Maldives,Asia,93.0,539677.0,0.0,,,
30,2020-06-01,1829.0,56.0,6.0,1.0,488.0,1335.0,9.0,3389.0,11.0,11775.0,21818.0,Maldives,Asia,92.0,539703.0,0.0,,,
31,2020-06-02,1841.0,12.0,7.0,1.0,608.0,1226.0,9.0,3411.0,13.0,11775.0,21817.0,Maldives,Asia,95.0,539729.0,120.0,293.0,77104.0,46.0
32,2020-06-03,1850.0,9.0,7.0,-1.0,644.0,1199.0,9.0,3427.0,13.0,11775.0,21815.0,Maldives,Asia,95.0,539755.0,36.0,292.0,77108.0,46.0
33,2020-06-04,1872.0,22.0,7.0,-1.0,648.0,1217.0,9.0,3468.0,13.0,11775.0,21814.0,Maldives,Asia,96.0,539782.0,4.0,288.0,77112.0,46.0
34,2020-06-05,1883.0,11.0,7.0,-1.0,717.0,1159.0,9.0,3488.0,13.0,28440.0,52685.0,Maldives,Asia,96.0,539808.0,69.0,287.0,77115.0,19.0
35,2020-06-06,1901.0,18.0,8.0,1.0,763.0,1130.0,9.0,3521.0,15.0,28940.0,53609.0,Maldives,Asia,97.0,539834.0,46.0,284.0,67479.0,19.0
36,2020-06-07,1903.0,2.0,8.0,-1.0,827.0,1068.0,9.0,3525.0,15.0,28940.0,53606.0,Maldives,Asia,97.0,539860.0,64.0,284.0,67483.0,19.0
37,2020-06-08,1916.0,13.0,8.0,-1.0,925.0,983.0,9.0,3549.0,15.0,28940.0,53604.0,Maldives,Asia,97.0,539886.0,98.0,282.0,67486.0,19.0
38,2020-06-09,1942.0,26.0,8.0,-1.0,1010.0,924.0,9.0,3597.0,15.0,28940.0,53601.0,Maldives,Asia,97.0,539912.0,85.0,278.0,67489.0,19.0
39,2020-06-10,1962.0,20.0,8.0,-1.0,1121.0,833.0,9.0,3634.0,15.0,28940.0,53599.0,Maldives,Asia,96.0,539938.0,111.0,275.0,67492.0,19.0
40,2020-06-11,1976.0,14.0,8.0,-1.0,1153.0,815.0,9.0,3660.0,15.0,28940.0,53596.0,Maldives,Asia,96.0,539964.0,32.0,273.0,67496.0,19.0
41,2020-06-12,2003.0,27.0,8.0,-1.0,1193.0,802.0,9.0,3709.0,15.0,28940.0,53594.0,Maldives,Asia,97.0,539990.0,40.0,270.0,67499.0,19.0
42,2020-06-13,2013.0,10.0,8.0,-1.0,1217.0,788.0,9.0,3728.0,15.0,28940.0,53591.0,Maldives,Asia,97.0,540016.0,24.0,268.0,67502.0,19.0
43,2020-06-14,2035.0,22.0,8.0,-1.0,1311.0,716.0,9.0,3768.0,15.0,28940.0,53588.0,Maldives,Asia,97.0,540042.0,94.0,265.0,67505.0,19.0
44,2020-06-15,2065.0,30.0,8.0,-1.0,1540.0,517.0,9.0,3824.0,15.0,35533.0,65794.0,Maldives,Asia,97.0,540068.0,229.0,262.0,67509.0,15.0
45,2020-06-16,2094.0,29.0,8.0,-1.0,1670.0,416.0,9.0,3877.0,15.0,35533.0,65790.0,Maldives,Asia,97.0,540094.0,130.0,258.0,67512.0,15.0
46,2020-06-17,2120.0,26.0,8.0,-1.0,1677.0,435.0,9.0,3925.0,15.0,35533.0,65787.0,Maldives,Asia,98.0,540120.0,7.0,255.0,67515.0,15.0
47,2020-06-18,2137.0,17.0,8.0,-1.0,1677.0,452.0,9.0,3956.0,15.0,35533.0,65784.0,Maldives,Asia,98.0,540146.0,-1.0,253.0,67518.0,15.0
48,2020-06-19,2150.0,13.0,8.0,-1.0,1769.0,373.0,9.0,3980.0,15.0,35533.0,65781.0,Maldives,Asia,98.0,540172.0,92.0,251.0,67522.0,15.0
49,2020-06-20,2187.0,37.0,8.0,-1.0,1788.0,391.0,9.0,4048.0,15.0,35533.0,65775.0,Maldives,Asia,98.0,540224.0,19.0,247.0,67528.0,15.0
50,2020-06-21,2203.0,16.0,8.0,-1.0,1803.0,392.0,9.0,4078.0,15.0,35533.0,65775.0,Maldives,Asia,100.0,540224.0,15.0,245.0,67528.0,15.0
51,2020-06-22,2217.0,14.0,8.0,-1.0,1813.0,396.0,9.0,4104.0,15.0,42830.0,79278.0,Maldives,Asia,100.0,540250.0,10.0,244.0,67531.0,13.0
52,2020-06-23,2238.0,21.0,8.0,-1.0,1813.0,417.0,9.0,4142.0,15.0,42830.0,79274.0,Maldives,Asia,100.0,540276.0,-1.0,241.0,67535.0,13.0
53,2020-06-24,2261.0,23.0,8.0,-1.0,1839.0,414.0,9.0,4185.0,15.0,42830.0,79270.0,Maldives,Asia,100.0,540302.0,26.0,239.0,67538.0,13.0
54,2020-06-25,2277.0,16.0,8.0,-1.0,1848.0,421.0,9.0,4214.0,15.0,46182.0,85470.0,Maldives,Asia,100.0,540328.0,9.0,237.0,67541.0,12.0
55,2020-06-26,2283.0,6.0,8.0,-1.0,1848.0,427.0,9.0,4225.0,15.0,46891.0,86778.0,Maldives,Asia,100.0,540354.0,-1.0,237.0,67544.0,12.0
56,2020-06-27,2305.0,22.0,8.0,-1.0,1875.0,422.0,9.0,4266.0,15.0,47741.0,88347.0,Maldives,Asia,101.0,540381.0,12.0,234.0,67548.0,11.0
57,2020-06-28,2324.0,19.0,8.0,-1.0,1911.0,405.0,9.0,4300.0,15.0,48603.0,89938.0,Maldives,Asia,101.0,540407.0,36.0,233.0,67551.0,11.0
58,2020-06-29,2337.0,13.0,8.0,-1.0,1927.0,402.0,9.0,4324.0,15.0,49338.0,91293.0,Maldives,Asia,101.0,540433.0,16.0,231.0,67554.0,11.0
59,2020-06-30,2361.0,24.0,9.0,1.0,1944.0,408.0,12.0,4369.0,17.0,50336.0,93136.0,Maldives,Asia,101.0,540459.0,17.0,229.0,60051.0,11.0
60,2020-07-01,2382.0,21.0,9.0,-1.0,1954.0,419.0,12.0,4407.0,17.0,51576.0,95425.0,Maldives,Asia,102.0,540485.0,10.0,227.0,60054.0,10.0
61,2020-07-02,2400.0,18.0,10.0,1.0,1969.0,421.0,12.0,4440.0,19.0,52962.0,97985.0,Maldives,Asia,103.0,540511.0,15.0,225.0,54051.0,10.0
62,2020-07-03,2410.0,10.0,10.0,-1.0,1976.0,424.0,12.0,4459.0,19.0,53867.0,99655.0,Maldives,Asia,104.0,540537.0,7.0,224.0,54054.0,10.0
63,2020-07-04,2435.0,25.0,10.0,-1.0,1976.0,449.0,12.0,4505.0,18.0,53867.0,99650.0,Maldives,Asia,104.0,540563.0,-1.0,222.0,54056.0,10.0
64,2020-07-05,2468.0,33.0,11.0,1.0,2049.0,408.0,12.0,4565.0,20.0,56138.0,103846.0,Maldives,Asia,104.0,540589.0,73.0,219.0,49144.0,10.0
65,2020-07-06,2491.0,23.0,12.0,1.0,2113.0,366.0,12.0,4608.0,22.0,56916.0,105280.0,Maldives,Asia,104.0,540615.0,64.0,217.0,45051.0,9.0
66,2020-07-07,2501.0,10.0,12.0,-1.0,2158.0,331.0,12.0,4626.0,22.0,57611.0,106561.0,Maldives,Asia,105.0,540641.0,45.0,216.0,45053.0,9.0
67,2020-07-08,2517.0,16.0,13.0,1.0,2180.0,324.0,12.0,4655.0,24.0,58583.0,108353.0,Maldives,Asia,105.0,540667.0,22.0,215.0,41590.0,9.0
68,2020-07-09,2553.0,36.0,13.0,-1.0,2227.0,313.0,12.0,4722.0,24.0,59530.0,110099.0,Maldives,Asia,105.0,540693.0,47.0,212.0,41592.0,9.0
69,2020-07-10,2617.0,64.0,13.0,-1.0,2238.0,366.0,12.0,4840.0,24.0,59981.0,110928.0,Maldives,Asia,105.0,540719.0,11.0,207.0,41594.0,9.0
70,2020-07-11,2664.0,47.0,13.0,-1.0,2268.0,383.0,12.0,4927.0,24.0,60217.0,111359.0,Maldives,Asia,105.0,540745.0,30.0,203.0,41596.0,9.0
71,2020-07-12,2731.0,67.0,13.0,-1.0,2284.0,434.0,12.0,5050.0,24.0,61819.0,114311.0,Maldives,Asia,104.0,540797.0,16.0,198.0,41600.0,9.0
72,2020-07-13,2762.0,31.0,13.0,-1.0,2290.0,459.0,12.0,5107.0,24.0,62767.0,116064.0,Maldives,Asia,104.0,540797.0,6.0,196.0,41600.0,9.0
73,2020-07-14,2801.0,39.0,14.0,1.0,2302.0,485.0,12.0,5179.0,26.0,63559.0,117523.0,Maldives,Asia,104.0,540823.0,12.0,193.0,38630.0,9.0
74,2020-07-15,2801.0,-1.0,14.0,-1.0,2302.0,485.0,12.0,5179.0,26.0,63559.0,117517.0,Maldives,Asia,104.0,540849.0,-1.0,193.0,38632.0,9.0
75,2020-07-16,2831.0,-1.0,15.0,1.0,2321.0,495.0,12.0,5234.0,28.0,64239.0,118769.0,Maldives,Asia,104.0,540875.0,-1.0,191.0,36058.0,8.0
76,2020-07-17,2913.0,14.0,15.0,-1.0,2340.0,558.0,12.0,5385.0,28.0,65799.0,121647.0,Maldives,Asia,104.0,540901.0,1.0,186.0,36060.0,8.0
77,2020-07-18,2930.0,17.0,15.0,-1.0,2354.0,561.0,12.0,5417.0,28.0,66606.0,123133.0,Maldives,Asia,105.0,540927.0,14.0,185.0,36062.0,8.0
78,2020-07-19,2966.0,36.0,15.0,-1.0,2362.0,589.0,12.0,5483.0,28.0,67264.0,124344.0,Maldives,Asia,105.0,540953.0,8.0,182.0,36064.0,8.0
79,2020-07-20,2999.0,33.0,15.0,-1.0,2369.0,615.0,12.0,5544.0,28.0,67985.0,125670.0,Maldives,Asia,105.0,540979.0,7.0,180.0,36065.0,8.0
80,2020-07-21,3044.0,45.0,15.0,-1.0,2397.0,632.0,12.0,5627.0,28.0,68696.0,126978.0,Maldives,Asia,106.0,541006.0,28.0,178.0,36067.0,8.0
81,2020-07-22,3103.0,59.0,15.0,-1.0,2397.0,691.0,12.0,5735.0,28.0,69370.0,128218.0,Maldives,Asia,106.0,541032.0,-1.0,174.0,36069.0,8.0
82,2020-07-23,3120.0,17.0,15.0,-1.0,2428.0,677.0,12.0,5766.0,28.0,70050.0,129462.0,Maldives,Asia,106.0,541084.0,31.0,173.0,36072.0,8.0
83,2020-07-24,3175.0,55.0,15.0,-1.0,2498.0,662.0,12.0,5868.0,28.0,70845.0,130932.0,Maldives,Asia,105.0,541084.0,70.0,170.0,36072.0,8.0
84,2020-07-25,3252.0,77.0,15.0,-1.0,2498.0,739.0,12.0,6010.0,28.0,70845.0,130925.0,Maldives,Asia,105.0,541110.0,-1.0,166.0,36074.0,8.0
85,2020-07-26,3302.0,50.0,15.0,-1.0,2528.0,759.0,12.0,6102.0,28.0,70845.0,130919.0,Maldives,Asia,104.0,541136.0,30.0,164.0,36076.0,8.0
86,2020-07-27,3369.0,67.0,15.0,-1.0,2547.0,807.0,12.0,6225.0,28.0,74107.0,136941.0,Maldives,Asia,104.0,541162.0,19.0,161.0,36077.0,7.0
87,2020-07-28,3506.0,137.0,15.0,-1.0,2547.0,944.0,12.0,6478.0,28.0,75550.0,139594.0,Maldives,Asia,104.0,541214.0,-1.0,154.0,36081.0,7.0
88,2020-07-29,3567.0,61.0,15.0,-1.0,2554.0,998.0,12.0,6591.0,28.0,76937.0,142156.0,Maldives,Asia,104.0,541214.0,7.0,152.0,36081.0,7.0
89,2020-07-30,3719.0,152.0,16.0,1.0,2568.0,1135.0,12.0,6871.0,30.0,78040.0,144187.0,Maldives,Asia,103.0,541240.0,14.0,146.0,33828.0,7.0
90,2020-07-31,3793.0,74.0,16.0,-1.0,2607.0,1170.0,12.0,7008.0,30.0,78900.0,145769.0,Maldives,Asia,104.0,541266.0,39.0,143.0,33829.0,7.0
91,2020-08-01,3949.0,156.0,17.0,1.0,2613.0,1319.0,12.0,7296.0,31.0,79817.0,147456.0,Maldives,Asia,104.0,541292.0,6.0,137.0,31841.0,7.0
92,2020-08-02,4164.0,215.0,18.0,1.0,2643.0,1503.0,12.0,7692.0,33.0,79817.0,147449.0,Maldives,Asia,104.0,541318.0,30.0,130.0,30073.0,7.0
