,Date,Tot cases,New cases,Tot Deaths,New Deaths,Total Recovered,Active Cases,Serious,Tot C par million,Deaths par million,Total Test,Tot T par million,Country,Continent,index,population,New Recov,col1,col2,col3
0,2020-05-02,96448.0,802.0,6156.0,65.0,77350.0,12942.0,2787.0,1148.0,73.0,484541.0,5769.0,Iran,Asia,,,0.0,,,
1,2020-05-03,97424.0,976.0,6203.0,47.0,78422.0,12799.0,2690.0,1160.0,74.0,496273.0,5909.0,Iran,Asia,,,0.0,,,
2,2020-05-04,98647.0,1223.0,6277.0,74.0,79379.0,12991.0,2676.0,1174.0,75.0,508288.0,6052.0,Iran,Asia,,,0.0,,,
3,2020-05-05,99970.0,-1.0,6340.0,-1.0,80475.0,13155.0,2685.0,1190.0,75.0,519543.0,6186.0,Iran,Asia,,,0.0,,,
4,2020-05-06,101650.0,1680.0,6418.0,78.0,81587.0,13645.0,2735.0,1210.0,76.0,531275.0,6325.0,Iran,Asia,,,0.0,,,
5,2020-05-07,103135.0,1485.0,6486.0,68.0,82744.0,13905.0,2728.0,1228.0,77.0,544702.0,6485.0,Iran,Asia,,,0.0,,,
6,2020-05-08,104691.0,-1.0,6541.0,-1.0,83837.0,14313.0,2711.0,1246.0,78.0,558899.0,6654.0,Iran,Asia,,,0.0,,,
7,2020-05-09,106220.0,-1.0,6589.0,-1.0,85064.0,14567.0,2696.0,1265.0,78.0,573220.0,6825.0,Iran,Asia,,,0.0,,,
8,2020-05-10,107603.0,1383.0,6640.0,51.0,86143.0,14820.0,2675.0,1281.0,79.0,586699.0,6985.0,Iran,Asia,,,0.0,,,
9,2020-05-11,109286.0,1683.0,6685.0,45.0,87422.0,15179.0,2703.0,1301.0,80.0,601324.0,7159.0,Iran,Asia,,,0.0,,,
10,2020-05-12,110767.0,1481.0,6733.0,48.0,88357.0,15677.0,2713.0,1319.0,80.0,615477.0,7328.0,Iran,Asia,,,0.0,,,
11,2020-05-13,112725.0,1958.0,6783.0,50.0,89428.0,16514.0,2735.0,1342.0,81.0,629534.0,7495.0,Iran,Asia,,,0.0,,,
12,2020-05-14,114533.0,1808.0,6854.0,71.0,90539.0,17140.0,2758.0,1364.0,82.0,643772.0,7665.0,Iran,Asia,,,0.0,,,
13,2020-05-15,116635.0,2102.0,6902.0,48.0,91836.0,17897.0,2727.0,1391.0,82.0,658604.0,7854.0,Iran,Asia,10.0,83850893.0,0.0,,,
14,2020-05-16,118392.0,1757.0,6937.0,35.0,93147.0,18308.0,2716.0,1412.0,83.0,672679.0,8022.0,Iran,Asia,10.0,83853830.0,0.0,,,
15,2020-05-17,120198.0,1806.0,6988.0,51.0,94464.0,18746.0,2705.0,1433.0,83.0,686935.0,8192.0,Iran,Asia,10.0,83856767.0,0.0,,,
16,2020-05-18,122492.0,2294.0,7057.0,69.0,95661.0,19774.0,2294.0,1461.0,84.0,701640.0,8367.0,Iran,Asia,10.0,83859705.0,0.0,,,
17,2020-05-19,124603.0,2111.0,7119.0,62.0,97173.0,20311.0,2698.0,1486.0,85.0,716176.0,8540.0,Iran,Asia,10.0,83862642.0,0.0,,,
18,2020-05-20,126949.0,2346.0,7183.0,64.0,98808.0,20958.0,2735.0,1514.0,86.0,731213.0,8719.0,Iran,Asia,10.0,83865579.0,0.0,,,
19,2020-05-21,129341.0,2392.0,7249.0,66.0,100564.0,21528.0,2655.0,1542.0,86.0,746045.0,8895.0,Iran,Asia,10.0,83868516.0,0.0,,,
20,2020-05-22,131652.0,2311.0,7300.0,51.0,102276.0,22076.0,2659.0,1570.0,87.0,763913.0,9108.0,Iran,Asia,10.0,83871454.0,0.0,,,
21,2020-05-23,133521.0,1869.0,7359.0,59.0,104072.0,22090.0,2633.0,1592.0,88.0,781286.0,9315.0,Iran,Asia,10.0,83874391.0,0.0,,,
22,2020-05-24,135701.0,2180.0,7417.0,58.0,105801.0,22483.0,2615.0,1618.0,88.0,800519.0,9544.0,Iran,Asia,11.0,83877328.0,0.0,,,
23,2020-05-25,137724.0,2023.0,7451.0,34.0,107713.0,22560.0,2585.0,1642.0,89.0,818917.0,9763.0,Iran,Asia,11.0,83880266.0,0.0,,,
24,2020-05-26,139511.0,1787.0,7508.0,57.0,109437.0,22566.0,2567.0,1663.0,90.0,837090.0,9979.0,Iran,Asia,11.0,83883203.0,0.0,,,
25,2020-05-27,141591.0,-1.0,7564.0,-1.0,111176.0,22851.0,2551.0,1688.0,90.0,856546.0,10210.0,Iran,Asia,11.0,83889077.0,0.0,,,
26,2020-05-28,143849.0,2258.0,7627.0,63.0,112988.0,23234.0,2543.0,1715.0,91.0,876492.0,10448.0,Iran,Asia,11.0,83889077.0,0.0,,,
27,2020-05-29,146668.0,2819.0,7677.0,50.0,114931.0,24060.0,2547.0,1748.0,92.0,896571.0,10687.0,Iran,Asia,11.0,83892015.0,0.0,,,
28,2020-05-30,148950.0,2282.0,7734.0,57.0,116827.0,24389.0,2533.0,1775.0,92.0,896571.0,10687.0,Iran,Asia,11.0,83894952.0,0.0,,,
29,2020-05-31,151466.0,2516.0,7797.0,63.0,118848.0,24821.0,2527.0,1805.0,93.0,935894.0,11155.0,Iran,Asia,12.0,83897889.0,0.0,,,
30,2020-06-01,154445.0,2979.0,7878.0,81.0,121004.0,25563.0,2578.0,1841.0,94.0,955865.0,11393.0,Iran,Asia,12.0,83900826.0,0.0,,,
31,2020-06-02,157562.0,3117.0,7942.0,64.0,123077.0,26543.0,2565.0,1878.0,95.0,975936.0,11632.0,Iran,Asia,12.0,83903764.0,2073.0,533.0,10565.0,86.0
32,2020-06-03,160696.0,3134.0,8012.0,70.0,125206.0,27478.0,2557.0,1915.0,95.0,997009.0,11882.0,Iran,Asia,11.0,83906701.0,2129.0,522.0,10473.0,84.0
33,2020-06-04,164270.0,3574.0,8071.0,59.0,127485.0,28714.0,2569.0,1958.0,96.0,1019362.0,12148.0,Iran,Asia,11.0,83909638.0,2279.0,511.0,10396.0,82.0
34,2020-06-05,167156.0,2886.0,8134.0,63.0,129741.0,29281.0,2573.0,1992.0,97.0,1040289.0,12397.0,Iran,Asia,11.0,83912575.0,2256.0,502.0,10316.0,81.0
35,2020-06-06,169425.0,2269.0,8209.0,75.0,132038.0,29178.0,2578.0,2019.0,98.0,1040289.0,12397.0,Iran,Asia,10.0,83915513.0,2297.0,495.0,10222.0,81.0
36,2020-06-07,171789.0,2364.0,8281.0,72.0,134349.0,29159.0,2596.0,2047.0,99.0,1084857.0,12928.0,Iran,Asia,10.0,83918450.0,2311.0,488.0,10134.0,77.0
37,2020-06-08,173832.0,2043.0,8351.0,70.0,136360.0,29121.0,2619.0,2071.0,100.0,1107254.0,13194.0,Iran,Asia,10.0,83921387.0,2011.0,483.0,10049.0,76.0
38,2020-06-09,175927.0,2095.0,8425.0,74.0,138457.0,29045.0,2639.0,2096.0,100.0,1128601.0,13448.0,Iran,Asia,10.0,83924324.0,2097.0,477.0,9961.0,74.0
39,2020-06-10,177938.0,2011.0,8506.0,81.0,140590.0,28842.0,2639.0,2120.0,101.0,1128601.0,13447.0,Iran,Asia,10.0,83927262.0,2133.0,472.0,9867.0,74.0
40,2020-06-11,180156.0,2218.0,8584.0,78.0,142663.0,28909.0,2728.0,2146.0,102.0,1173208.0,13978.0,Iran,Asia,10.0,83930199.0,2073.0,466.0,9778.0,72.0
41,2020-06-12,182525.0,2369.0,8659.0,75.0,144649.0,29217.0,2739.0,2175.0,103.0,1196947.0,14261.0,Iran,Asia,10.0,83933136.0,1986.0,460.0,9693.0,70.0
42,2020-06-13,184955.0,2410.0,8730.0,71.0,146748.0,29477.0,2755.0,2204.0,104.0,1219400.0,14528.0,Iran,Asia,10.0,83936074.0,2099.0,454.0,9615.0,69.0
43,2020-06-14,187427.0,2472.0,8837.0,107.0,148674.0,29916.0,2781.0,2233.0,105.0,1244074.0,14821.0,Iran,Asia,10.0,83939011.0,1926.0,448.0,9499.0,67.0
44,2020-06-15,189876.0,2449.0,8950.0,113.0,150590.0,30336.0,2765.0,2262.0,107.0,1269194.0,15120.0,Iran,Asia,9.0,83941948.0,1916.0,442.0,9379.0,66.0
45,2020-06-16,192439.0,2563.0,9065.0,115.0,152675.0,30699.0,2815.0,2292.0,108.0,1293609.0,15410.0,Iran,Asia,9.0,83944885.0,2085.0,436.0,9260.0,65.0
46,2020-06-17,195051.0,2612.0,9185.0,120.0,154812.0,31054.0,2789.0,2323.0,109.0,1319920.0,15723.0,Iran,Asia,9.0,83947823.0,2137.0,430.0,9140.0,64.0
47,2020-06-18,197647.0,2596.0,9272.0,87.0,156991.0,31384.0,2795.0,2354.0,110.0,1344599.0,16017.0,Iran,Asia,10.0,83950760.0,2179.0,425.0,9054.0,62.0
48,2020-06-19,200262.0,2615.0,9392.0,120.0,159192.0,31678.0,2833.0,2385.0,112.0,1370718.0,16327.0,Iran,Asia,10.0,83953697.0,2201.0,419.0,8939.0,61.0
49,2020-06-20,202584.0,2322.0,9507.0,115.0,161384.0,31693.0,2842.0,2413.0,113.0,1395675.0,16623.0,Iran,Asia,10.0,83959572.0,2192.0,414.0,8831.0,60.0
50,2020-06-21,204952.0,2368.0,9623.0,116.0,163591.0,31738.0,2887.0,2441.0,115.0,1422407.0,16942.0,Iran,Asia,10.0,83959572.0,2207.0,410.0,8725.0,59.0
51,2020-06-22,207525.0,2573.0,9742.0,119.0,166427.0,31356.0,2898.0,2472.0,116.0,1449420.0,17263.0,Iran,Asia,10.0,83962509.0,2836.0,405.0,8619.0,58.0
52,2020-06-23,209970.0,2445.0,9863.0,121.0,169160.0,30947.0,2846.0,2501.0,117.0,1475331.0,17571.0,Iran,Asia,10.0,83965446.0,2733.0,400.0,8513.0,57.0
53,2020-06-24,212501.0,2531.0,9996.0,133.0,172096.0,30409.0,2869.0,2531.0,119.0,1502525.0,17894.0,Iran,Asia,10.0,83968383.0,2936.0,395.0,8400.0,56.0
54,2020-06-25,215096.0,2595.0,10130.0,134.0,175103.0,29863.0,2899.0,2562.0,121.0,1530437.0,18226.0,Iran,Asia,10.0,83971321.0,3007.0,390.0,8289.0,55.0
55,2020-06-26,217724.0,2628.0,10239.0,109.0,177852.0,29633.0,2912.0,2593.0,122.0,1557872.0,18552.0,Iran,Asia,10.0,83974258.0,2749.0,386.0,8201.0,54.0
56,2020-06-27,220180.0,2456.0,10364.0,125.0,180661.0,29155.0,2928.0,2622.0,123.0,1583542.0,18857.0,Iran,Asia,10.0,83977195.0,2809.0,381.0,8103.0,53.0
57,2020-06-28,222669.0,2489.0,10508.0,144.0,183310.0,28851.0,2946.0,2651.0,125.0,1610869.0,19182.0,Iran,Asia,10.0,83980132.0,2649.0,377.0,7992.0,52.0
58,2020-06-29,225205.0,2536.0,10670.0,162.0,186180.0,28355.0,3037.0,2682.0,127.0,1639078.0,19517.0,Iran,Asia,10.0,83983070.0,2870.0,373.0,7871.0,51.0
59,2020-06-30,227662.0,2457.0,10817.0,147.0,188758.0,28087.0,3049.0,2711.0,129.0,1666587.0,19844.0,Iran,Asia,10.0,83986007.0,2578.0,369.0,7764.0,50.0
60,2020-07-01,230211.0,2549.0,10958.0,141.0,191487.0,27766.0,3081.0,2741.0,130.0,1693242.0,20160.0,Iran,Asia,10.0,83988944.0,2729.0,365.0,7665.0,50.0
61,2020-07-02,232863.0,2652.0,11106.0,148.0,194098.0,27659.0,3097.0,2772.0,132.0,1719451.0,20472.0,Iran,Asia,10.0,83991882.0,2611.0,361.0,7563.0,49.0
62,2020-07-03,235429.0,2566.0,11260.0,154.0,196446.0,27723.0,3123.0,2803.0,134.0,1744958.0,20775.0,Iran,Asia,11.0,83994819.0,2348.0,357.0,7460.0,48.0
63,2020-07-04,237878.0,2449.0,11408.0,148.0,198949.0,27521.0,3136.0,2832.0,136.0,1744958.0,20774.0,Iran,Asia,11.0,83997756.0,2503.0,353.0,7363.0,48.0
64,2020-07-05,240438.0,2560.0,11571.0,163.0,201330.0,27537.0,3168.0,2862.0,138.0,1794727.0,21366.0,Iran,Asia,11.0,84000693.0,2381.0,349.0,7260.0,47.0
65,2020-07-06,243051.0,2613.0,11731.0,160.0,204083.0,27237.0,3201.0,2893.0,140.0,1820000.0,21666.0,Iran,Asia,10.0,84003631.0,2753.0,346.0,7161.0,46.0
66,2020-07-07,245688.0,2637.0,11931.0,200.0,207000.0,26757.0,3270.0,2925.0,142.0,1846793.0,21984.0,Iran,Asia,10.0,84006568.0,2917.0,342.0,7041.0,45.0
67,2020-07-08,248379.0,2691.0,12084.0,153.0,209463.0,26832.0,3309.0,2957.0,144.0,1872391.0,22288.0,Iran,Asia,10.0,84009505.0,2463.0,338.0,6952.0,45.0
68,2020-07-09,250458.0,2079.0,12305.0,221.0,212176.0,25977.0,3324.0,2981.0,146.0,1897803.0,22590.0,Iran,Asia,10.0,84012442.0,2713.0,335.0,6828.0,44.0
69,2020-07-10,252720.0,2262.0,12447.0,142.0,215015.0,25258.0,3319.0,3008.0,148.0,1922501.0,22883.0,Iran,Asia,10.0,84015380.0,2839.0,332.0,6750.0,44.0
70,2020-07-11,255117.0,2397.0,12635.0,188.0,217666.0,24816.0,3338.0,3036.0,150.0,1947114.0,23175.0,Iran,Asia,11.0,84018317.0,2651.0,329.0,6650.0,43.0
71,2020-07-12,257303.0,2186.0,12829.0,194.0,219993.0,24481.0,3359.0,3062.0,153.0,1972207.0,23472.0,Iran,Asia,11.0,84024191.0,2327.0,327.0,6550.0,43.0
72,2020-07-13,259652.0,2349.0,13032.0,203.0,222539.0,24081.0,3375.0,3090.0,155.0,1997967.0,23778.0,Iran,Asia,11.0,84024191.0,2546.0,324.0,6448.0,42.0
73,2020-07-14,262173.0,2521.0,13211.0,179.0,225270.0,23692.0,3389.0,3120.0,157.0,2023079.0,24076.0,Iran,Asia,11.0,84027129.0,2731.0,321.0,6360.0,42.0
74,2020-07-15,264561.0,2388.0,13410.0,199.0,227561.0,23590.0,3411.0,3148.0,160.0,2048049.0,24373.0,Iran,Asia,11.0,84030066.0,2291.0,318.0,6266.0,41.0
75,2020-07-16,267061.0,2500.0,13608.0,198.0,230608.0,22845.0,3471.0,3178.0,162.0,2073791.0,24678.0,Iran,Asia,11.0,84033003.0,3047.0,315.0,6175.0,41.0
76,2020-07-17,269440.0,2379.0,13791.0,183.0,232873.0,22776.0,3509.0,3206.0,164.0,2073791.0,24677.0,Iran,Asia,11.0,84035940.0,2265.0,312.0,6094.0,41.0
77,2020-07-18,271606.0,2166.0,13979.0,188.0,235300.0,22327.0,3529.0,3232.0,166.0,2123518.0,25268.0,Iran,Asia,11.0,84038878.0,2427.0,309.0,6012.0,40.0
78,2020-07-19,273788.0,2182.0,14188.0,209.0,237788.0,21812.0,3556.0,3258.0,169.0,2148999.0,25571.0,Iran,Asia,11.0,84041815.0,2488.0,307.0,5923.0,39.0
79,2020-07-20,276202.0,2414.0,14405.0,217.0,240087.0,21710.0,3583.0,3286.0,171.0,2175217.0,25882.0,Iran,Asia,11.0,84044752.0,2299.0,304.0,5834.0,39.0
80,2020-07-21,278827.0,2625.0,14634.0,229.0,242351.0,21842.0,3589.0,3317.0,174.0,2201958.0,26199.0,Iran,Asia,11.0,84047689.0,2264.0,301.0,5743.0,38.0
81,2020-07-22,281413.0,2586.0,14853.0,219.0,244840.0,21720.0,3609.0,3348.0,177.0,2228277.0,26511.0,Iran,Asia,11.0,84050627.0,2489.0,299.0,5659.0,38.0
82,2020-07-23,284034.0,2621.0,15074.0,221.0,247230.0,21730.0,3667.0,3379.0,179.0,2254123.0,26817.0,Iran,Asia,11.0,84056501.0,2390.0,296.0,5576.0,37.0
83,2020-07-24,286523.0,2489.0,15289.0,215.0,249212.0,22022.0,3653.0,3409.0,182.0,2278384.0,27105.0,Iran,Asia,11.0,84056501.0,1982.0,293.0,5498.0,37.0
84,2020-07-25,288839.0,2316.0,15484.0,195.0,251319.0,22036.0,3670.0,3436.0,184.0,2302634.0,27393.0,Iran,Asia,11.0,84059439.0,2107.0,291.0,5429.0,37.0
85,2020-07-26,291172.0,2333.0,15700.0,216.0,253213.0,22259.0,3695.0,3464.0,187.0,2327850.0,27692.0,Iran,Asia,11.0,84062376.0,1894.0,289.0,5354.0,36.0
86,2020-07-27,293606.0,2434.0,15912.0,212.0,255144.0,22550.0,3819.0,3493.0,189.0,2353532.0,27996.0,Iran,Asia,11.0,84065313.0,1931.0,286.0,5283.0,36.0
87,2020-07-28,296273.0,2667.0,16147.0,235.0,257019.0,23107.0,3902.0,3524.0,192.0,2380122.0,28311.0,Iran,Asia,11.0,84071188.0,1875.0,284.0,5207.0,35.0
88,2020-07-29,298909.0,2636.0,16343.0,196.0,259116.0,23450.0,4027.0,3555.0,194.0,2405862.0,28617.0,Iran,Asia,11.0,84071188.0,2097.0,281.0,5144.0,35.0
89,2020-07-30,301530.0,2621.0,16569.0,226.0,261200.0,23761.0,4041.0,3586.0,197.0,2431804.0,28925.0,Iran,Asia,11.0,84074125.0,2084.0,279.0,5074.0,35.0
90,2020-07-31,304204.0,2674.0,16766.0,197.0,263519.0,23919.0,4021.0,3618.0,199.0,2456909.0,29222.0,Iran,Asia,10.0,84077062.0,2319.0,276.0,5015.0,34.0
91,2020-08-01,306752.0,2548.0,16982.0,216.0,265830.0,23940.0,4011.0,3648.0,202.0,2482553.0,29526.0,Iran,Asia,10.0,84079999.0,2311.0,274.0,4951.0,34.0
92,2020-08-02,309437.0,2685.0,17190.0,208.0,268102.0,24145.0,4089.0,3680.0,204.0,2508418.0,29833.0,Iran,Asia,11.0,84082937.0,2272.0,272.0,4891.0,34.0
