,Date,Tot cases,New cases,Tot Deaths,New Deaths,Total Recovered,Active Cases,Serious,Tot C par million,Deaths par million,Total Test,Tot T par million,Country,Continent,index,population,New Recov,col1,col2,col3
0,2020-05-02,209328.0,1900.0,28710.0,474.0,79914.0,100704.0,1539.0,3462.0,475.0,2108837.0,34879.0,Italy,Europe,,,0.0,,,
1,2020-05-03,210717.0,1389.0,28884.0,174.0,81654.0,100179.0,1501.0,3485.0,478.0,2153772.0,35622.0,Italy,Europe,,,0.0,,,
2,2020-05-04,211938.0,1221.0,29079.0,195.0,82879.0,99980.0,1479.0,3505.0,481.0,2191403.0,36244.0,Italy,Europe,,,0.0,,,
3,2020-05-05,213013.0,-1.0,29315.0,-1.0,85231.0,98467.0,1427.0,3523.0,485.0,2246666.0,37158.0,Italy,Europe,,,0.0,,,
4,2020-05-06,214457.0,1444.0,29684.0,369.0,93245.0,91528.0,1333.0,3547.0,491.0,2310929.0,38221.0,Italy,Europe,,,0.0,,,
5,2020-05-07,215858.0,1401.0,29958.0,274.0,96276.0,89624.0,1311.0,3570.0,495.0,2381288.0,39385.0,Italy,Europe,,,0.0,,,
6,2020-05-08,217185.0,-1.0,30201.0,-1.0,99023.0,87961.0,1168.0,3592.0,500.0,2445063.0,40440.0,Italy,Europe,,,0.0,,,
7,2020-05-09,218268.0,-1.0,30395.0,-1.0,103031.0,84842.0,1034.0,3610.0,503.0,2514234.0,41584.0,Italy,Europe,,,0.0,,,
8,2020-05-10,219070.0,802.0,30560.0,165.0,105186.0,83324.0,1027.0,3623.0,505.0,2565912.0,42439.0,Italy,Europe,,,0.0,,,
9,2020-05-11,219814.0,744.0,30739.0,179.0,106587.0,82488.0,999.0,3636.0,508.0,2606652.0,43112.0,Italy,Europe,,,0.0,,,
10,2020-05-12,221216.0,1402.0,30911.0,172.0,109039.0,81266.0,952.0,3659.0,511.0,2673655.0,44221.0,Italy,Europe,,,0.0,,,
11,2020-05-13,222104.0,888.0,31106.0,195.0,112541.0,78457.0,893.0,3673.0,514.0,2735628.0,45246.0,Italy,Europe,,,0.0,,,
12,2020-05-14,223096.0,992.0,31368.0,262.0,115288.0,76440.0,855.0,3690.0,519.0,2807504.0,46434.0,Italy,Europe,,,0.0,,,
13,2020-05-15,223885.0,789.0,31610.0,242.0,120205.0,72070.0,808.0,3702.0,523.0,2875680.0,47553.0,Italy,Europe,5.0,60472892.0,0.0,,,
14,2020-05-16,224760.0,875.0,31763.0,153.0,122810.0,70187.0,775.0,3717.0,525.0,2944859.0,48697.0,Italy,Europe,5.0,60472650.0,0.0,,,
15,2020-05-17,225435.0,675.0,31908.0,145.0,125176.0,68351.0,762.0,3728.0,528.0,3004960.0,49691.0,Italy,Europe,6.0,60472408.0,0.0,,,
16,2020-05-18,225886.0,451.0,32007.0,99.0,127326.0,66553.0,749.0,3735.0,529.0,3041366.0,50294.0,Italy,Europe,6.0,60472166.0,0.0,,,
17,2020-05-19,226699.0,813.0,32169.0,162.0,129401.0,65129.0,716.0,3749.0,532.0,3104524.0,51338.0,Italy,Europe,6.0,60471924.0,0.0,,,
18,2020-05-20,227364.0,665.0,32330.0,161.0,132282.0,62752.0,676.0,3760.0,535.0,3171719.0,52450.0,Italy,Europe,6.0,60471682.0,0.0,,,
19,2020-05-21,228006.0,642.0,32486.0,156.0,134560.0,60960.0,640.0,3770.0,537.0,3243398.0,53635.0,Italy,Europe,6.0,60471440.0,0.0,,,
20,2020-05-22,228658.0,652.0,32616.0,130.0,136720.0,59322.0,595.0,3781.0,539.0,3318778.0,54882.0,Italy,Europe,6.0,60471198.0,0.0,,,
21,2020-05-23,229327.0,669.0,32735.0,119.0,138840.0,57752.0,572.0,3792.0,541.0,3391188.0,56080.0,Italy,Europe,6.0,60470956.0,0.0,,,
22,2020-05-24,229858.0,531.0,32785.0,50.0,140479.0,56594.0,553.0,3801.0,542.0,3447012.0,57003.0,Italy,Europe,6.0,60470714.0,0.0,,,
23,2020-05-25,230158.0,300.0,32877.0,92.0,141981.0,55300.0,541.0,3806.0,544.0,3482253.0,57586.0,Italy,Europe,6.0,60470472.0,0.0,,,
24,2020-05-26,230555.0,397.0,32955.0,78.0,144658.0,52942.0,521.0,3813.0,545.0,3539927.0,58540.0,Italy,Europe,6.0,60470230.0,0.0,,,
25,2020-05-27,231139.0,-1.0,33072.0,-1.0,147101.0,50966.0,505.0,3822.0,547.0,3607251.0,59654.0,Italy,Europe,6.0,60469746.0,0.0,,,
26,2020-05-28,231732.0,593.0,33142.0,70.0,150604.0,47986.0,489.0,3832.0,548.0,3683144.0,60909.0,Italy,Europe,6.0,60469746.0,0.0,,,
27,2020-05-29,232248.0,516.0,33229.0,87.0,152844.0,46175.0,475.0,3841.0,550.0,3755279.0,62102.0,Italy,Europe,6.0,60469504.0,0.0,,,
28,2020-05-30,232664.0,416.0,33340.0,111.0,155633.0,43691.0,450.0,3848.0,551.0,3824621.0,63249.0,Italy,Europe,6.0,60469262.0,0.0,,,
29,2020-05-31,232997.0,333.0,33415.0,75.0,157507.0,42075.0,435.0,3853.0,553.0,3878739.0,64144.0,Italy,Europe,6.0,60469020.0,0.0,,,
30,2020-06-01,233197.0,200.0,33475.0,60.0,158355.0,41367.0,424.0,3856.0,554.0,3910133.0,64664.0,Italy,Europe,6.0,60468778.0,0.0,,,
31,2020-06-02,233515.0,318.0,33530.0,55.0,160092.0,39893.0,408.0,3862.0,555.0,3962292.0,65527.0,Italy,Europe,6.0,60468537.0,1737.0,259.0,1803.0,15.0
32,2020-06-03,233836.0,321.0,33601.0,71.0,160938.0,39297.0,353.0,3867.0,556.0,3999591.0,66144.0,Italy,Europe,6.0,60468295.0,846.0,259.0,1800.0,15.0
33,2020-06-04,234013.0,177.0,33689.0,88.0,161895.0,38429.0,338.0,3870.0,557.0,4049544.0,66970.0,Italy,Europe,6.0,60468053.0,957.0,258.0,1795.0,15.0
34,2020-06-05,234531.0,518.0,33774.0,85.0,163781.0,36976.0,316.0,3879.0,559.0,4114572.0,68046.0,Italy,Europe,7.0,60467811.0,1886.0,258.0,1790.0,15.0
35,2020-06-06,234801.0,270.0,33846.0,72.0,165078.0,35877.0,293.0,3883.0,560.0,4187057.0,69245.0,Italy,Europe,7.0,60467569.0,1297.0,258.0,1787.0,14.0
36,2020-06-07,234998.0,197.0,33899.0,53.0,165837.0,35262.0,287.0,3886.0,561.0,4236535.0,70063.0,Italy,Europe,7.0,60467327.0,759.0,257.0,1784.0,14.0
37,2020-06-08,235278.0,280.0,33964.0,65.0,166584.0,34730.0,283.0,3891.0,562.0,4236535.0,70063.0,Italy,Europe,7.0,60467085.0,747.0,257.0,1780.0,14.0
38,2020-06-09,235561.0,283.0,34043.0,79.0,168646.0,32872.0,263.0,3896.0,563.0,4318650.0,71422.0,Italy,Europe,7.0,60466843.0,2062.0,257.0,1776.0,14.0
39,2020-06-10,235763.0,202.0,34114.0,71.0,169939.0,31710.0,249.0,3899.0,564.0,4381349.0,72459.0,Italy,Europe,7.0,60466601.0,1293.0,256.0,1772.0,14.0
40,2020-06-11,236142.0,379.0,34167.0,53.0,171338.0,30637.0,236.0,3905.0,565.0,4443821.0,73492.0,Italy,Europe,7.0,60466359.0,1399.0,256.0,1770.0,14.0
41,2020-06-12,236305.0,163.0,34223.0,56.0,173085.0,28997.0,227.0,3908.0,566.0,4514441.0,74661.0,Italy,Europe,7.0,60466117.0,1747.0,256.0,1767.0,13.0
42,2020-06-13,236651.0,346.0,34301.0,78.0,174865.0,27485.0,220.0,3914.0,567.0,4564191.0,75484.0,Italy,Europe,7.0,60465875.0,1780.0,256.0,1763.0,13.0
43,2020-06-14,236989.0,338.0,34345.0,44.0,176370.0,26274.0,209.0,3919.0,568.0,4620718.0,76419.0,Italy,Europe,7.0,60465633.0,1505.0,255.0,1761.0,13.0
44,2020-06-15,237290.0,301.0,34371.0,26.0,177010.0,25909.0,207.0,3924.0,568.0,4648825.0,76884.0,Italy,Europe,7.0,60465391.0,640.0,255.0,1759.0,13.0
45,2020-06-16,237500.0,210.0,34405.0,34.0,178526.0,24569.0,177.0,3928.0,569.0,4695707.0,77660.0,Italy,Europe,7.0,60465149.0,1516.0,255.0,1757.0,13.0
46,2020-06-17,237828.0,328.0,34448.0,43.0,179455.0,23925.0,163.0,3933.0,570.0,4773408.0,78945.0,Italy,Europe,8.0,60464907.0,929.0,254.0,1755.0,13.0
47,2020-06-18,238159.0,331.0,34514.0,66.0,180544.0,23101.0,168.0,3939.0,571.0,4831562.0,79907.0,Italy,Europe,8.0,60464665.0,1089.0,254.0,1752.0,13.0
48,2020-06-19,238011.0,251.0,34561.0,47.0,181907.0,21543.0,161.0,3936.0,572.0,4889103.0,80859.0,Italy,Europe,8.0,60464423.0,1363.0,254.0,1749.0,12.0
49,2020-06-20,238275.0,264.0,34610.0,49.0,182453.0,21212.0,152.0,3941.0,572.0,4943825.0,81765.0,Italy,Europe,8.0,60463939.0,546.0,254.0,1747.0,12.0
50,2020-06-21,238499.0,224.0,34634.0,24.0,182893.0,20972.0,148.0,3944.0,573.0,4984370.0,82435.0,Italy,Europe,9.0,60463939.0,440.0,254.0,1746.0,12.0
51,2020-06-22,238720.0,221.0,34657.0,23.0,183426.0,20637.0,127.0,3948.0,573.0,5013342.0,82915.0,Italy,Europe,9.0,60463697.0,533.0,253.0,1745.0,12.0
52,2020-06-23,238833.0,113.0,34675.0,18.0,184585.0,19573.0,115.0,3950.0,573.0,5053827.0,83585.0,Italy,Europe,9.0,60463455.0,1159.0,253.0,1744.0,12.0
53,2020-06-24,239410.0,190.0,34644.0,30.0,186111.0,18655.0,107.0,3960.0,573.0,5107093.0,84466.0,Italy,Europe,9.0,60463214.0,1079.0,253.0,1745.0,12.0
54,2020-06-25,239706.0,296.0,34678.0,34.0,186725.0,18303.0,103.0,3965.0,574.0,5163154.0,85394.0,Italy,Europe,9.0,60462972.0,614.0,252.0,1744.0,12.0
55,2020-06-26,239961.0,255.0,34708.0,30.0,187615.0,17638.0,105.0,3969.0,574.0,5215922.0,86267.0,Italy,Europe,9.0,60462730.0,890.0,252.0,1742.0,12.0
56,2020-06-27,240136.0,175.0,34716.0,8.0,188584.0,16836.0,97.0,3972.0,574.0,5277273.0,87282.0,Italy,Europe,9.0,60462488.0,969.0,252.0,1742.0,11.0
57,2020-06-28,240310.0,174.0,34738.0,22.0,188891.0,16681.0,98.0,3975.0,575.0,5314619.0,87900.0,Italy,Europe,9.0,60462246.0,307.0,252.0,1741.0,11.0
58,2020-06-29,240436.0,126.0,34744.0,6.0,189196.0,16496.0,96.0,3977.0,575.0,5341837.0,88350.0,Italy,Europe,9.0,60462004.0,305.0,251.0,1740.0,11.0
59,2020-06-30,240578.0,142.0,34767.0,23.0,190248.0,15563.0,93.0,3979.0,575.0,5390110.0,89149.0,Italy,Europe,9.0,60461762.0,1052.0,251.0,1739.0,11.0
60,2020-07-01,240760.0,182.0,34788.0,21.0,190717.0,15255.0,87.0,3982.0,575.0,5445476.0,90065.0,Italy,Europe,9.0,60461520.0,469.0,251.0,1738.0,11.0
61,2020-07-02,240961.0,201.0,34818.0,30.0,191083.0,15060.0,82.0,3985.0,576.0,5498719.0,90946.0,Italy,Europe,9.0,60461278.0,366.0,251.0,1736.0,11.0
62,2020-07-03,241184.0,223.0,34833.0,15.0,191467.0,14884.0,79.0,3989.0,576.0,5575815.0,92222.0,Italy,Europe,9.0,60461036.0,384.0,251.0,1736.0,11.0
63,2020-07-04,241419.0,235.0,34854.0,21.0,191944.0,14621.0,71.0,3993.0,576.0,5600826.0,92636.0,Italy,Europe,10.0,60460794.0,477.0,250.0,1735.0,11.0
64,2020-07-05,241611.0,192.0,34861.0,7.0,192108.0,14642.0,74.0,3996.0,577.0,5638288.0,93256.0,Italy,Europe,10.0,60460552.0,164.0,250.0,1734.0,11.0
65,2020-07-06,241819.0,208.0,34869.0,8.0,192241.0,14709.0,72.0,4000.0,577.0,5660454.0,93623.0,Italy,Europe,11.0,60460310.0,133.0,250.0,1734.0,11.0
66,2020-07-07,241956.0,137.0,34899.0,30.0,192815.0,14242.0,70.0,4002.0,577.0,5703673.0,94338.0,Italy,Europe,11.0,60460068.0,574.0,250.0,1732.0,11.0
67,2020-07-08,242149.0,193.0,34914.0,15.0,193640.0,13595.0,71.0,4005.0,577.0,5754116.0,95173.0,Italy,Europe,11.0,60459826.0,825.0,250.0,1732.0,11.0
68,2020-07-09,242363.0,214.0,34926.0,12.0,193978.0,13459.0,69.0,4009.0,578.0,5806668.0,96042.0,Italy,Europe,11.0,60459584.0,338.0,249.0,1731.0,10.0
69,2020-07-10,242639.0,276.0,34938.0,12.0,194273.0,13428.0,65.0,4013.0,578.0,5854621.0,96836.0,Italy,Europe,13.0,60459342.0,295.0,249.0,1730.0,10.0
70,2020-07-11,242827.0,188.0,34945.0,7.0,194579.0,13303.0,67.0,4016.0,578.0,5900552.0,97596.0,Italy,Europe,13.0,60459100.0,306.0,249.0,1730.0,10.0
71,2020-07-12,243061.0,234.0,34954.0,9.0,194928.0,13179.0,68.0,4020.0,578.0,5938811.0,98229.0,Italy,Europe,13.0,60458616.0,349.0,249.0,1730.0,10.0
72,2020-07-13,243230.0,169.0,34967.0,13.0,195106.0,13157.0,65.0,4023.0,578.0,5962744.0,98625.0,Italy,Europe,13.0,60458616.0,178.0,249.0,1729.0,10.0
73,2020-07-14,243344.0,114.0,34984.0,17.0,195441.0,12919.0,60.0,4025.0,579.0,6004611.0,99318.0,Italy,Europe,13.0,60458374.0,335.0,248.0,1728.0,10.0
74,2020-07-15,243506.0,162.0,34997.0,13.0,196016.0,12493.0,57.0,4028.0,579.0,6053060.0,100120.0,Italy,Europe,13.0,60458132.0,575.0,248.0,1728.0,10.0
75,2020-07-16,243736.0,230.0,35017.0,20.0,196246.0,12473.0,53.0,4032.0,579.0,6103492.0,100954.0,Italy,Europe,13.0,60457891.0,230.0,248.0,1727.0,10.0
76,2020-07-17,243967.0,231.0,35028.0,11.0,196483.0,12456.0,50.0,4035.0,579.0,6154259.0,101795.0,Italy,Europe,14.0,60457649.0,237.0,248.0,1726.0,10.0
77,2020-07-18,244216.0,249.0,35042.0,14.0,196806.0,12368.0,50.0,4039.0,580.0,6202524.0,102593.0,Italy,Europe,14.0,60457407.0,323.0,248.0,1725.0,10.0
78,2020-07-19,244434.0,218.0,35045.0,3.0,196949.0,12440.0,49.0,4043.0,580.0,6238049.0,103181.0,Italy,Europe,14.0,60457165.0,143.0,247.0,1725.0,10.0
79,2020-07-20,244624.0,190.0,35058.0,13.0,197162.0,12404.0,47.0,4046.0,580.0,6262302.0,103583.0,Italy,Europe,14.0,60456923.0,213.0,247.0,1724.0,10.0
80,2020-07-21,244752.0,128.0,35073.0,15.0,197431.0,12248.0,49.0,4048.0,580.0,6305412.0,104296.0,Italy,Europe,14.0,60456681.0,269.0,247.0,1724.0,10.0
81,2020-07-22,245032.0,280.0,35082.0,9.0,197628.0,12322.0,48.0,4053.0,580.0,6354730.0,105113.0,Italy,Europe,14.0,60456439.0,197.0,247.0,1723.0,10.0
82,2020-07-23,245338.0,306.0,35092.0,10.0,197842.0,12404.0,49.0,4058.0,580.0,6415041.0,106111.0,Italy,Europe,14.0,60455955.0,214.0,246.0,1723.0,9.0
83,2020-07-24,245590.0,252.0,35097.0,5.0,198192.0,12301.0,46.0,4062.0,581.0,6468375.0,106993.0,Italy,Europe,14.0,60455955.0,350.0,246.0,1723.0,9.0
84,2020-07-25,245864.0,274.0,35102.0,5.0,198320.0,12442.0,41.0,4067.0,581.0,6520046.0,107848.0,Italy,Europe,14.0,60455713.0,128.0,246.0,1722.0,9.0
85,2020-07-26,246118.0,254.0,35107.0,5.0,198446.0,12565.0,44.0,4071.0,581.0,6560572.0,108519.0,Italy,Europe,14.0,60455471.0,126.0,246.0,1722.0,9.0
86,2020-07-27,246286.0,170.0,35112.0,5.0,198593.0,12581.0,45.0,4074.0,581.0,6586123.0,108942.0,Italy,Europe,15.0,60455229.0,147.0,245.0,1722.0,9.0
87,2020-07-28,246488.0,181.0,35123.0,11.0,198756.0,12609.0,40.0,4077.0,581.0,6634293.0,109740.0,Italy,Europe,15.0,60454745.0,163.0,245.0,1721.0,9.0
88,2020-07-29,246776.0,289.0,35129.0,6.0,199031.0,12616.0,38.0,4082.0,581.0,6690311.0,110666.0,Italy,Europe,15.0,60454745.0,275.0,245.0,1721.0,9.0
89,2020-07-30,247158.0,382.0,35132.0,3.0,199796.0,12230.0,47.0,4088.0,581.0,6752169.0,111690.0,Italy,Europe,15.0,60454503.0,765.0,245.0,1721.0,9.0
90,2020-07-31,247537.0,379.0,35141.0,9.0,199974.0,12422.0,41.0,4095.0,581.0,6820613.0,112823.0,Italy,Europe,15.0,60454261.0,178.0,244.0,1720.0,9.0
91,2020-08-01,247832.0,295.0,35146.0,5.0,200229.0,12457.0,43.0,4100.0,581.0,6873496.0,113698.0,Italy,Europe,15.0,60454019.0,255.0,244.0,1720.0,9.0
92,2020-08-02,248070.0,238.0,35154.0,8.0,200460.0,12456.0,42.0,4103.0,582.0,6916765.0,114414.0,Italy,Europe,15.0,60453777.0,231.0,244.0,1720.0,9.0
