,Date,Tot cases,New cases,Tot Deaths,New Deaths,Total Recovered,Active Cases,Serious,Tot C par million,Deaths par million,Total Test,Tot T par million,Country,Continent,index,population,New Recov,col1,col2,col3
0,2020-05-02,2966.0,6.0,54.0,-1.0,2732.0,180.0,61.0,42.0,0.8,178083.0,2551.0,Thailand,Asia,,,0.0,,,
1,2020-05-03,2969.0,3.0,54.0,-1.0,2739.0,176.0,61.0,43.0,0.8,178083.0,2551.0,Thailand,Asia,,,0.0,,,
2,2020-05-04,2987.0,18.0,54.0,-1.0,2740.0,193.0,61.0,43.0,0.8,227860.0,3264.0,Thailand,Asia,,,0.0,,,
3,2020-05-05,2988.0,-1.0,54.0,-1.0,2747.0,187.0,61.0,43.0,0.8,227860.0,3264.0,Thailand,Asia,,,0.0,,,
4,2020-05-06,2989.0,1.0,55.0,1.0,2761.0,173.0,61.0,43.0,0.8,227860.0,3264.0,Thailand,Asia,,,0.0,,,
5,2020-05-07,2992.0,3.0,55.0,-1.0,2772.0,165.0,61.0,43.0,0.8,227860.0,3264.0,Thailand,Asia,,,0.0,,,
6,2020-05-08,3000.0,-1.0,55.0,-1.0,2784.0,161.0,61.0,43.0,0.8,227860.0,3264.0,Thailand,Asia,,,0.0,,,
7,2020-05-09,3004.0,-1.0,56.0,-1.0,2787.0,161.0,61.0,43.0,0.8,227860.0,3264.0,Thailand,Asia,,,0.0,,,
8,2020-05-10,3009.0,5.0,56.0,-1.0,2794.0,159.0,61.0,43.0,0.8,227860.0,3264.0,Thailand,Asia,,,0.0,,,
9,2020-05-11,3015.0,6.0,56.0,-1.0,2796.0,163.0,61.0,43.0,0.8,227860.0,3264.0,Thailand,Asia,,,0.0,,,
10,2020-05-12,3017.0,2.0,56.0,-1.0,2798.0,163.0,61.0,43.0,0.8,227860.0,3264.0,Thailand,Asia,,,0.0,,,
11,2020-05-13,3017.0,-1.0,56.0,-1.0,2844.0,117.0,61.0,43.0,0.8,286008.0,4098.0,Thailand,Asia,,,0.0,,,
12,2020-05-14,3018.0,1.0,56.0,-1.0,2850.0,112.0,61.0,43.0,0.8,286008.0,4098.0,Thailand,Asia,,,0.0,,,
13,2020-05-15,3025.0,7.0,56.0,-1.0,2854.0,115.0,61.0,43.0,0.8,286008.0,4099.0,Thailand,Asia,67.0,69777809.0,0.0,,,
14,2020-05-16,3025.0,-1.0,56.0,-1.0,2855.0,114.0,61.0,43.0,0.8,286008.0,4099.0,Thailand,Asia,69.0,69778286.0,0.0,,,
15,2020-05-17,3028.0,3.0,56.0,-1.0,2856.0,116.0,61.0,43.0,0.8,286008.0,4099.0,Thailand,Asia,69.0,69778764.0,0.0,,,
16,2020-05-18,3031.0,3.0,56.0,-1.0,2857.0,118.0,61.0,43.0,0.8,286008.0,4099.0,Thailand,Asia,69.0,69779241.0,0.0,,,
17,2020-05-19,3033.0,2.0,56.0,-1.0,2857.0,120.0,61.0,43.0,0.8,286008.0,4099.0,Thailand,Asia,69.0,69779718.0,0.0,,,
18,2020-05-20,3034.0,1.0,56.0,-1.0,2888.0,90.0,61.0,43.0,0.8,328073.0,4702.0,Thailand,Asia,69.0,69780195.0,0.0,,,
19,2020-05-21,3037.0,3.0,56.0,-1.0,2897.0,84.0,61.0,44.0,0.8,328073.0,4701.0,Thailand,Asia,72.0,69780672.0,0.0,,,
20,2020-05-22,3037.0,-1.0,56.0,-1.0,2910.0,71.0,61.0,44.0,0.8,328073.0,4701.0,Thailand,Asia,72.0,69781150.0,0.0,,,
21,2020-05-23,3040.0,3.0,56.0,-1.0,2916.0,68.0,61.0,44.0,0.8,328073.0,4701.0,Thailand,Asia,73.0,69781627.0,0.0,,,
22,2020-05-24,3040.0,-1.0,56.0,-1.0,2921.0,63.0,61.0,44.0,0.8,328073.0,4701.0,Thailand,Asia,75.0,69782104.0,0.0,,,
23,2020-05-25,3042.0,2.0,57.0,1.0,2928.0,57.0,57.0,44.0,0.8,375453.0,5380.0,Thailand,Asia,76.0,69782581.0,0.0,,,
24,2020-05-26,3045.0,3.0,57.0,-1.0,2929.0,59.0,57.0,44.0,0.8,375453.0,5380.0,Thailand,Asia,76.0,69783058.0,0.0,,,
25,2020-05-27,3054.0,-1.0,57.0,-1.0,2931.0,66.0,59.0,44.0,0.8,375453.0,5380.0,Thailand,Asia,76.0,69784013.0,0.0,,,
26,2020-05-28,3065.0,11.0,57.0,-1.0,2945.0,63.0,59.0,44.0,0.8,375453.0,5380.0,Thailand,Asia,76.0,69784013.0,0.0,,,
27,2020-05-29,3076.0,11.0,57.0,-1.0,2945.0,74.0,59.0,44.0,0.8,375453.0,5380.0,Thailand,Asia,76.0,69784490.0,0.0,,,
28,2020-05-30,3077.0,1.0,57.0,-1.0,2961.0,59.0,59.0,44.0,0.8,375453.0,5380.0,Thailand,Asia,77.0,69784967.0,0.0,,,
29,2020-05-31,3081.0,4.0,57.0,-1.0,2963.0,61.0,1.0,44.0,0.8,375453.0,5380.0,Thailand,Asia,77.0,69785445.0,0.0,,,
30,2020-06-01,3082.0,1.0,57.0,-1.0,2965.0,60.0,1.0,44.0,0.8,420529.0,6026.0,Thailand,Asia,78.0,69785922.0,0.0,,,
31,2020-06-02,3083.0,1.0,58.0,1.0,2966.0,59.0,1.0,44.0,0.8,420529.0,6026.0,Thailand,Asia,78.0,69786399.0,1.0,22636.0,1203214.0,166.0
32,2020-06-03,3084.0,1.0,58.0,-1.0,2968.0,58.0,1.0,44.0,0.8,420529.0,6026.0,Thailand,Asia,79.0,69786876.0,2.0,22629.0,1203222.0,166.0
33,2020-06-04,3101.0,17.0,58.0,-1.0,2968.0,75.0,1.0,44.0,0.8,420529.0,6026.0,Thailand,Asia,79.0,69787353.0,-1.0,22505.0,1203230.0,166.0
34,2020-06-05,3102.0,1.0,58.0,-1.0,2971.0,73.0,1.0,44.0,0.8,420529.0,6026.0,Thailand,Asia,79.0,69787831.0,3.0,22498.0,1203238.0,166.0
35,2020-06-06,3104.0,2.0,58.0,-1.0,2971.0,75.0,1.0,44.0,0.8,420529.0,6026.0,Thailand,Asia,80.0,69788308.0,-1.0,22483.0,1203247.0,166.0
36,2020-06-07,3112.0,8.0,58.0,-1.0,2972.0,82.0,1.0,45.0,0.8,420529.0,6026.0,Thailand,Asia,80.0,69788785.0,1.0,22426.0,1203255.0,166.0
37,2020-06-08,3119.0,7.0,58.0,-1.0,2973.0,88.0,1.0,45.0,0.8,468175.0,6708.0,Thailand,Asia,82.0,69789262.0,1.0,22376.0,1203263.0,149.0
38,2020-06-09,3121.0,2.0,58.0,-1.0,2973.0,90.0,1.0,45.0,0.8,468175.0,6708.0,Thailand,Asia,84.0,69789739.0,-1.0,22361.0,1203271.0,149.0
39,2020-06-10,3125.0,4.0,58.0,-1.0,2981.0,86.0,1.0,45.0,0.8,468175.0,6708.0,Thailand,Asia,84.0,69790217.0,8.0,22333.0,1203280.0,149.0
40,2020-06-11,3125.0,-1.0,58.0,-1.0,2987.0,80.0,1.0,45.0,0.8,468175.0,6708.0,Thailand,Asia,85.0,69790694.0,6.0,22333.0,1203288.0,149.0
41,2020-06-12,3129.0,4.0,58.0,-1.0,2987.0,84.0,1.0,45.0,0.8,468175.0,6708.0,Thailand,Asia,85.0,69791171.0,-1.0,22305.0,1203296.0,149.0
42,2020-06-13,3134.0,5.0,58.0,-1.0,2987.0,89.0,1.0,45.0,0.8,468175.0,6708.0,Thailand,Asia,87.0,69791648.0,-1.0,22269.0,1203304.0,149.0
43,2020-06-14,3135.0,1.0,58.0,-1.0,2987.0,90.0,1.0,45.0,0.8,468175.0,6708.0,Thailand,Asia,87.0,69792125.0,-1.0,22262.0,1203313.0,149.0
44,2020-06-15,3135.0,-1.0,58.0,-1.0,2987.0,90.0,1.0,45.0,0.8,468175.0,6708.0,Thailand,Asia,87.0,69792603.0,-1.0,22262.0,1203321.0,149.0
45,2020-06-16,3135.0,-1.0,58.0,-1.0,2993.0,84.0,1.0,45.0,0.8,468175.0,6708.0,Thailand,Asia,88.0,69793080.0,6.0,22263.0,1203329.0,149.0
46,2020-06-17,3135.0,-1.0,58.0,-1.0,2996.0,81.0,1.0,45.0,0.8,468175.0,6708.0,Thailand,Asia,90.0,69793557.0,3.0,22263.0,1203337.0,149.0
47,2020-06-18,3141.0,6.0,58.0,-1.0,2997.0,86.0,1.0,45.0,0.8,468175.0,6708.0,Thailand,Asia,90.0,69794034.0,1.0,22220.0,1203345.0,149.0
48,2020-06-19,3146.0,5.0,58.0,-1.0,3008.0,80.0,1.0,45.0,0.8,468175.0,6708.0,Thailand,Asia,90.0,69794511.0,11.0,22185.0,1203354.0,149.0
49,2020-06-20,3147.0,1.0,58.0,-1.0,3018.0,71.0,1.0,45.0,0.8,468175.0,6708.0,Thailand,Asia,90.0,69795466.0,10.0,22178.0,1203370.0,149.0
50,2020-06-21,3148.0,1.0,58.0,-1.0,3018.0,72.0,1.0,45.0,0.8,468175.0,6708.0,Thailand,Asia,91.0,69795466.0,-1.0,22171.0,1203370.0,149.0
51,2020-06-22,3151.0,3.0,58.0,-1.0,3022.0,71.0,1.0,45.0,0.8,468175.0,6708.0,Thailand,Asia,91.0,69795943.0,4.0,22150.0,1203378.0,149.0
52,2020-06-23,3156.0,5.0,58.0,-1.0,3023.0,75.0,1.0,45.0,0.8,468175.0,6708.0,Thailand,Asia,92.0,69796420.0,1.0,22115.0,1203387.0,149.0
53,2020-06-24,3157.0,1.0,58.0,-1.0,3026.0,73.0,1.0,45.0,0.8,468175.0,6708.0,Thailand,Asia,92.0,69796897.0,3.0,22109.0,1203395.0,149.0
54,2020-06-25,3158.0,1.0,58.0,-1.0,3038.0,62.0,1.0,45.0,0.8,468175.0,6708.0,Thailand,Asia,93.0,69797375.0,12.0,22102.0,1203403.0,149.0
55,2020-06-26,3162.0,4.0,58.0,-1.0,3040.0,64.0,1.0,45.0,0.8,468175.0,6708.0,Thailand,Asia,94.0,69797852.0,2.0,22074.0,1203411.0,149.0
56,2020-06-27,3162.0,-1.0,58.0,-1.0,3053.0,51.0,1.0,45.0,0.8,468175.0,6708.0,Thailand,Asia,94.0,69798329.0,13.0,22074.0,1203419.0,149.0
57,2020-06-28,3162.0,-1.0,58.0,-1.0,3053.0,51.0,1.0,45.0,0.8,468175.0,6707.0,Thailand,Asia,94.0,69798806.0,-1.0,22074.0,1203428.0,149.0
58,2020-06-29,3169.0,7.0,58.0,-1.0,3053.0,58.0,1.0,45.0,0.8,468175.0,6707.0,Thailand,Asia,95.0,69799283.0,-1.0,22026.0,1203436.0,149.0
59,2020-06-30,3171.0,2.0,58.0,-1.0,3056.0,57.0,1.0,45.0,0.8,603657.0,8648.0,Thailand,Asia,95.0,69799761.0,3.0,22012.0,1203444.0,116.0
60,2020-07-01,3173.0,2.0,58.0,-1.0,3059.0,56.0,1.0,45.0,0.8,603657.0,8648.0,Thailand,Asia,95.0,69800238.0,3.0,21998.0,1203452.0,116.0
61,2020-07-02,3179.0,6.0,58.0,-1.0,3059.0,62.0,1.0,46.0,0.8,603657.0,8648.0,Thailand,Asia,95.0,69800715.0,-1.0,21957.0,1203461.0,116.0
62,2020-07-03,3180.0,1.0,58.0,-1.0,3066.0,56.0,1.0,46.0,0.8,603657.0,8648.0,Thailand,Asia,96.0,69801192.0,7.0,21950.0,1203469.0,116.0
63,2020-07-04,3185.0,5.0,58.0,-1.0,3066.0,61.0,1.0,46.0,0.8,603657.0,8648.0,Thailand,Asia,96.0,69801669.0,-1.0,21916.0,1203477.0,116.0
64,2020-07-05,3190.0,5.0,58.0,-1.0,3071.0,61.0,1.0,46.0,0.8,603657.0,8648.0,Thailand,Asia,96.0,69802147.0,5.0,21882.0,1203485.0,116.0
65,2020-07-06,3195.0,5.0,58.0,-1.0,3072.0,65.0,1.0,46.0,0.8,603657.0,8648.0,Thailand,Asia,98.0,69802624.0,1.0,21847.0,1203494.0,116.0
66,2020-07-07,3195.0,-1.0,58.0,-1.0,3072.0,65.0,1.0,46.0,0.8,603657.0,8648.0,Thailand,Asia,98.0,69803101.0,-1.0,21848.0,1203502.0,116.0
67,2020-07-08,3197.0,2.0,58.0,-1.0,3074.0,65.0,1.0,46.0,0.8,603657.0,8648.0,Thailand,Asia,98.0,69803578.0,2.0,21834.0,1203510.0,116.0
68,2020-07-09,3202.0,5.0,58.0,-1.0,3085.0,59.0,1.0,46.0,0.8,603657.0,8648.0,Thailand,Asia,98.0,69804055.0,11.0,21800.0,1203518.0,116.0
69,2020-07-10,3202.0,-1.0,58.0,-1.0,3087.0,57.0,1.0,46.0,0.8,603657.0,8648.0,Thailand,Asia,99.0,69804533.0,2.0,21800.0,1203526.0,116.0
70,2020-07-11,3216.0,14.0,58.0,-1.0,3088.0,70.0,1.0,46.0,0.8,603657.0,8648.0,Thailand,Asia,99.0,69805010.0,1.0,21706.0,1203535.0,116.0
71,2020-07-12,3217.0,1.0,58.0,-1.0,3088.0,71.0,1.0,46.0,0.8,603657.0,8648.0,Thailand,Asia,99.0,69805964.0,-1.0,21699.0,1203551.0,116.0
72,2020-07-13,3220.0,3.0,58.0,-1.0,3090.0,72.0,1.0,46.0,0.8,603657.0,8648.0,Thailand,Asia,99.0,69805964.0,2.0,21679.0,1203551.0,116.0
73,2020-07-14,3227.0,7.0,58.0,-1.0,3091.0,78.0,1.0,46.0,0.8,603657.0,8648.0,Thailand,Asia,99.0,69806441.0,1.0,21632.0,1203559.0,116.0
74,2020-07-15,3232.0,5.0,58.0,-1.0,3092.0,82.0,1.0,46.0,0.8,603657.0,8648.0,Thailand,Asia,99.0,69806919.0,1.0,21599.0,1203568.0,116.0
75,2020-07-16,3236.0,4.0,58.0,-1.0,3095.0,83.0,1.0,46.0,0.8,603657.0,8647.0,Thailand,Asia,100.0,69807396.0,3.0,21572.0,1203576.0,116.0
76,2020-07-17,3239.0,3.0,58.0,-1.0,3096.0,85.0,1.0,46.0,0.8,603657.0,8647.0,Thailand,Asia,100.0,69807873.0,1.0,21552.0,1203584.0,116.0
77,2020-07-18,3246.0,7.0,58.0,-1.0,3096.0,92.0,1.0,46.0,0.8,603657.0,8647.0,Thailand,Asia,100.0,69808350.0,-1.0,21506.0,1203592.0,116.0
78,2020-07-19,3249.0,3.0,58.0,-1.0,3096.0,95.0,1.0,47.0,0.8,603657.0,8647.0,Thailand,Asia,100.0,69808827.0,-1.0,21486.0,1203600.0,116.0
79,2020-07-20,3250.0,1.0,58.0,-1.0,3096.0,96.0,1.0,47.0,0.8,603657.0,8647.0,Thailand,Asia,101.0,69809305.0,-1.0,21480.0,1203609.0,116.0
80,2020-07-21,3255.0,5.0,58.0,-1.0,3105.0,92.0,1.0,47.0,0.8,685316.0,9817.0,Thailand,Asia,101.0,69809782.0,9.0,21447.0,1203617.0,102.0
81,2020-07-22,3261.0,6.0,58.0,-1.0,3105.0,98.0,1.0,47.0,0.8,685316.0,9817.0,Thailand,Asia,102.0,69810259.0,-1.0,21408.0,1203625.0,102.0
82,2020-07-23,3269.0,8.0,58.0,-1.0,3105.0,106.0,1.0,47.0,0.8,685316.0,9817.0,Thailand,Asia,103.0,69811213.0,-1.0,21356.0,1203642.0,102.0
83,2020-07-24,3279.0,10.0,58.0,-1.0,3107.0,114.0,1.0,47.0,0.8,685316.0,9817.0,Thailand,Asia,104.0,69811213.0,2.0,21290.0,1203642.0,102.0
84,2020-07-25,3282.0,3.0,58.0,-1.0,3109.0,115.0,1.0,47.0,0.8,685316.0,9817.0,Thailand,Asia,104.0,69811691.0,2.0,21271.0,1203650.0,102.0
85,2020-07-26,3291.0,9.0,58.0,-1.0,3109.0,124.0,1.0,47.0,0.8,685316.0,9817.0,Thailand,Asia,105.0,69812168.0,-1.0,21213.0,1203658.0,102.0
86,2020-07-27,3295.0,4.0,58.0,-1.0,3111.0,126.0,1.0,47.0,0.8,685316.0,9817.0,Thailand,Asia,105.0,69812645.0,2.0,21187.0,1203666.0,102.0
87,2020-07-28,3297.0,2.0,58.0,-1.0,3111.0,128.0,1.0,47.0,0.8,717814.0,10282.0,Thailand,Asia,105.0,69813599.0,-1.0,21175.0,1203683.0,97.0
88,2020-07-29,3298.0,1.0,58.0,-1.0,3111.0,129.0,1.0,47.0,0.8,717814.0,10282.0,Thailand,Asia,105.0,69813599.0,-1.0,21168.0,1203683.0,97.0
89,2020-07-30,3304.0,6.0,58.0,-1.0,3111.0,135.0,1.0,47.0,0.8,717814.0,10282.0,Thailand,Asia,105.0,69814077.0,-1.0,21130.0,1203691.0,97.0
90,2020-07-31,3310.0,6.0,58.0,-1.0,3125.0,127.0,1.0,47.0,0.8,717814.0,10282.0,Thailand,Asia,107.0,69814554.0,14.0,21092.0,1203699.0,97.0
91,2020-08-01,3312.0,2.0,58.0,-1.0,3135.0,119.0,1.0,47.0,0.8,717814.0,10282.0,Thailand,Asia,109.0,69815031.0,10.0,21079.0,1203707.0,97.0
92,2020-08-02,3317.0,5.0,58.0,-1.0,3142.0,117.0,1.0,48.0,0.8,717814.0,10282.0,Thailand,Asia,109.0,69815508.0,7.0,21048.0,1203716.0,97.0
