,Date,Tot cases,New cases,Tot Deaths,New Deaths,Total Recovered,Active Cases,Serious,Tot C par million,Deaths par million,Total Test,Tot T par million,Country,Continent,index,population,New Recov,col1,col2,col3
0,2020-05-02,6193.0,298.0,415.0,9.0,1522.0,4256.0,-1.0,61.0,4.0,90000.0,879.0,Egypt,Africa,,,0.0,,,
1,2020-05-03,6465.0,272.0,429.0,14.0,1562.0,4474.0,-1.0,63.0,4.0,90000.0,879.0,Egypt,Africa,,,0.0,,,
2,2020-05-04,6813.0,348.0,436.0,7.0,1632.0,4745.0,-1.0,67.0,4.0,90000.0,879.0,Egypt,Africa,,,0.0,,,
3,2020-05-05,7201.0,-1.0,452.0,-1.0,1730.0,5019.0,-1.0,70.0,4.0,90000.0,879.0,Egypt,Africa,,,0.0,,,
4,2020-05-06,7588.0,387.0,469.0,17.0,1815.0,5304.0,-1.0,74.0,5.0,90000.0,879.0,Egypt,Africa,,,0.0,,,
5,2020-05-07,7981.0,393.0,482.0,13.0,1887.0,5612.0,41.0,78.0,5.0,90000.0,879.0,Egypt,Africa,,,0.0,,,
6,2020-05-08,8476.0,-1.0,503.0,-1.0,1945.0,6028.0,41.0,83.0,5.0,90000.0,879.0,Egypt,Africa,,,0.0,,,
7,2020-05-09,8964.0,-1.0,514.0,-1.0,2002.0,6448.0,41.0,88.0,5.0,90000.0,879.0,Egypt,Africa,,,0.0,,,
8,2020-05-10,9400.0,436.0,525.0,11.0,2075.0,6800.0,41.0,92.0,5.0,90000.0,879.0,Egypt,Africa,,,0.0,,,
9,2020-05-11,9746.0,346.0,533.0,8.0,2172.0,7041.0,41.0,95.0,5.0,90000.0,879.0,Egypt,Africa,,,0.0,,,
10,2020-05-12,10093.0,347.0,544.0,11.0,2326.0,7223.0,41.0,99.0,5.0,90000.0,879.0,Egypt,Africa,,,0.0,,,
11,2020-05-13,10431.0,338.0,556.0,12.0,2486.0,7389.0,41.0,102.0,5.0,90000.0,879.0,Egypt,Africa,,,0.0,,,
12,2020-05-14,10829.0,398.0,571.0,15.0,2626.0,7632.0,41.0,106.0,6.0,105000.0,1026.0,Egypt,Africa,,,0.0,,,
13,2020-05-15,11228.0,399.0,592.0,21.0,2799.0,7837.0,41.0,110.0,6.0,135000.0,1323.0,Egypt,Africa,42.0,102072877.0,0.0,,,
14,2020-05-16,11719.0,491.0,612.0,20.0,2950.0,8157.0,41.0,115.0,6.0,135000.0,1323.0,Egypt,Africa,42.0,102078159.0,0.0,,,
15,2020-05-17,12229.0,510.0,630.0,18.0,3172.0,8427.0,41.0,120.0,6.0,135000.0,1322.0,Egypt,Africa,42.0,102083440.0,0.0,,,
16,2020-05-18,12764.0,535.0,645.0,15.0,3440.0,8679.0,41.0,125.0,6.0,135000.0,1322.0,Egypt,Africa,40.0,102088722.0,0.0,,,
17,2020-05-19,13484.0,720.0,659.0,14.0,3742.0,9083.0,41.0,132.0,6.0,135000.0,1322.0,Egypt,Africa,40.0,102094004.0,0.0,,,
18,2020-05-20,14229.0,745.0,680.0,21.0,3994.0,9555.0,41.0,139.0,7.0,135000.0,1322.0,Egypt,Africa,40.0,102099285.0,0.0,,,
19,2020-05-21,15003.0,774.0,696.0,16.0,4217.0,10090.0,41.0,147.0,7.0,135000.0,1322.0,Egypt,Africa,40.0,102104567.0,0.0,,,
20,2020-05-22,15786.0,783.0,707.0,11.0,4374.0,10705.0,41.0,155.0,7.0,135000.0,1322.0,Egypt,Africa,40.0,102109848.0,0.0,,,
21,2020-05-23,16513.0,727.0,735.0,28.0,4628.0,11150.0,41.0,162.0,7.0,135000.0,1322.0,Egypt,Africa,39.0,102115130.0,0.0,,,
22,2020-05-24,17265.0,752.0,764.0,29.0,4807.0,11694.0,41.0,169.0,7.0,135000.0,1322.0,Egypt,Africa,37.0,102120411.0,0.0,,,
23,2020-05-25,17967.0,702.0,783.0,19.0,4900.0,12284.0,41.0,176.0,8.0,135000.0,1322.0,Egypt,Africa,37.0,102125693.0,0.0,,,
24,2020-05-26,18756.0,789.0,797.0,14.0,5027.0,12932.0,41.0,184.0,8.0,135000.0,1322.0,Egypt,Africa,36.0,102130974.0,0.0,,,
25,2020-05-27,19666.0,-1.0,816.0,-1.0,5205.0,13645.0,41.0,193.0,8.0,135000.0,1322.0,Egypt,Africa,36.0,102141537.0,0.0,,,
26,2020-05-28,20793.0,1127.0,845.0,29.0,5359.0,14589.0,41.0,204.0,8.0,135000.0,1322.0,Egypt,Africa,36.0,102141537.0,0.0,,,
27,2020-05-29,22082.0,1289.0,879.0,34.0,5511.0,15692.0,41.0,216.0,9.0,135000.0,1322.0,Egypt,Africa,36.0,102146819.0,0.0,,,
28,2020-05-30,23449.0,1367.0,913.0,34.0,5693.0,16843.0,41.0,230.0,9.0,135000.0,1322.0,Egypt,Africa,35.0,102152100.0,0.0,,,
29,2020-05-31,24985.0,1536.0,959.0,46.0,6810.0,17216.0,41.0,245.0,9.0,135000.0,1321.0,Egypt,Africa,34.0,102157382.0,0.0,,,
30,2020-06-01,26384.0,1399.0,1005.0,46.0,6297.0,19082.0,41.0,258.0,10.0,135000.0,1321.0,Egypt,Africa,33.0,102162663.0,0.0,,,
31,2020-06-02,27536.0,1152.0,1052.0,47.0,6827.0,19657.0,41.0,270.0,10.0,135000.0,1321.0,Egypt,Africa,33.0,102167945.0,380.0,3710.0,97118.0,757.0
32,2020-06-03,28615.0,1079.0,1088.0,36.0,7350.0,20177.0,41.0,280.0,11.0,135000.0,1321.0,Egypt,Africa,32.0,102173226.0,523.0,3571.0,93909.0,757.0
33,2020-06-04,29767.0,1152.0,1126.0,38.0,7756.0,20885.0,41.0,291.0,11.0,135000.0,1321.0,Egypt,Africa,32.0,102178508.0,406.0,3433.0,90745.0,757.0
34,2020-06-05,31115.0,1348.0,1166.0,40.0,8158.0,21791.0,41.0,305.0,11.0,135000.0,1321.0,Egypt,Africa,30.0,102183789.0,402.0,3284.0,87636.0,757.0
35,2020-06-06,32612.0,1497.0,1198.0,32.0,8538.0,22876.0,41.0,319.0,12.0,135000.0,1321.0,Egypt,Africa,30.0,102189071.0,380.0,3133.0,85300.0,757.0
36,2020-06-07,34079.0,1467.0,1237.0,39.0,8961.0,23881.0,41.0,333.0,12.0,135000.0,1321.0,Egypt,Africa,30.0,102194352.0,423.0,2999.0,82615.0,757.0
37,2020-06-08,35444.0,1365.0,1271.0,34.0,9375.0,24798.0,41.0,347.0,12.0,135000.0,1321.0,Egypt,Africa,29.0,102199634.0,414.0,2883.0,80409.0,757.0
38,2020-06-09,36829.0,1385.0,1306.0,35.0,9786.0,25737.0,41.0,360.0,13.0,135000.0,1321.0,Egypt,Africa,29.0,102204915.0,411.0,2775.0,78258.0,757.0
39,2020-06-10,38284.0,1455.0,1342.0,36.0,10289.0,26653.0,41.0,375.0,13.0,135000.0,1321.0,Egypt,Africa,29.0,102210197.0,503.0,2670.0,76163.0,757.0
40,2020-06-11,39726.0,1442.0,1377.0,35.0,10691.0,27658.0,41.0,389.0,13.0,135000.0,1321.0,Egypt,Africa,28.0,102215478.0,402.0,2573.0,74231.0,757.0
41,2020-06-12,41303.0,1577.0,1422.0,45.0,11108.0,28773.0,41.0,404.0,14.0,135000.0,1321.0,Egypt,Africa,28.0,102220760.0,417.0,2475.0,71885.0,757.0
42,2020-06-13,42980.0,1677.0,1484.0,62.0,11529.0,29967.0,41.0,420.0,15.0,135000.0,1321.0,Egypt,Africa,27.0,102226041.0,421.0,2378.0,68885.0,757.0
43,2020-06-14,44598.0,1618.0,1575.0,91.0,11931.0,31092.0,41.0,436.0,15.0,135000.0,1321.0,Egypt,Africa,27.0,102231323.0,402.0,2292.0,64909.0,757.0
44,2020-06-15,46289.0,1691.0,1672.0,97.0,12329.0,32288.0,41.0,453.0,16.0,135000.0,1320.0,Egypt,Africa,27.0,102236605.0,398.0,2209.0,61146.0,757.0
45,2020-06-16,47856.0,1567.0,1766.0,94.0,12730.0,33360.0,41.0,468.0,17.0,135000.0,1320.0,Egypt,Africa,27.0,102241886.0,401.0,2136.0,57895.0,757.0
46,2020-06-17,49219.0,1363.0,1850.0,84.0,13141.0,34228.0,41.0,481.0,18.0,135000.0,1320.0,Egypt,Africa,25.0,102247168.0,411.0,2077.0,55269.0,757.0
47,2020-06-18,50437.0,1218.0,1938.0,88.0,13528.0,34971.0,41.0,493.0,19.0,135000.0,1320.0,Egypt,Africa,25.0,102252449.0,387.0,2027.0,52762.0,757.0
48,2020-06-19,52211.0,1774.0,2017.0,79.0,13928.0,36266.0,41.0,511.0,20.0,135000.0,1320.0,Egypt,Africa,25.0,102257731.0,400.0,1959.0,50698.0,757.0
49,2020-06-20,53758.0,1547.0,2106.0,89.0,14327.0,37325.0,41.0,526.0,21.0,135000.0,1320.0,Egypt,Africa,25.0,102268294.0,399.0,1902.0,48560.0,758.0
50,2020-06-21,55233.0,1475.0,2193.0,87.0,14736.0,38304.0,41.0,540.0,21.0,135000.0,1320.0,Egypt,Africa,25.0,102268294.0,409.0,1852.0,46634.0,758.0
51,2020-06-22,56809.0,1576.0,2278.0,85.0,15133.0,39398.0,41.0,555.0,22.0,135000.0,1320.0,Egypt,Africa,25.0,102273575.0,397.0,1800.0,44896.0,758.0
52,2020-06-23,58141.0,1332.0,2365.0,87.0,15535.0,40241.0,41.0,568.0,23.0,135000.0,1320.0,Egypt,Africa,25.0,102278857.0,402.0,1759.0,43247.0,758.0
53,2020-06-24,58141.0,-1.0,2365.0,-1.0,15535.0,40241.0,41.0,568.0,23.0,135000.0,1320.0,Egypt,Africa,25.0,102284138.0,-1.0,1759.0,43249.0,758.0
54,2020-06-25,61130.0,1569.0,2533.0,83.0,16338.0,42259.0,41.0,598.0,25.0,135000.0,1320.0,Egypt,Africa,23.0,102289420.0,403.0,1673.0,40383.0,758.0
55,2020-06-26,62755.0,1625.0,2620.0,87.0,16737.0,43398.0,41.0,613.0,26.0,135000.0,1320.0,Egypt,Africa,23.0,102294701.0,399.0,1630.0,39044.0,758.0
56,2020-06-27,63923.0,1168.0,2708.0,88.0,17140.0,44075.0,41.0,625.0,26.0,135000.0,1320.0,Egypt,Africa,23.0,102299983.0,403.0,1600.0,37777.0,758.0
57,2020-06-28,65188.0,1265.0,2789.0,81.0,17539.0,44860.0,41.0,637.0,27.0,135000.0,1320.0,Egypt,Africa,22.0,102305264.0,399.0,1569.0,36682.0,758.0
58,2020-06-29,66754.0,1566.0,2872.0,83.0,17951.0,45931.0,41.0,652.0,28.0,135000.0,1320.0,Egypt,Africa,23.0,102310546.0,412.0,1533.0,35623.0,758.0
59,2020-06-30,68311.0,1557.0,2953.0,81.0,18460.0,46898.0,41.0,668.0,29.0,135000.0,1319.0,Egypt,Africa,23.0,102315827.0,509.0,1498.0,34648.0,758.0
60,2020-07-01,69814.0,1503.0,3034.0,81.0,18881.0,47899.0,41.0,682.0,30.0,135000.0,1319.0,Egypt,Africa,22.0,102321109.0,421.0,1466.0,33725.0,758.0
61,2020-07-02,71299.0,1485.0,3120.0,86.0,19288.0,48891.0,41.0,697.0,30.0,135000.0,1319.0,Egypt,Africa,22.0,102326390.0,407.0,1435.0,32797.0,758.0
62,2020-07-03,72711.0,1412.0,3201.0,81.0,19690.0,49820.0,41.0,711.0,31.0,135000.0,1319.0,Egypt,Africa,22.0,102331672.0,402.0,1407.0,31969.0,758.0
63,2020-07-04,74035.0,1324.0,3280.0,79.0,20103.0,50652.0,41.0,723.0,32.0,135000.0,1319.0,Egypt,Africa,22.0,102336953.0,413.0,1382.0,31200.0,758.0
64,2020-07-05,75253.0,1218.0,3343.0,63.0,20726.0,51184.0,41.0,735.0,33.0,135000.0,1319.0,Egypt,Africa,23.0,102342235.0,623.0,1360.0,30614.0,758.0
65,2020-07-06,76222.0,969.0,3422.0,79.0,21238.0,51562.0,41.0,745.0,33.0,135000.0,1319.0,Egypt,Africa,23.0,102347516.0,512.0,1343.0,29909.0,758.0
66,2020-07-07,77279.0,1057.0,3489.0,67.0,21718.0,52072.0,41.0,755.0,34.0,135000.0,1319.0,Egypt,Africa,23.0,102352798.0,480.0,1324.0,29336.0,758.0
67,2020-07-08,78304.0,1025.0,3564.0,75.0,22241.0,52499.0,41.0,765.0,35.0,135000.0,1319.0,Egypt,Africa,23.0,102358079.0,523.0,1307.0,28720.0,758.0
68,2020-07-09,79254.0,950.0,3617.0,53.0,22753.0,52884.0,41.0,774.0,35.0,135000.0,1319.0,Egypt,Africa,23.0,102363361.0,512.0,1292.0,28301.0,758.0
69,2020-07-10,80235.0,981.0,3702.0,85.0,23274.0,53259.0,41.0,784.0,36.0,135000.0,1319.0,Egypt,Africa,23.0,102368642.0,521.0,1276.0,27652.0,758.0
70,2020-07-11,81158.0,923.0,3769.0,67.0,23876.0,53513.0,41.0,793.0,37.0,135000.0,1319.0,Egypt,Africa,23.0,102373924.0,602.0,1261.0,27162.0,758.0
71,2020-07-12,82070.0,912.0,3858.0,89.0,24419.0,53793.0,41.0,802.0,38.0,135000.0,1319.0,Egypt,Africa,23.0,102384487.0,543.0,1248.0,26538.0,758.0
72,2020-07-13,83001.0,931.0,3935.0,77.0,24975.0,54091.0,41.0,811.0,38.0,135000.0,1319.0,Egypt,Africa,23.0,102384487.0,556.0,1234.0,26019.0,758.0
73,2020-07-14,83930.0,929.0,4008.0,73.0,25544.0,54378.0,41.0,820.0,39.0,135000.0,1318.0,Egypt,Africa,23.0,102389769.0,569.0,1220.0,25546.0,758.0
74,2020-07-15,84843.0,913.0,4067.0,59.0,26135.0,54641.0,41.0,829.0,40.0,135000.0,1318.0,Egypt,Africa,23.0,102395050.0,591.0,1207.0,25177.0,758.0
75,2020-07-16,85771.0,928.0,4120.0,53.0,26691.0,54960.0,41.0,838.0,40.0,135000.0,1318.0,Egypt,Africa,24.0,102400332.0,556.0,1194.0,24854.0,759.0
76,2020-07-17,86474.0,703.0,4188.0,68.0,27302.0,54984.0,41.0,844.0,41.0,135000.0,1318.0,Egypt,Africa,24.0,102405613.0,611.0,1184.0,24452.0,759.0
77,2020-07-18,87172.0,698.0,4251.0,63.0,27868.0,55053.0,41.0,851.0,42.0,135000.0,1318.0,Egypt,Africa,24.0,102410895.0,566.0,1175.0,24091.0,759.0
78,2020-07-19,87775.0,603.0,4302.0,51.0,28380.0,55093.0,41.0,857.0,42.0,135000.0,1318.0,Egypt,Africa,24.0,102416176.0,512.0,1167.0,23807.0,759.0
