,Date,Tot cases,New cases,Tot Deaths,New Deaths,Total Recovered,Active Cases,Serious,Tot C par million,Deaths par million,Total Test,Tot T par million,Country,Continent,index,population,New Recov,col1,col2,col3
0,2020-05-02,18770.0,678.0,432.0,15.0,4753.0,13585.0,111.0,85.0,2.0,193859.0,878.0,Pakistan,Asia,,,0.0,,,
1,2020-05-03,20084.0,1062.0,457.0,20.0,5114.0,14513.0,111.0,91.0,2.0,203025.0,919.0,Pakistan,Asia,,,0.0,,,
2,2020-05-04,20941.0,857.0,476.0,19.0,5635.0,14830.0,111.0,95.0,2.0,212511.0,962.0,Pakistan,Asia,,,0.0,,,
3,2020-05-05,22049.0,-1.0,514.0,-1.0,5801.0,15734.0,111.0,100.0,2.0,222404.0,1007.0,Pakistan,Asia,,,0.0,,,
4,2020-05-06,22550.0,501.0,526.0,12.0,6217.0,15807.0,111.0,102.0,2.0,232582.0,1053.0,Pakistan,Asia,,,0.0,,,
5,2020-05-07,24644.0,1430.0,585.0,41.0,6464.0,17595.0,111.0,112.0,3.0,244778.0,1108.0,Pakistan,Asia,,,0.0,,,
6,2020-05-08,26435.0,-1.0,599.0,-1.0,7530.0,18306.0,111.0,120.0,3.0,257247.0,1165.0,Pakistan,Asia,,,0.0,,,
7,2020-05-09,28736.0,-1.0,636.0,-1.0,7809.0,20291.0,111.0,130.0,3.0,270025.0,1222.0,Pakistan,Asia,,,0.0,,,
8,2020-05-10,30334.0,1598.0,659.0,23.0,8063.0,21612.0,111.0,137.0,3.0,283517.0,1284.0,Pakistan,Asia,,,0.0,,,
9,2020-05-11,30941.0,607.0,667.0,8.0,8212.0,22062.0,111.0,140.0,3.0,294894.0,1335.0,Pakistan,Asia,,,0.0,,,
10,2020-05-12,32674.0,1733.0,724.0,57.0,8555.0,23395.0,111.0,148.0,3.0,305851.0,1385.0,Pakistan,Asia,,,0.0,,,
11,2020-05-13,34336.0,1662.0,737.0,13.0,8812.0,24787.0,111.0,155.0,3.0,317699.0,1438.0,Pakistan,Asia,,,0.0,,,
12,2020-05-14,35788.0,490.0,770.0,9.0,9695.0,25323.0,111.0,162.0,3.0,330750.0,1497.0,Pakistan,Asia,,,0.0,,,
13,2020-05-15,37218.0,1430.0,803.0,33.0,10155.0,26260.0,111.0,169.0,4.0,344450.0,1563.0,Pakistan,Asia,19.0,220309834.0,0.0,,,
14,2020-05-16,38799.0,1581.0,834.0,31.0,10880.0,27085.0,111.0,176.0,4.0,359264.0,1631.0,Pakistan,Asia,19.0,220321573.0,0.0,,,
15,2020-05-17,40151.0,1352.0,873.0,39.0,11341.0,27937.0,111.0,182.0,4.0,373410.0,1695.0,Pakistan,Asia,19.0,220333311.0,0.0,,,
16,2020-05-18,42125.0,1974.0,903.0,30.0,11922.0,29300.0,111.0,191.0,4.0,387335.0,1758.0,Pakistan,Asia,19.0,220345049.0,0.0,,,
17,2020-05-19,43966.0,1841.0,939.0,36.0,12489.0,30538.0,111.0,200.0,4.0,400292.0,1817.0,Pakistan,Asia,19.0,220356788.0,0.0,,,
18,2020-05-20,45898.0,1932.0,985.0,46.0,13101.0,31812.0,111.0,208.0,4.0,414254.0,1880.0,Pakistan,Asia,18.0,220368526.0,0.0,,,
19,2020-05-21,48091.0,2193.0,1017.0,32.0,14155.0,32919.0,111.0,218.0,5.0,429600.0,1949.0,Pakistan,Asia,18.0,220380264.0,0.0,,,
20,2020-05-22,50694.0,2603.0,1067.0,50.0,15201.0,34426.0,111.0,230.0,5.0,445987.0,2024.0,Pakistan,Asia,18.0,220392002.0,0.0,,,
21,2020-05-23,52437.0,1743.0,1101.0,34.0,16653.0,34683.0,111.0,238.0,5.0,460692.0,2090.0,Pakistan,Asia,18.0,220403741.0,0.0,,,
22,2020-05-24,54601.0,2164.0,1133.0,32.0,17198.0,36270.0,111.0,248.0,5.0,473607.0,2149.0,Pakistan,Asia,18.0,220415479.0,0.0,,,
23,2020-05-25,56349.0,1748.0,1167.0,34.0,17482.0,37700.0,111.0,256.0,5.0,483656.0,2194.0,Pakistan,Asia,18.0,220427217.0,0.0,,,
24,2020-05-26,57705.0,1356.0,1197.0,30.0,18314.0,38194.0,111.0,262.0,5.0,490908.0,2227.0,Pakistan,Asia,17.0,220438956.0,0.0,,,
25,2020-05-27,59151.0,-1.0,1225.0,-1.0,19142.0,38784.0,111.0,268.0,6.0,499399.0,2265.0,Pakistan,Asia,17.0,220462432.0,0.0,,,
26,2020-05-28,61227.0,2076.0,1260.0,35.0,20231.0,39736.0,111.0,278.0,6.0,508086.0,2305.0,Pakistan,Asia,17.0,220462432.0,0.0,,,
27,2020-05-29,64028.0,2801.0,1317.0,57.0,22305.0,40406.0,111.0,290.0,6.0,520017.0,2359.0,Pakistan,Asia,17.0,220474171.0,0.0,,,
28,2020-05-30,66457.0,2429.0,1395.0,78.0,24131.0,40931.0,111.0,301.0,6.0,532037.0,2413.0,Pakistan,Asia,17.0,220485909.0,0.0,,,
29,2020-05-31,69496.0,3039.0,1483.0,88.0,25271.0,42742.0,111.0,315.0,7.0,547030.0,2481.0,Pakistan,Asia,17.0,220497647.0,0.0,,,
30,2020-06-01,72460.0,2964.0,1543.0,60.0,26083.0,44834.0,111.0,329.0,7.0,561136.0,2545.0,Pakistan,Asia,17.0,220509385.0,0.0,,,
31,2020-06-02,76398.0,3938.0,1621.0,78.0,27110.0,47667.0,111.0,346.0,7.0,577974.0,2621.0,Pakistan,Asia,17.0,220521124.0,1027.0,2886.0,136040.0,382.0
32,2020-06-03,80463.0,4065.0,1688.0,67.0,28923.0,49852.0,111.0,365.0,8.0,595344.0,2700.0,Pakistan,Asia,17.0,220532862.0,1813.0,2741.0,130647.0,370.0
33,2020-06-04,85264.0,4801.0,1770.0,82.0,30128.0,53366.0,111.0,387.0,8.0,615511.0,2791.0,Pakistan,Asia,17.0,220544600.0,1205.0,2587.0,124601.0,358.0
34,2020-06-05,89249.0,3985.0,1838.0,68.0,31198.0,56213.0,111.0,405.0,8.0,638323.0,2894.0,Pakistan,Asia,17.0,220556339.0,1070.0,2471.0,119998.0,346.0
35,2020-06-06,93983.0,4734.0,1935.0,97.0,32581.0,59467.0,111.0,426.0,9.0,660508.0,2995.0,Pakistan,Asia,17.0,220568077.0,1383.0,2347.0,113989.0,334.0
36,2020-06-07,98943.0,4960.0,2002.0,67.0,33465.0,63476.0,111.0,449.0,9.0,683608.0,3099.0,Pakistan,Asia,16.0,220579815.0,884.0,2229.0,110180.0,323.0
37,2020-06-08,103671.0,4728.0,2067.0,65.0,34355.0,67249.0,111.0,470.0,9.0,705833.0,3200.0,Pakistan,Asia,16.0,220591553.0,890.0,2128.0,106721.0,313.0
38,2020-06-09,108317.0,4646.0,2172.0,105.0,35018.0,71127.0,111.0,491.0,10.0,730453.0,3311.0,Pakistan,Asia,16.0,220603292.0,663.0,2037.0,101567.0,302.0
39,2020-06-10,113702.0,5385.0,2255.0,83.0,36308.0,75139.0,111.0,515.0,10.0,754252.0,3419.0,Pakistan,Asia,15.0,220615030.0,1290.0,1940.0,97834.0,292.0
40,2020-06-11,119536.0,5834.0,2356.0,101.0,38391.0,78789.0,111.0,542.0,11.0,780825.0,3539.0,Pakistan,Asia,15.0,220626768.0,2083.0,1846.0,93645.0,283.0
41,2020-06-12,125933.0,6397.0,2463.0,107.0,40247.0,83223.0,111.0,571.0,11.0,809169.0,3667.0,Pakistan,Asia,15.0,220638507.0,1856.0,1752.0,89581.0,273.0
42,2020-06-13,132405.0,6472.0,2551.0,88.0,50056.0,79798.0,111.0,600.0,12.0,839019.0,3802.0,Pakistan,Asia,15.0,220650245.0,9809.0,1666.0,86496.0,263.0
43,2020-06-14,139230.0,6825.0,2632.0,81.0,51735.0,84863.0,111.0,631.0,12.0,868565.0,3936.0,Pakistan,Asia,15.0,220661983.0,1679.0,1585.0,83838.0,254.0
44,2020-06-15,144478.0,5248.0,2729.0,97.0,53721.0,88028.0,111.0,655.0,12.0,897650.0,4068.0,Pakistan,Asia,15.0,220673722.0,1986.0,1527.0,80862.0,246.0
45,2020-06-16,148921.0,4443.0,2839.0,110.0,56390.0,89692.0,111.0,675.0,13.0,922665.0,4181.0,Pakistan,Asia,15.0,220685460.0,2669.0,1482.0,77734.0,239.0
46,2020-06-17,154760.0,5839.0,2975.0,136.0,58437.0,93348.0,111.0,701.0,13.0,950782.0,4308.0,Pakistan,Asia,15.0,220697198.0,2047.0,1426.0,74184.0,232.0
47,2020-06-18,160118.0,5358.0,3093.0,118.0,59215.0,97810.0,111.0,725.0,14.0,982012.0,4449.0,Pakistan,Asia,13.0,220708936.0,778.0,1378.0,71358.0,225.0
48,2020-06-19,165062.0,4944.0,3229.0,136.0,61383.0,100450.0,111.0,748.0,15.0,1011106.0,4581.0,Pakistan,Asia,14.0,220720675.0,2168.0,1337.0,68356.0,218.0
49,2020-06-20,171666.0,6604.0,3382.0,153.0,63504.0,104780.0,111.0,778.0,15.0,1042787.0,4724.0,Pakistan,Asia,13.0,220744151.0,2121.0,1286.0,65270.0,212.0
50,2020-06-21,176617.0,4951.0,3501.0,119.0,67892.0,105224.0,111.0,800.0,16.0,1071642.0,4855.0,Pakistan,Asia,13.0,220744151.0,4388.0,1250.0,63052.0,206.0
51,2020-06-22,181088.0,4471.0,3590.0,89.0,71458.0,106040.0,3219.0,820.0,16.0,1102162.0,4993.0,Pakistan,Asia,13.0,220755890.0,3566.0,1219.0,61492.0,200.0
52,2020-06-23,185034.0,3946.0,3695.0,105.0,73471.0,107868.0,3236.0,838.0,17.0,1126761.0,5104.0,Pakistan,Asia,14.0,220767628.0,2013.0,1193.0,59748.0,196.0
53,2020-06-24,188926.0,3892.0,3755.0,60.0,77754.0,107417.0,3337.0,856.0,17.0,1150141.0,5209.0,Pakistan,Asia,14.0,220779366.0,4283.0,1169.0,58796.0,192.0
54,2020-06-25,192970.0,4044.0,3903.0,148.0,81307.0,107760.0,3003.0,874.0,18.0,1171976.0,5308.0,Pakistan,Asia,14.0,220791105.0,3553.0,1144.0,56570.0,188.0
55,2020-06-26,195745.0,2775.0,3962.0,59.0,84168.0,107615.0,2765.0,887.0,18.0,1193017.0,5403.0,Pakistan,Asia,12.0,220802843.0,2861.0,1128.0,55730.0,185.0
56,2020-06-27,198883.0,3138.0,4035.0,73.0,86906.0,107942.0,2729.0,901.0,18.0,1214140.0,5498.0,Pakistan,Asia,12.0,220814581.0,2738.0,1110.0,54725.0,182.0
57,2020-06-28,202955.0,4072.0,4118.0,83.0,92624.0,106213.0,2805.0,919.0,19.0,1239153.0,5611.0,Pakistan,Asia,12.0,220826319.0,5718.0,1088.0,53625.0,178.0
58,2020-06-29,206512.0,3557.0,4167.0,49.0,95407.0,106938.0,2437.0,935.0,19.0,1262162.0,5715.0,Pakistan,Asia,12.0,220838058.0,2783.0,1069.0,52997.0,175.0
59,2020-06-30,209337.0,2825.0,4304.0,137.0,98503.0,106530.0,2689.0,948.0,19.0,1283092.0,5810.0,Pakistan,Asia,12.0,220849796.0,3096.0,1055.0,51313.0,172.0
60,2020-07-01,213470.0,4133.0,4395.0,91.0,100802.0,108273.0,2741.0,967.0,20.0,1305510.0,5911.0,Pakistan,Asia,12.0,220861534.0,2299.0,1035.0,50253.0,169.0
61,2020-07-02,217809.0,4339.0,4473.0,78.0,104694.0,108642.0,2723.0,986.0,20.0,1327638.0,6011.0,Pakistan,Asia,12.0,220873273.0,3892.0,1014.0,49379.0,166.0
62,2020-07-03,221896.0,4087.0,4551.0,78.0,113623.0,103722.0,2479.0,1005.0,21.0,1350773.0,6115.0,Pakistan,Asia,12.0,220885011.0,8929.0,995.0,48535.0,164.0
63,2020-07-04,225283.0,3387.0,4619.0,68.0,125094.0,95570.0,2460.0,1020.0,21.0,1372825.0,6215.0,Pakistan,Asia,12.0,220896749.0,11471.0,981.0,47824.0,161.0
64,2020-07-05,228474.0,3191.0,4712.0,93.0,129830.0,93932.0,2419.0,1034.0,21.0,1398352.0,6330.0,Pakistan,Asia,12.0,220908487.0,4736.0,967.0,46882.0,158.0
65,2020-07-06,231818.0,3344.0,4762.0,50.0,131649.0,95407.0,2406.0,1049.0,22.0,1420623.0,6430.0,Pakistan,Asia,12.0,220920226.0,1819.0,953.0,46392.0,156.0
66,2020-07-07,234509.0,2691.0,4839.0,77.0,134957.0,94713.0,2306.0,1061.0,22.0,1445153.0,6541.0,Pakistan,Asia,12.0,220931964.0,3308.0,942.0,45657.0,153.0
67,2020-07-08,237489.0,2980.0,4922.0,83.0,140965.0,91602.0,2236.0,1075.0,22.0,1467104.0,6640.0,Pakistan,Asia,12.0,220943702.0,6008.0,930.0,44889.0,151.0
68,2020-07-09,240848.0,3359.0,4983.0,61.0,145311.0,90554.0,2193.0,1090.0,23.0,1491437.0,6750.0,Pakistan,Asia,12.0,220955441.0,4346.0,917.0,44342.0,148.0
69,2020-07-10,243599.0,2751.0,5058.0,75.0,149092.0,89449.0,2375.0,1102.0,23.0,1514858.0,6856.0,Pakistan,Asia,12.0,220967179.0,3781.0,907.0,43687.0,146.0
70,2020-07-11,246351.0,2752.0,5123.0,65.0,153134.0,88094.0,2156.0,1115.0,23.0,1538427.0,6962.0,Pakistan,Asia,12.0,220978917.0,4042.0,897.0,43135.0,144.0
71,2020-07-12,248872.0,2521.0,5197.0,74.0,156700.0,86975.0,2118.0,1126.0,24.0,1562638.0,7071.0,Pakistan,Asia,12.0,221002394.0,3566.0,888.0,42525.0,141.0
72,2020-07-13,251625.0,2753.0,5266.0,69.0,161917.0,84442.0,1837.0,1139.0,24.0,1585170.0,7173.0,Pakistan,Asia,12.0,221002394.0,5217.0,878.0,41968.0,139.0
73,2020-07-14,253604.0,1979.0,5320.0,54.0,170656.0,77628.0,2151.0,1147.0,24.0,1606190.0,7267.0,Pakistan,Asia,12.0,221014132.0,8739.0,871.0,41544.0,138.0
74,2020-07-15,255769.0,2165.0,5386.0,66.0,172810.0,77573.0,2078.0,1157.0,24.0,1627939.0,7365.0,Pakistan,Asia,12.0,221025870.0,2154.0,864.0,41037.0,136.0
75,2020-07-16,257914.0,2145.0,5426.0,40.0,178737.0,73751.0,1942.0,1167.0,25.0,1652183.0,7475.0,Pakistan,Asia,12.0,221037609.0,5927.0,857.0,40737.0,134.0
76,2020-07-17,259999.0,2085.0,5475.0,49.0,183737.0,70787.0,1895.0,1176.0,25.0,1676090.0,7582.0,Pakistan,Asia,12.0,221049347.0,5000.0,850.0,40374.0,132.0
77,2020-07-18,261916.0,1917.0,5522.0,47.0,198509.0,57885.0,1604.0,1185.0,25.0,1699101.0,7686.0,Pakistan,Asia,12.0,221061085.0,14772.0,844.0,40033.0,130.0
78,2020-07-19,263496.0,1580.0,5568.0,46.0,204276.0,53652.0,1763.0,1192.0,25.0,1721660.0,7788.0,Pakistan,Asia,12.0,221072824.0,5767.0,839.0,39704.0,128.0
