,Date,Tot cases,New cases,Tot Deaths,New Deaths,Total Recovered,Active Cases,Serious,Tot C par million,Deaths par million,Total Test,Tot T par million,Country,Continent,index,population,New Recov,col1,col2,col3
0,2020-05-02,2620.0,8.0,143.0,3.0,1374.0,1103.0,37.0,251.0,14.0,78207.0,7503.0,Greece,Europe,,,0.0,,,
1,2020-05-03,2626.0,6.0,144.0,1.0,1374.0,1108.0,37.0,252.0,14.0,79332.0,7611.0,Greece,Europe,,,0.0,,,
2,2020-05-04,2632.0,6.0,146.0,2.0,1374.0,1112.0,35.0,253.0,14.0,80951.0,7767.0,Greece,Europe,,,0.0,,,
3,2020-05-05,2642.0,-1.0,146.0,-1.0,1374.0,1122.0,35.0,253.0,14.0,83750.0,8035.0,Greece,Europe,,,0.0,,,
4,2020-05-06,2663.0,21.0,147.0,1.0,1374.0,1142.0,36.0,255.0,14.0,87052.0,8352.0,Greece,Europe,,,0.0,,,
5,2020-05-07,2678.0,15.0,148.0,1.0,1374.0,1156.0,33.0,257.0,14.0,90043.0,8639.0,Greece,Europe,,,0.0,,,
6,2020-05-08,2691.0,-1.0,150.0,-1.0,1374.0,1167.0,32.0,258.0,14.0,94991.0,9114.0,Greece,Europe,,,0.0,,,
7,2020-05-09,2710.0,-1.0,151.0,-1.0,1374.0,1185.0,28.0,260.0,14.0,97384.0,9343.0,Greece,Europe,,,0.0,,,
8,2020-05-10,2716.0,6.0,151.0,-1.0,1374.0,1191.0,30.0,261.0,14.0,98897.0,9488.0,Greece,Europe,,,0.0,,,
9,2020-05-11,2726.0,10.0,151.0,-1.0,1374.0,1201.0,32.0,262.0,14.0,99363.0,9533.0,Greece,Europe,,,0.0,,,
10,2020-05-12,2744.0,18.0,152.0,1.0,1374.0,1218.0,32.0,263.0,15.0,106054.0,10175.0,Greece,Europe,,,0.0,,,
11,2020-05-13,2760.0,16.0,155.0,3.0,1374.0,1231.0,28.0,265.0,15.0,112042.0,10749.0,Greece,Europe,,,0.0,,,
12,2020-05-14,2770.0,10.0,156.0,1.0,1374.0,1240.0,24.0,266.0,15.0,116233.0,11152.0,Greece,Europe,,,0.0,,,
13,2020-05-15,2810.0,40.0,160.0,4.0,1374.0,1276.0,23.0,269.0,15.0,120015.0,11507.0,Greece,Europe,70.0,10429300.0,0.0,,,
14,2020-05-16,2819.0,9.0,162.0,2.0,1374.0,1283.0,23.0,270.0,16.0,126283.0,12109.0,Greece,Europe,70.0,10429161.0,0.0,,,
15,2020-05-17,2834.0,15.0,163.0,1.0,1374.0,1297.0,22.0,272.0,16.0,128525.0,12324.0,Greece,Europe,70.0,10429023.0,0.0,,,
16,2020-05-18,2836.0,2.0,165.0,2.0,1374.0,1297.0,24.0,272.0,16.0,131684.0,12627.0,Greece,Europe,70.0,10428885.0,0.0,,,
17,2020-05-19,2840.0,4.0,165.0,-1.0,1374.0,1301.0,22.0,272.0,16.0,136001.0,13041.0,Greece,Europe,70.0,10428746.0,0.0,,,
18,2020-05-20,2850.0,10.0,166.0,1.0,1374.0,1310.0,22.0,273.0,16.0,139445.0,13371.0,Greece,Europe,73.0,10428608.0,0.0,,,
19,2020-05-21,2853.0,3.0,168.0,2.0,1374.0,1311.0,21.0,274.0,16.0,144078.0,13816.0,Greece,Europe,74.0,10428469.0,0.0,,,
20,2020-05-22,2874.0,21.0,169.0,1.0,1374.0,1331.0,19.0,276.0,16.0,147958.0,14188.0,Greece,Europe,75.0,10428331.0,0.0,,,
21,2020-05-23,2876.0,2.0,171.0,2.0,1374.0,1331.0,20.0,276.0,16.0,152998.0,14672.0,Greece,Europe,75.0,10428193.0,0.0,,,
22,2020-05-24,2878.0,2.0,171.0,-1.0,1374.0,1333.0,19.0,276.0,16.0,153963.0,14764.0,Greece,Europe,77.0,10428054.0,0.0,,,
23,2020-05-25,2882.0,4.0,172.0,1.0,1374.0,1336.0,18.0,276.0,16.0,155037.0,14867.0,Greece,Europe,77.0,10427916.0,0.0,,,
24,2020-05-26,2892.0,10.0,173.0,1.0,1374.0,1345.0,18.0,277.0,17.0,160991.0,15439.0,Greece,Europe,77.0,10427777.0,0.0,,,
25,2020-05-27,2903.0,-1.0,173.0,-1.0,1374.0,1356.0,17.0,278.0,17.0,166245.0,15943.0,Greece,Europe,77.0,10427500.0,0.0,,,
26,2020-05-28,2906.0,3.0,175.0,2.0,1374.0,1357.0,16.0,279.0,17.0,170467.0,16348.0,Greece,Europe,78.0,10427500.0,0.0,,,
27,2020-05-29,2909.0,3.0,175.0,-1.0,1374.0,1360.0,16.0,279.0,17.0,174844.0,16768.0,Greece,Europe,78.0,10427362.0,0.0,,,
28,2020-05-30,2915.0,6.0,175.0,-1.0,1374.0,1366.0,14.0,280.0,17.0,178316.0,17101.0,Greece,Europe,79.0,10427224.0,0.0,,,
29,2020-05-31,2917.0,2.0,175.0,-1.0,1374.0,1368.0,13.0,280.0,17.0,180518.0,17312.0,Greece,Europe,79.0,10427085.0,0.0,,,
30,2020-06-01,2918.0,1.0,179.0,4.0,1374.0,1365.0,12.0,280.0,17.0,182423.0,17495.0,Greece,Europe,79.0,10426947.0,0.0,,,
31,2020-06-02,2937.0,19.0,179.0,-1.0,1374.0,1384.0,11.0,282.0,17.0,185590.0,17799.0,Greece,Europe,80.0,10426808.0,-1.0,3550.0,58250.0,56.0
32,2020-06-03,2937.0,-1.0,179.0,-1.0,1374.0,1384.0,11.0,282.0,17.0,185590.0,17800.0,Greece,Europe,80.0,10426670.0,-1.0,3550.0,58250.0,56.0
33,2020-06-04,2952.0,15.0,180.0,1.0,1374.0,1398.0,9.0,283.0,17.0,193929.0,18600.0,Greece,Europe,80.0,10426532.0,-1.0,3532.0,57925.0,54.0
34,2020-06-05,2967.0,15.0,180.0,-1.0,1374.0,1413.0,9.0,285.0,17.0,193929.0,18600.0,Greece,Europe,80.0,10426393.0,-1.0,3514.0,57924.0,54.0
35,2020-06-06,2980.0,13.0,180.0,-1.0,1374.0,1426.0,9.0,286.0,17.0,193929.0,18600.0,Greece,Europe,82.0,10426255.0,-1.0,3499.0,57924.0,54.0
36,2020-06-07,2997.0,17.0,180.0,-1.0,1374.0,1443.0,9.0,287.0,17.0,193929.0,18600.0,Greece,Europe,85.0,10426116.0,-1.0,3479.0,57923.0,54.0
37,2020-06-08,3049.0,52.0,182.0,2.0,1374.0,1493.0,10.0,292.0,17.0,229519.0,22014.0,Greece,Europe,85.0,10425978.0,-1.0,3419.0,57286.0,45.0
38,2020-06-09,3058.0,9.0,183.0,1.0,1374.0,1501.0,10.0,293.0,18.0,231759.0,22229.0,Greece,Europe,85.0,10425839.0,-1.0,3409.0,56972.0,45.0
39,2020-06-10,3068.0,10.0,183.0,-1.0,1374.0,1511.0,12.0,294.0,18.0,240924.0,23109.0,Greece,Europe,86.0,10425701.0,-1.0,3398.0,56971.0,43.0
40,2020-06-11,3088.0,20.0,183.0,-1.0,1374.0,1531.0,14.0,296.0,18.0,240924.0,23109.0,Greece,Europe,86.0,10425563.0,-1.0,3376.0,56970.0,43.0
41,2020-06-12,3108.0,20.0,183.0,-1.0,1374.0,1551.0,14.0,298.0,18.0,243867.0,23392.0,Greece,Europe,86.0,10425424.0,-1.0,3354.0,56970.0,43.0
42,2020-06-13,3112.0,4.0,183.0,-1.0,1374.0,1555.0,13.0,299.0,18.0,247452.0,23736.0,Greece,Europe,88.0,10425286.0,-1.0,3350.0,56969.0,42.0
43,2020-06-14,3121.0,9.0,183.0,-1.0,1374.0,1564.0,13.0,299.0,18.0,250923.0,24069.0,Greece,Europe,88.0,10425147.0,-1.0,3340.0,56968.0,42.0
44,2020-06-15,3134.0,13.0,184.0,1.0,1374.0,1576.0,13.0,301.0,18.0,254854.0,24446.0,Greece,Europe,88.0,10425009.0,-1.0,3326.0,56658.0,41.0
45,2020-06-16,3148.0,14.0,185.0,1.0,1374.0,1589.0,12.0,302.0,18.0,259736.0,24915.0,Greece,Europe,87.0,10424871.0,-1.0,3312.0,56351.0,40.0
46,2020-06-17,3203.0,55.0,187.0,2.0,1374.0,1642.0,11.0,307.0,18.0,264930.0,25414.0,Greece,Europe,87.0,10424732.0,-1.0,3255.0,55747.0,39.0
47,2020-06-18,3227.0,24.0,188.0,1.0,1374.0,1665.0,10.0,310.0,18.0,270338.0,25933.0,Greece,Europe,88.0,10424594.0,-1.0,3230.0,55450.0,39.0
48,2020-06-19,3237.0,10.0,189.0,1.0,1374.0,1674.0,10.0,311.0,18.0,274711.0,26353.0,Greece,Europe,89.0,10424455.0,-1.0,3220.0,55156.0,38.0
49,2020-06-20,3256.0,19.0,190.0,1.0,1374.0,1692.0,9.0,312.0,18.0,278895.0,26755.0,Greece,Europe,89.0,10424178.0,-1.0,3202.0,54864.0,37.0
50,2020-06-21,3266.0,10.0,190.0,-1.0,1374.0,1702.0,9.0,313.0,18.0,283146.0,27162.0,Greece,Europe,89.0,10424178.0,-1.0,3192.0,54864.0,37.0
51,2020-06-22,3287.0,21.0,190.0,-1.0,1374.0,1723.0,8.0,315.0,18.0,285989.0,27436.0,Greece,Europe,90.0,10424040.0,-1.0,3171.0,54863.0,36.0
52,2020-06-23,3302.0,15.0,190.0,-1.0,1374.0,1738.0,8.0,317.0,18.0,291187.0,27935.0,Greece,Europe,90.0,10423902.0,-1.0,3157.0,54863.0,36.0
53,2020-06-24,3310.0,8.0,190.0,-1.0,1374.0,1746.0,8.0,318.0,18.0,295639.0,28362.0,Greece,Europe,91.0,10423763.0,-1.0,3149.0,54862.0,35.0
54,2020-06-25,3321.0,11.0,191.0,1.0,1374.0,1756.0,9.0,319.0,18.0,295639.0,28362.0,Greece,Europe,91.0,10423625.0,-1.0,3139.0,54574.0,35.0
55,2020-06-26,3343.0,22.0,191.0,-1.0,1374.0,1778.0,11.0,321.0,18.0,295851.0,28383.0,Greece,Europe,91.0,10423486.0,-1.0,3118.0,54573.0,35.0
56,2020-06-27,3366.0,23.0,191.0,-1.0,1374.0,1801.0,11.0,323.0,18.0,301144.0,28891.0,Greece,Europe,93.0,10423348.0,-1.0,3097.0,54573.0,35.0
57,2020-06-28,3376.0,10.0,191.0,-1.0,1374.0,1811.0,10.0,324.0,18.0,305137.0,29275.0,Greece,Europe,93.0,10423210.0,-1.0,3087.0,54572.0,34.0
58,2020-06-29,3390.0,14.0,191.0,-1.0,1374.0,1825.0,10.0,325.0,18.0,308392.0,29587.0,Greece,Europe,93.0,10423071.0,-1.0,3075.0,54571.0,34.0
59,2020-06-30,3409.0,19.0,192.0,1.0,1374.0,1843.0,9.0,327.0,18.0,312775.0,30008.0,Greece,Europe,94.0,10422933.0,-1.0,3057.0,54286.0,33.0
60,2020-07-01,3432.0,23.0,192.0,-1.0,1374.0,1866.0,9.0,329.0,18.0,315982.0,30316.0,Greece,Europe,94.0,10422794.0,-1.0,3037.0,54285.0,33.0
61,2020-07-02,3458.0,26.0,192.0,-1.0,1374.0,1892.0,8.0,332.0,18.0,320427.0,30743.0,Greece,Europe,94.0,10422656.0,-1.0,3014.0,54285.0,33.0
62,2020-07-03,3486.0,28.0,192.0,-1.0,1374.0,1920.0,8.0,334.0,18.0,325451.0,31226.0,Greece,Europe,94.0,10422517.0,-1.0,2990.0,54284.0,32.0
63,2020-07-04,3511.0,25.0,192.0,-1.0,1374.0,1945.0,11.0,337.0,18.0,331703.0,31826.0,Greece,Europe,95.0,10422379.0,-1.0,2968.0,54283.0,31.0
64,2020-07-05,3519.0,8.0,192.0,-1.0,1374.0,1953.0,11.0,338.0,18.0,337154.0,32349.0,Greece,Europe,95.0,10422241.0,-1.0,2962.0,54283.0,31.0
65,2020-07-06,3562.0,43.0,192.0,-1.0,1374.0,1996.0,11.0,342.0,18.0,340328.0,32654.0,Greece,Europe,95.0,10422102.0,-1.0,2926.0,54282.0,31.0
66,2020-07-07,3589.0,27.0,193.0,1.0,1374.0,2022.0,10.0,344.0,19.0,349084.0,33495.0,Greece,Europe,95.0,10421964.0,-1.0,2904.0,54000.0,30.0
67,2020-07-08,3622.0,33.0,193.0,-1.0,1374.0,2055.0,9.0,348.0,19.0,355190.0,34081.0,Greece,Europe,95.0,10421825.0,-1.0,2877.0,53999.0,29.0
68,2020-07-09,3672.0,50.0,193.0,-1.0,1374.0,2105.0,9.0,352.0,19.0,358725.0,34421.0,Greece,Europe,96.0,10421687.0,-1.0,2838.0,53998.0,29.0
69,2020-07-10,3732.0,60.0,193.0,-1.0,1374.0,2165.0,9.0,358.0,19.0,363412.0,34871.0,Greece,Europe,96.0,10421548.0,-1.0,2792.0,53998.0,29.0
70,2020-07-11,3772.0,40.0,193.0,-1.0,1374.0,2205.0,9.0,362.0,19.0,371167.0,35616.0,Greece,Europe,96.0,10421410.0,-1.0,2763.0,53997.0,28.0
71,2020-07-12,3803.0,31.0,193.0,-1.0,1374.0,2236.0,10.0,365.0,19.0,373932.0,35882.0,Greece,Europe,96.0,10421133.0,-1.0,2740.0,53996.0,28.0
72,2020-07-13,3826.0,23.0,193.0,-1.0,1374.0,2259.0,12.0,367.0,19.0,382452.0,36700.0,Greece,Europe,96.0,10421133.0,-1.0,2724.0,53996.0,27.0
73,2020-07-14,3883.0,57.0,193.0,-1.0,1374.0,2316.0,13.0,373.0,19.0,386307.0,37070.0,Greece,Europe,96.0,10420995.0,-1.0,2684.0,53995.0,27.0
74,2020-07-15,3910.0,27.0,193.0,-1.0,1374.0,2343.0,13.0,375.0,19.0,391773.0,37595.0,Greece,Europe,97.0,10420856.0,-1.0,2665.0,53994.0,27.0
75,2020-07-16,3939.0,29.0,193.0,-1.0,1374.0,2372.0,14.0,378.0,19.0,398347.0,38226.0,Greece,Europe,97.0,10420718.0,-1.0,2646.0,53993.0,26.0
76,2020-07-17,3964.0,25.0,194.0,1.0,1374.0,2396.0,10.0,380.0,19.0,402672.0,38642.0,Greece,Europe,97.0,10420580.0,-1.0,2629.0,53714.0,26.0
77,2020-07-18,3983.0,19.0,194.0,-1.0,1374.0,2415.0,12.0,382.0,19.0,406040.0,38966.0,Greece,Europe,98.0,10420441.0,-1.0,2616.0,53714.0,26.0
78,2020-07-19,4007.0,24.0,194.0,-1.0,1374.0,2439.0,13.0,385.0,19.0,410766.0,39420.0,Greece,Europe,98.0,10420303.0,-1.0,2601.0,53713.0,25.0
