,Date,Tot cases,New cases,Tot Deaths,New Deaths,Total Recovered,Active Cases,Serious,Tot C par million,Deaths par million,Total Test,Tot T par million,Country,Continent,index,population,New Recov,col1,col2,col3
0,2020-05-02,13599.0,561.0,119.0,8.0,2664.0,10816.0,1.0,1375.0,12.0,1200000.0,121330.0,UAE,Asia,,,0.0,,,
1,2020-05-03,14163.0,564.0,126.0,7.0,2763.0,11274.0,1.0,1432.0,13.0,1200000.0,121330.0,UAE,Asia,,,0.0,,,
2,2020-05-04,14730.0,567.0,137.0,11.0,2966.0,11627.0,1.0,1489.0,14.0,1200000.0,121330.0,UAE,Asia,,,0.0,,,
3,2020-05-05,15192.0,-1.0,146.0,-1.0,3153.0,11893.0,1.0,1536.0,15.0,1200000.0,121330.0,UAE,Asia,,,0.0,,,
4,2020-05-06,15192.0,-1.0,146.0,-1.0,3153.0,11893.0,1.0,1536.0,15.0,1200000.0,121330.0,UAE,Asia,,,0.0,,,
5,2020-05-07,16240.0,502.0,165.0,8.0,3572.0,12503.0,1.0,1642.0,17.0,1200000.0,121330.0,UAE,Asia,,,0.0,,,
6,2020-05-08,16793.0,-1.0,174.0,-1.0,3837.0,12782.0,1.0,1698.0,18.0,1200000.0,121330.0,UAE,Asia,,,0.0,,,
7,2020-05-09,17417.0,-1.0,185.0,-1.0,4295.0,12937.0,1.0,1761.0,19.0,1200000.0,121330.0,UAE,Asia,,,0.0,,,
8,2020-05-10,18198.0,781.0,198.0,13.0,4804.0,13196.0,1.0,1840.0,20.0,1200000.0,121330.0,UAE,Asia,,,0.0,,,
9,2020-05-11,18878.0,680.0,201.0,3.0,5381.0,13296.0,1.0,1909.0,20.0,1200000.0,121330.0,UAE,Asia,,,0.0,,,
10,2020-05-12,19661.0,783.0,203.0,2.0,6012.0,13446.0,1.0,1988.0,21.0,1500000.0,151662.0,UAE,Asia,,,0.0,,,
11,2020-05-13,20386.0,725.0,206.0,3.0,6523.0,13657.0,1.0,2061.0,21.0,1500000.0,151662.0,UAE,Asia,,,0.0,,,
12,2020-05-14,21084.0,698.0,208.0,2.0,6930.0,13946.0,1.0,2132.0,21.0,1560923.0,157822.0,UAE,Asia,,,0.0,,,
13,2020-05-15,21831.0,747.0,210.0,2.0,7328.0,14293.0,1.0,2211.0,21.0,1560923.0,158074.0,UAE,Asia,28.0,9874659.0,0.0,,,
14,2020-05-16,22627.0,796.0,214.0,4.0,7931.0,14482.0,1.0,2291.0,22.0,1560923.0,158068.0,UAE,Asia,28.0,9874985.0,0.0,,,
15,2020-05-17,23358.0,731.0,220.0,6.0,8512.0,14626.0,1.0,2365.0,22.0,1600923.0,162114.0,UAE,Asia,28.0,9875312.0,0.0,,,
16,2020-05-18,24190.0,832.0,224.0,4.0,9577.0,14389.0,1.0,2449.0,23.0,1600923.0,162108.0,UAE,Asia,28.0,9875638.0,0.0,,,
17,2020-05-19,25063.0,873.0,227.0,3.0,10791.0,14045.0,1.0,2538.0,23.0,1600923.0,162103.0,UAE,Asia,28.0,9875965.0,0.0,,,
18,2020-05-20,26004.0,941.0,233.0,6.0,11809.0,13962.0,1.0,2633.0,24.0,1600923.0,162098.0,UAE,Asia,28.0,9876291.0,0.0,,,
19,2020-05-21,26898.0,894.0,237.0,4.0,12755.0,13906.0,1.0,2723.0,24.0,1600923.0,162092.0,UAE,Asia,28.0,9876618.0,0.0,,,
20,2020-05-22,27892.0,994.0,241.0,4.0,13798.0,13853.0,1.0,2824.0,24.0,1600923.0,162087.0,UAE,Asia,28.0,9876944.0,0.0,,,
21,2020-05-23,28704.0,812.0,244.0,3.0,14495.0,13965.0,1.0,2906.0,25.0,1600923.0,162082.0,UAE,Asia,28.0,9877270.0,0.0,,,
22,2020-05-24,29485.0,781.0,245.0,1.0,15056.0,14184.0,1.0,2985.0,25.0,1600923.0,162076.0,UAE,Asia,28.0,9877597.0,0.0,,,
23,2020-05-25,30307.0,822.0,248.0,3.0,15657.0,14402.0,1.0,3068.0,25.0,2044493.0,206976.0,UAE,Asia,28.0,9877923.0,0.0,,,
24,2020-05-26,31086.0,779.0,253.0,5.0,15982.0,14851.0,1.0,3147.0,26.0,2072493.0,209804.0,UAE,Asia,26.0,9878250.0,0.0,,,
25,2020-05-27,31969.0,-1.0,255.0,-1.0,16371.0,15343.0,1.0,3236.0,26.0,2072493.0,209790.0,UAE,Asia,26.0,9878903.0,0.0,,,
26,2020-05-28,32532.0,563.0,258.0,3.0,16685.0,15589.0,1.0,3293.0,26.0,2110493.0,213636.0,UAE,Asia,26.0,9878903.0,0.0,,,
27,2020-05-29,33170.0,638.0,260.0,2.0,17097.0,15813.0,1.0,3358.0,26.0,2110493.0,213629.0,UAE,Asia,26.0,9879229.0,0.0,,,
28,2020-05-30,33896.0,726.0,262.0,2.0,17546.0,16088.0,1.0,3431.0,27.0,2110493.0,213622.0,UAE,Asia,26.0,9879555.0,0.0,,,
29,2020-05-31,34557.0,661.0,264.0,2.0,17932.0,16361.0,1.0,3498.0,27.0,2110493.0,213615.0,UAE,Asia,26.0,9879882.0,0.0,,,
30,2020-06-01,35192.0,635.0,266.0,2.0,18338.0,16588.0,1.0,3562.0,27.0,2110493.0,213608.0,UAE,Asia,26.0,9880208.0,0.0,,,
31,2020-06-02,35788.0,596.0,269.0,3.0,18726.0,16793.0,1.0,3622.0,27.0,2145493.0,217143.0,UAE,Asia,27.0,9880535.0,388.0,276.0,36731.0,5.0
32,2020-06-03,36359.0,571.0,270.0,1.0,19153.0,16936.0,1.0,3680.0,27.0,2145493.0,217136.0,UAE,Asia,27.0,9880861.0,427.0,272.0,36596.0,5.0
33,2020-06-04,37018.0,659.0,273.0,3.0,19572.0,17173.0,1.0,3746.0,28.0,2145493.0,217129.0,UAE,Asia,26.0,9881188.0,419.0,267.0,36195.0,5.0
34,2020-06-05,37642.0,624.0,274.0,1.0,20337.0,17031.0,1.0,3809.0,28.0,2145493.0,217122.0,UAE,Asia,26.0,9881514.0,765.0,263.0,36064.0,5.0
35,2020-06-06,38268.0,626.0,275.0,1.0,21061.0,16932.0,1.0,3873.0,28.0,2500000.0,252989.0,UAE,Asia,26.0,9881840.0,724.0,258.0,35934.0,4.0
36,2020-06-07,38808.0,540.0,276.0,1.0,21806.0,16726.0,1.0,3927.0,28.0,2500000.0,252981.0,UAE,Asia,26.0,9882167.0,745.0,255.0,35805.0,4.0
37,2020-06-08,39376.0,568.0,281.0,5.0,22275.0,16820.0,1.0,3984.0,28.0,2500000.0,252973.0,UAE,Asia,26.0,9882493.0,469.0,251.0,35169.0,4.0
38,2020-06-09,39904.0,528.0,283.0,2.0,22740.0,16881.0,1.0,4038.0,29.0,2537000.0,256708.0,UAE,Asia,27.0,9882820.0,465.0,248.0,34922.0,4.0
39,2020-06-10,40507.0,603.0,284.0,1.0,24017.0,16206.0,1.0,4099.0,29.0,2537000.0,256700.0,UAE,Asia,27.0,9883146.0,1277.0,244.0,34800.0,4.0
40,2020-06-11,40986.0,479.0,286.0,2.0,25234.0,15466.0,1.0,4147.0,29.0,2582000.0,261244.0,UAE,Asia,27.0,9883472.0,1217.0,241.0,34558.0,4.0
41,2020-06-12,41499.0,513.0,287.0,1.0,25946.0,15266.0,1.0,4199.0,29.0,2626000.0,265687.0,UAE,Asia,27.0,9883799.0,712.0,238.0,34438.0,4.0
42,2020-06-13,41990.0,491.0,288.0,1.0,26761.0,14941.0,1.0,4248.0,29.0,2626000.0,265679.0,UAE,Asia,28.0,9884125.0,815.0,235.0,34320.0,4.0
43,2020-06-14,42294.0,304.0,289.0,1.0,27462.0,14543.0,1.0,4279.0,29.0,2626000.0,265670.0,UAE,Asia,28.0,9884452.0,701.0,234.0,34202.0,4.0
44,2020-06-15,42636.0,342.0,291.0,2.0,28129.0,14216.0,1.0,4313.0,29.0,2626000.0,265661.0,UAE,Asia,28.0,9884778.0,667.0,232.0,33968.0,4.0
45,2020-06-16,42982.0,346.0,293.0,2.0,28861.0,13828.0,1.0,4348.0,30.0,2626000.0,265652.0,UAE,Asia,28.0,9885105.0,732.0,230.0,33738.0,4.0
46,2020-06-17,43364.0,382.0,295.0,2.0,29537.0,13532.0,1.0,4387.0,30.0,2626000.0,265643.0,UAE,Asia,28.0,9885431.0,676.0,228.0,33510.0,4.0
47,2020-06-18,43752.0,388.0,298.0,3.0,30241.0,13213.0,1.0,4426.0,30.0,3000000.0,303467.0,UAE,Asia,28.0,9885757.0,704.0,226.0,33174.0,3.0
48,2020-06-19,44145.0,393.0,300.0,2.0,30996.0,12849.0,1.0,4465.0,30.0,3038000.0,307301.0,UAE,Asia,28.0,9886084.0,755.0,224.0,32954.0,3.0
49,2020-06-20,44533.0,388.0,301.0,1.0,31754.0,12478.0,1.0,4504.0,30.0,3038000.0,307280.0,UAE,Asia,29.0,9886737.0,758.0,222.0,32846.0,3.0
50,2020-06-21,44925.0,392.0,302.0,1.0,32415.0,12208.0,1.0,4544.0,31.0,3038000.0,307280.0,UAE,Asia,29.0,9886737.0,661.0,220.0,32738.0,3.0
51,2020-06-22,45303.0,378.0,303.0,1.0,33046.0,11954.0,1.0,4582.0,31.0,3038000.0,307270.0,UAE,Asia,29.0,9887063.0,631.0,218.0,32631.0,3.0
52,2020-06-23,45683.0,380.0,305.0,2.0,33703.0,11675.0,1.0,4620.0,31.0,3038000.0,307260.0,UAE,Asia,29.0,9887390.0,657.0,216.0,32418.0,3.0
53,2020-06-24,46133.0,450.0,307.0,2.0,34405.0,11421.0,1.0,4666.0,31.0,3038000.0,307250.0,UAE,Asia,30.0,9887716.0,702.0,214.0,32208.0,3.0
54,2020-06-25,46563.0,430.0,308.0,1.0,35165.0,11090.0,1.0,4709.0,31.0,3087000.0,312195.0,UAE,Asia,30.0,9888042.0,760.0,212.0,32104.0,3.0
55,2020-06-26,46973.0,410.0,310.0,2.0,35469.0,11194.0,1.0,4750.0,31.0,3136000.0,317140.0,UAE,Asia,30.0,9888369.0,304.0,211.0,31898.0,3.0
56,2020-06-27,47360.0,387.0,311.0,1.0,35834.0,11215.0,1.0,4789.0,31.0,3136000.0,317130.0,UAE,Asia,30.0,9888695.0,365.0,209.0,31796.0,3.0
57,2020-06-28,47797.0,437.0,313.0,2.0,36411.0,11073.0,1.0,4833.0,32.0,3136000.0,317119.0,UAE,Asia,30.0,9889022.0,577.0,207.0,31594.0,3.0
58,2020-06-29,48246.0,449.0,314.0,1.0,37076.0,10856.0,1.0,4879.0,32.0,3136000.0,317109.0,UAE,Asia,30.0,9889348.0,665.0,205.0,31495.0,3.0
59,2020-06-30,48667.0,421.0,315.0,1.0,37566.0,10786.0,1.0,4921.0,32.0,3136000.0,317098.0,UAE,Asia,31.0,9889675.0,490.0,203.0,31396.0,3.0
60,2020-07-01,49069.0,402.0,316.0,1.0,38160.0,10593.0,1.0,4961.0,32.0,3136000.0,317088.0,UAE,Asia,31.0,9890001.0,594.0,202.0,31297.0,3.0
61,2020-07-02,49469.0,400.0,317.0,1.0,38664.0,10488.0,1.0,5002.0,32.0,3500000.0,353881.0,UAE,Asia,31.0,9890327.0,504.0,200.0,31200.0,3.0
62,2020-07-03,50141.0,672.0,318.0,1.0,39153.0,10670.0,1.0,5070.0,32.0,3500000.0,353869.0,UAE,Asia,31.0,9890654.0,489.0,197.0,31103.0,3.0
63,2020-07-04,50857.0,716.0,321.0,3.0,39857.0,10679.0,1.0,5142.0,32.0,3500000.0,353858.0,UAE,Asia,30.0,9890980.0,704.0,194.0,30813.0,3.0
64,2020-07-05,51540.0,683.0,323.0,2.0,40297.0,10920.0,1.0,5211.0,33.0,3500000.0,353846.0,UAE,Asia,30.0,9891307.0,440.0,192.0,30623.0,3.0
65,2020-07-06,52068.0,528.0,324.0,1.0,40721.0,11023.0,1.0,5264.0,33.0,3500000.0,353834.0,UAE,Asia,30.0,9891633.0,424.0,190.0,30530.0,3.0
66,2020-07-07,52600.0,532.0,326.0,2.0,41714.0,10560.0,1.0,5317.0,33.0,3544000.0,358271.0,UAE,Asia,30.0,9891960.0,993.0,188.0,30343.0,3.0
67,2020-07-08,53045.0,445.0,327.0,1.0,42282.0,10436.0,1.0,5362.0,33.0,3720000.0,376051.0,UAE,Asia,30.0,9892286.0,568.0,186.0,30252.0,3.0
68,2020-07-09,53577.0,532.0,328.0,1.0,43570.0,9679.0,1.0,5416.0,33.0,3769000.0,380991.0,UAE,Asia,30.0,9892612.0,1288.0,185.0,30160.0,3.0
69,2020-07-10,54050.0,473.0,330.0,2.0,43969.0,9751.0,1.0,5463.0,33.0,3816000.0,385730.0,UAE,Asia,31.0,9892939.0,399.0,183.0,29979.0,3.0
70,2020-07-11,54453.0,403.0,331.0,1.0,44648.0,9474.0,1.0,5504.0,33.0,3816000.0,385717.0,UAE,Asia,32.0,9893265.0,679.0,182.0,29889.0,3.0
71,2020-07-12,54854.0,401.0,333.0,2.0,45140.0,9381.0,1.0,5544.0,34.0,3816000.0,385691.0,UAE,Asia,33.0,9893918.0,492.0,180.0,29711.0,3.0
72,2020-07-13,55198.0,344.0,334.0,1.0,45513.0,9351.0,1.0,5579.0,34.0,4000000.0,404289.0,UAE,Asia,34.0,9893918.0,373.0,179.0,29623.0,2.0
73,2020-07-14,55573.0,375.0,335.0,1.0,46025.0,9213.0,1.0,5617.0,34.0,4000000.0,404275.0,UAE,Asia,34.0,9894245.0,512.0,178.0,29535.0,2.0
74,2020-07-15,55848.0,275.0,335.0,-1.0,46418.0,9095.0,1.0,5644.0,34.0,4052000.0,409518.0,UAE,Asia,34.0,9894571.0,393.0,177.0,29536.0,2.0
75,2020-07-16,56129.0,281.0,335.0,-1.0,47412.0,8382.0,1.0,5673.0,34.0,4316763.0,436262.0,UAE,Asia,35.0,9894897.0,994.0,176.0,29537.0,2.0
76,2020-07-17,56422.0,293.0,337.0,2.0,48448.0,7637.0,1.0,5702.0,34.0,4364763.0,441098.0,UAE,Asia,35.0,9895224.0,1036.0,175.0,29363.0,2.0
77,2020-07-18,56711.0,289.0,338.0,1.0,48917.0,7456.0,1.0,5731.0,34.0,4461205.0,450829.0,UAE,Asia,35.0,9895550.0,469.0,174.0,29277.0,2.0
78,2020-07-19,56922.0,211.0,339.0,1.0,49269.0,7314.0,1.0,5752.0,34.0,4508205.0,455564.0,UAE,Asia,36.0,9895877.0,352.0,174.0,29191.0,2.0
79,2020-07-20,57193.0,271.0,340.0,1.0,49621.0,7232.0,1.0,5779.0,34.0,4536152.0,458373.0,UAE,Asia,36.0,9896203.0,352.0,173.0,29106.0,2.0
80,2020-07-21,57498.0,305.0,341.0,1.0,49964.0,7193.0,1.0,5810.0,34.0,4576202.0,462405.0,UAE,Asia,36.0,9896530.0,343.0,172.0,29022.0,2.0
81,2020-07-22,57734.0,236.0,342.0,1.0,50354.0,7038.0,1.0,5834.0,35.0,4576202.0,462389.0,UAE,Asia,36.0,9896856.0,390.0,171.0,28938.0,2.0
82,2020-07-23,57988.0,254.0,342.0,-1.0,50848.0,6798.0,-1.0,5859.0,35.0,4677312.0,472575.0,UAE,Asia,36.0,9897509.0,494.0,171.0,28940.0,2.0
83,2020-07-24,58249.0,261.0,343.0,1.0,51235.0,6671.0,-1.0,5885.0,35.0,4724277.0,477320.0,UAE,Asia,38.0,9897509.0,387.0,170.0,28856.0,2.0
84,2020-07-25,58562.0,313.0,343.0,-1.0,51628.0,6591.0,-1.0,5917.0,35.0,4776904.0,482621.0,UAE,Asia,38.0,9897835.0,393.0,169.0,28857.0,2.0
85,2020-07-26,58913.0,351.0,344.0,1.0,52182.0,6387.0,-1.0,5952.0,35.0,4828066.0,487774.0,UAE,Asia,38.0,9898162.0,554.0,168.0,28774.0,2.0
86,2020-07-27,59177.0,264.0,345.0,1.0,52510.0,6322.0,-1.0,5978.0,35.0,4875295.0,492529.0,UAE,Asia,39.0,9898488.0,328.0,167.0,28691.0,2.0
87,2020-07-28,59546.0,369.0,347.0,2.0,52905.0,6294.0,-1.0,6015.0,35.0,4918917.0,496903.0,UAE,Asia,39.0,9899141.0,395.0,166.0,28528.0,2.0
88,2020-07-29,59921.0,375.0,347.0,-1.0,53202.0,6372.0,-1.0,6053.0,35.0,4965917.0,501651.0,UAE,Asia,39.0,9899141.0,297.0,165.0,28528.0,2.0
89,2020-07-30,60223.0,302.0,349.0,2.0,53626.0,6248.0,-1.0,6083.0,35.0,5021657.0,507265.0,UAE,Asia,39.0,9899467.0,424.0,164.0,28365.0,2.0
90,2020-07-31,60506.0,283.0,351.0,2.0,53909.0,6246.0,-1.0,6112.0,35.0,5076384.0,512777.0,UAE,Asia,39.0,9899794.0,283.0,164.0,28205.0,2.0
91,2020-08-01,60760.0,254.0,351.0,-1.0,54255.0,6154.0,-1.0,6137.0,35.0,5119652.0,517130.0,UAE,Asia,39.0,9900120.0,346.0,163.0,28205.0,2.0
92,2020-08-02,60999.0,239.0,351.0,-1.0,54615.0,6033.0,-1.0,6161.0,35.0,5162080.0,521399.0,UAE,Asia,39.0,9900447.0,360.0,162.0,28206.0,2.0
