,Date,Tot cases,New cases,Tot Deaths,New Deaths,Total Recovered,Active Cases,Serious,Tot C par million,Deaths par million,Total Test,Tot T par million,Country,Continent,index,population,New Recov,col1,col2,col3
0,2020-05-02,15828.0,911.0,97.0,4.0,3117.0,12614.0,92.0,1675.0,10.0,195430.0,20682.0,Belarus,Europe,,,0.0,,,
1,2020-05-03,16705.0,877.0,99.0,2.0,3196.0,13410.0,92.0,1768.0,10.0,204239.0,21614.0,Belarus,Europe,,,0.0,,,
2,2020-05-04,17489.0,784.0,103.0,4.0,3259.0,14127.0,92.0,1851.0,11.0,211369.0,22369.0,Belarus,Europe,,,0.0,,,
3,2020-05-05,18350.0,-1.0,107.0,-1.0,3771.0,14472.0,92.0,1942.0,11.0,211369.0,22369.0,Belarus,Europe,,,0.0,,,
4,2020-05-06,19255.0,905.0,112.0,5.0,4388.0,14755.0,92.0,2038.0,12.0,220045.0,23287.0,Belarus,Europe,,,0.0,,,
5,2020-05-07,20168.0,913.0,116.0,4.0,5067.0,14985.0,92.0,2134.0,12.0,229466.0,24284.0,Belarus,Europe,,,0.0,,,
6,2020-05-08,21101.0,-1.0,121.0,-1.0,5484.0,15496.0,92.0,2233.0,13.0,240146.0,25414.0,Belarus,Europe,,,0.0,,,
7,2020-05-09,22052.0,-1.0,126.0,-1.0,6050.0,15876.0,92.0,2334.0,13.0,251771.0,26644.0,Belarus,Europe,,,0.0,,,
8,2020-05-10,22973.0,921.0,131.0,5.0,6406.0,16436.0,92.0,2431.0,14.0,263543.0,27890.0,Belarus,Europe,,,0.0,,,
9,2020-05-11,23906.0,933.0,135.0,4.0,6531.0,17240.0,92.0,2530.0,14.0,274060.0,29003.0,Belarus,Europe,,,0.0,,,
10,2020-05-12,24873.0,967.0,142.0,7.0,6974.0,17757.0,92.0,2632.0,15.0,284445.0,30102.0,Belarus,Europe,,,0.0,,,
11,2020-05-13,25825.0,952.0,146.0,4.0,7711.0,17968.0,92.0,2733.0,15.0,296380.0,31365.0,Belarus,Europe,,,0.0,,,
12,2020-05-14,26772.0,947.0,151.0,5.0,8168.0,18453.0,92.0,2833.0,16.0,308156.0,32611.0,Belarus,Europe,,,0.0,,,
13,2020-05-15,27730.0,958.0,156.0,5.0,8807.0,18767.0,92.0,2934.0,17.0,321705.0,34044.0,Belarus,Europe,25.0,9449712.0,0.0,,,
14,2020-05-16,28681.0,951.0,160.0,4.0,9498.0,19023.0,92.0,3035.0,17.0,335057.0,35457.0,Belarus,Europe,25.0,9449703.0,0.0,,,
15,2020-05-17,29650.0,969.0,165.0,5.0,9932.0,19553.0,92.0,3138.0,17.0,350515.0,37093.0,Belarus,Europe,24.0,9449695.0,0.0,,,
16,2020-05-18,30572.0,922.0,171.0,6.0,10130.0,20271.0,92.0,3235.0,18.0,364319.0,38554.0,Belarus,Europe,23.0,9449686.0,0.0,,,
17,2020-05-19,31508.0,936.0,175.0,4.0,10620.0,20713.0,92.0,3334.0,19.0,375076.0,39692.0,Belarus,Europe,22.0,9449678.0,0.0,,,
18,2020-05-20,32426.0,918.0,179.0,4.0,11415.0,20832.0,92.0,3431.0,19.0,387673.0,41025.0,Belarus,Europe,22.0,9449669.0,0.0,,,
19,2020-05-21,33371.0,945.0,185.0,6.0,12057.0,21129.0,92.0,3531.0,20.0,403236.0,42672.0,Belarus,Europe,22.0,9449661.0,0.0,,,
20,2020-05-22,34303.0,932.0,190.0,5.0,12833.0,21280.0,92.0,3630.0,20.0,419004.0,44341.0,Belarus,Europe,22.0,9449653.0,0.0,,,
21,2020-05-23,35244.0,941.0,194.0,4.0,13528.0,21522.0,92.0,3730.0,21.0,434618.0,45993.0,Belarus,Europe,22.0,9449644.0,0.0,,,
22,2020-05-24,36198.0,954.0,199.0,5.0,14155.0,21844.0,92.0,3831.0,21.0,450627.0,47687.0,Belarus,Europe,22.0,9449636.0,0.0,,,
23,2020-05-25,37144.0,946.0,204.0,5.0,14449.0,22491.0,92.0,3931.0,22.0,463004.0,48997.0,Belarus,Europe,22.0,9449627.0,0.0,,,
24,2020-05-26,38059.0,915.0,208.0,4.0,15086.0,22765.0,92.0,4028.0,22.0,472906.0,50045.0,Belarus,Europe,21.0,9449619.0,0.0,,,
25,2020-05-27,38956.0,-1.0,214.0,-1.0,15923.0,22819.0,92.0,4123.0,23.0,485534.0,51381.0,Belarus,Europe,21.0,9449602.0,0.0,,,
26,2020-05-28,39858.0,902.0,219.0,5.0,16660.0,22979.0,92.0,4218.0,23.0,499249.0,52833.0,Belarus,Europe,22.0,9449602.0,0.0,,,
27,2020-05-29,40764.0,906.0,224.0,5.0,17390.0,23150.0,92.0,4314.0,24.0,512418.0,54226.0,Belarus,Europe,22.0,9449593.0,0.0,,,
28,2020-05-30,41658.0,894.0,229.0,5.0,17964.0,23465.0,92.0,4408.0,24.0,526559.0,55723.0,Belarus,Europe,22.0,9449585.0,0.0,,,
29,2020-05-31,42556.0,898.0,235.0,6.0,18514.0,23807.0,92.0,4503.0,25.0,541093.0,57261.0,Belarus,Europe,22.0,9449576.0,0.0,,,
30,2020-06-01,43403.0,847.0,240.0,5.0,18776.0,24387.0,92.0,4593.0,25.0,553377.0,58561.0,Belarus,Europe,22.0,9449568.0,0.0,,,
31,2020-06-02,44255.0,852.0,243.0,3.0,19195.0,24817.0,92.0,4683.0,26.0,562945.0,59574.0,Belarus,Europe,22.0,9449559.0,419.0,214.0,38887.0,17.0
32,2020-06-03,45116.0,861.0,248.0,5.0,20171.0,24697.0,92.0,4774.0,26.0,573699.0,60712.0,Belarus,Europe,22.0,9449551.0,976.0,209.0,38103.0,16.0
33,2020-06-04,45981.0,865.0,253.0,5.0,21162.0,24566.0,92.0,4866.0,27.0,585065.0,61915.0,Belarus,Europe,22.0,9449542.0,991.0,206.0,37350.0,16.0
34,2020-06-05,46868.0,887.0,259.0,6.0,22066.0,24543.0,92.0,4960.0,27.0,597013.0,63179.0,Belarus,Europe,22.0,9449534.0,904.0,202.0,36485.0,16.0
35,2020-06-06,47751.0,883.0,263.0,4.0,23015.0,24473.0,92.0,5053.0,28.0,609671.0,64519.0,Belarus,Europe,21.0,9449526.0,949.0,198.0,35930.0,15.0
36,2020-06-07,48630.0,879.0,269.0,6.0,23647.0,24714.0,92.0,5146.0,28.0,622313.0,65857.0,Belarus,Europe,21.0,9449517.0,632.0,194.0,35128.0,15.0
37,2020-06-08,49453.0,823.0,276.0,7.0,23880.0,25297.0,92.0,5233.0,29.0,632993.0,66987.0,Belarus,Europe,22.0,9449509.0,233.0,191.0,34237.0,15.0
38,2020-06-09,50265.0,812.0,282.0,6.0,24506.0,25477.0,92.0,5319.0,30.0,644160.0,68169.0,Belarus,Europe,22.0,9449500.0,626.0,188.0,33509.0,15.0
39,2020-06-10,51066.0,801.0,288.0,6.0,25667.0,25111.0,92.0,5404.0,30.0,659565.0,69799.0,Belarus,Europe,22.0,9449492.0,1161.0,185.0,32811.0,14.0
40,2020-06-11,51816.0,750.0,293.0,5.0,26643.0,24880.0,92.0,5483.0,31.0,678570.0,71810.0,Belarus,Europe,22.0,9449483.0,976.0,182.0,32251.0,14.0
41,2020-06-12,52520.0,704.0,298.0,5.0,27760.0,24462.0,92.0,5558.0,32.0,697011.0,73762.0,Belarus,Europe,22.0,9449475.0,1117.0,180.0,31710.0,14.0
42,2020-06-13,53241.0,721.0,303.0,5.0,29111.0,23827.0,92.0,5634.0,32.0,714324.0,75594.0,Belarus,Europe,22.0,9449466.0,1351.0,177.0,31186.0,13.0
43,2020-06-14,53973.0,732.0,308.0,5.0,30103.0,23562.0,92.0,5712.0,33.0,733788.0,77654.0,Belarus,Europe,22.0,9449458.0,992.0,175.0,30680.0,13.0
44,2020-06-15,54680.0,707.0,312.0,4.0,30420.0,23948.0,92.0,5787.0,33.0,733788.0,77654.0,Belarus,Europe,22.0,9449449.0,317.0,173.0,30287.0,13.0
45,2020-06-16,55369.0,689.0,318.0,6.0,31273.0,23778.0,92.0,5860.0,34.0,760549.0,80486.0,Belarus,Europe,22.0,9449441.0,853.0,171.0,29715.0,12.0
46,2020-06-17,56032.0,663.0,324.0,6.0,32735.0,22973.0,92.0,5930.0,34.0,778935.0,82432.0,Belarus,Europe,23.0,9449432.0,1462.0,169.0,29165.0,12.0
47,2020-06-18,56657.0,625.0,331.0,7.0,34023.0,22303.0,92.0,5996.0,35.0,800435.0,84707.0,Belarus,Europe,23.0,9449424.0,1288.0,167.0,28548.0,12.0
48,2020-06-19,57333.0,676.0,337.0,6.0,35275.0,21721.0,92.0,6067.0,36.0,821887.0,86978.0,Belarus,Europe,23.0,9449416.0,1252.0,165.0,28040.0,11.0
49,2020-06-20,57936.0,603.0,343.0,6.0,36749.0,20844.0,92.0,6131.0,36.0,842173.0,89125.0,Belarus,Europe,23.0,9449399.0,1474.0,163.0,27549.0,11.0
50,2020-06-21,58505.0,569.0,346.0,3.0,37666.0,20493.0,89.0,6191.0,37.0,861703.0,91191.0,Belarus,Europe,23.0,9449399.0,917.0,162.0,27310.0,11.0
51,2020-06-22,59023.0,518.0,351.0,5.0,37923.0,20749.0,89.0,6246.0,37.0,876639.0,92772.0,Belarus,Europe,23.0,9449390.0,257.0,160.0,26921.0,11.0
52,2020-06-23,59487.0,464.0,357.0,6.0,38688.0,20442.0,89.0,6295.0,38.0,886248.0,93789.0,Belarus,Europe,24.0,9449382.0,765.0,159.0,26469.0,11.0
53,2020-06-24,59945.0,458.0,362.0,5.0,40136.0,19447.0,89.0,6344.0,38.0,901904.0,95446.0,Belarus,Europe,24.0,9449373.0,1448.0,158.0,26103.0,10.0
54,2020-06-25,60382.0,437.0,367.0,5.0,41448.0,18567.0,89.0,6390.0,39.0,919139.0,97270.0,Belarus,Europe,25.0,9449365.0,1312.0,156.0,25748.0,10.0
55,2020-06-26,60713.0,331.0,373.0,6.0,42689.0,17651.0,89.0,6425.0,39.0,939524.0,99427.0,Belarus,Europe,25.0,9449356.0,1241.0,156.0,25333.0,10.0
56,2020-06-27,61095.0,382.0,377.0,4.0,44126.0,16592.0,89.0,6466.0,40.0,959880.0,101582.0,Belarus,Europe,25.0,9449348.0,1437.0,155.0,25065.0,10.0
57,2020-06-28,61475.0,380.0,383.0,6.0,45027.0,16065.0,89.0,6506.0,41.0,979800.0,103690.0,Belarus,Europe,24.0,9449339.0,901.0,154.0,24672.0,10.0
58,2020-06-29,61790.0,315.0,387.0,4.0,45213.0,16190.0,89.0,6539.0,41.0,992007.0,104982.0,Belarus,Europe,25.0,9449331.0,186.0,153.0,24417.0,10.0
59,2020-06-30,62118.0,328.0,392.0,5.0,46054.0,15672.0,89.0,6574.0,41.0,1000785.0,105911.0,Belarus,Europe,25.0,9449322.0,841.0,152.0,24105.0,9.0
60,2020-07-01,62424.0,306.0,398.0,6.0,47553.0,14473.0,89.0,6606.0,42.0,1013056.0,107209.0,Belarus,Europe,25.0,9449314.0,1499.0,151.0,23742.0,9.0
61,2020-07-02,62698.0,274.0,405.0,7.0,48738.0,13555.0,89.0,6635.0,43.0,1028349.0,108828.0,Belarus,Europe,25.0,9449306.0,1185.0,151.0,23332.0,9.0
62,2020-07-03,62997.0,299.0,412.0,7.0,49909.0,12676.0,89.0,6667.0,44.0,1043876.0,110471.0,Belarus,Europe,25.0,9449297.0,1171.0,150.0,22935.0,9.0
63,2020-07-04,63270.0,273.0,418.0,6.0,50669.0,12183.0,89.0,6696.0,44.0,1059299.0,112104.0,Belarus,Europe,25.0,9449289.0,760.0,149.0,22606.0,9.0
64,2020-07-05,63554.0,284.0,423.0,5.0,50871.0,12260.0,89.0,6726.0,45.0,1068029.0,113028.0,Belarus,Europe,26.0,9449280.0,202.0,149.0,22339.0,9.0
65,2020-07-06,63804.0,250.0,429.0,6.0,51120.0,12255.0,89.0,6752.0,45.0,1074240.0,113685.0,Belarus,Europe,26.0,9449272.0,249.0,148.0,22026.0,9.0
66,2020-07-07,64003.0,199.0,436.0,7.0,51902.0,11665.0,89.0,6773.0,46.0,1074240.0,113685.0,Belarus,Europe,27.0,9449263.0,782.0,148.0,21673.0,9.0
67,2020-07-08,64224.0,221.0,443.0,7.0,52854.0,10927.0,89.0,6797.0,47.0,1087245.0,115061.0,Belarus,Europe,27.0,9449255.0,952.0,147.0,21330.0,9.0
68,2020-07-09,64411.0,187.0,449.0,6.0,53609.0,10353.0,89.0,6817.0,48.0,1087245.0,115062.0,Belarus,Europe,27.0,9449246.0,755.0,147.0,21045.0,9.0
69,2020-07-10,64604.0,193.0,454.0,5.0,54254.0,9896.0,89.0,6837.0,48.0,1111614.0,117641.0,Belarus,Europe,28.0,9449238.0,645.0,146.0,20813.0,9.0
70,2020-07-11,64767.0,163.0,459.0,5.0,54919.0,9389.0,89.0,6854.0,49.0,1123158.0,118862.0,Belarus,Europe,28.0,9449229.0,665.0,146.0,20587.0,8.0
71,2020-07-12,64932.0,165.0,464.0,5.0,55380.0,9088.0,89.0,6872.0,49.0,1134653.0,120079.0,Belarus,Europe,28.0,9449212.0,461.0,146.0,20365.0,8.0
72,2020-07-13,65114.0,182.0,468.0,4.0,55492.0,9154.0,89.0,6891.0,50.0,1141580.0,120812.0,Belarus,Europe,28.0,9449212.0,112.0,145.0,20191.0,8.0
73,2020-07-14,65269.0,155.0,474.0,6.0,55799.0,8996.0,89.0,6907.0,50.0,1144696.0,121142.0,Belarus,Europe,28.0,9449204.0,307.0,145.0,19935.0,8.0
74,2020-07-15,65443.0,174.0,480.0,6.0,56379.0,8584.0,89.0,6926.0,51.0,1151734.0,121887.0,Belarus,Europe,28.0,9449196.0,580.0,144.0,19686.0,8.0
75,2020-07-16,65623.0,180.0,485.0,5.0,56915.0,8223.0,89.0,6945.0,51.0,1162280.0,123003.0,Belarus,Europe,28.0,9449187.0,536.0,144.0,19483.0,8.0
76,2020-07-17,65782.0,159.0,491.0,6.0,57370.0,7921.0,89.0,6962.0,52.0,1162280.0,123003.0,Belarus,Europe,29.0,9449179.0,455.0,144.0,19245.0,8.0
77,2020-07-18,65953.0,171.0,495.0,4.0,57856.0,7602.0,89.0,6980.0,52.0,1183007.0,125197.0,Belarus,Europe,29.0,9449170.0,486.0,143.0,19089.0,8.0
78,2020-07-19,66095.0,142.0,499.0,4.0,58204.0,7392.0,89.0,6995.0,53.0,1193162.0,126272.0,Belarus,Europe,31.0,9449162.0,348.0,143.0,18936.0,8.0
