,Date,Tot cases,New cases,Tot Deaths,New Deaths,Total Recovered,Active Cases,Serious,Tot C par million,Deaths par million,Total Test,Tot T par million,Country,Continent,index,population,New Recov,col1,col2,col3
0,2020-05-02,79.0,-1.0,-1.0,-1.0,18.0,61.0,-1.0,3.0,-1.0,2337.0,75.0,Mozambique,Africa,,,0.0,,,
1,2020-05-03,80.0,1.0,-1.0,-1.0,19.0,61.0,-1.0,3.0,-1.0,2466.0,79.0,Mozambique,Africa,,,0.0,,,
2,2020-05-04,80.0,-1.0,-1.0,-1.0,19.0,61.0,-1.0,3.0,-1.0,2466.0,79.0,Mozambique,Africa,,,0.0,,,
3,2020-05-05,81.0,-1.0,-1.0,-1.0,19.0,62.0,-1.0,3.0,-1.0,2867.0,92.0,Mozambique,Africa,,,0.0,,,
4,2020-05-06,81.0,-1.0,-1.0,-1.0,19.0,62.0,-1.0,3.0,-1.0,2867.0,92.0,Mozambique,Africa,,,0.0,,,
5,2020-05-07,81.0,-1.0,-1.0,-1.0,24.0,57.0,-1.0,3.0,-1.0,3188.0,102.0,Mozambique,Africa,,,0.0,,,
6,2020-05-08,82.0,-1.0,-1.0,-1.0,27.0,55.0,-1.0,3.0,-1.0,3356.0,107.0,Mozambique,Africa,,,0.0,,,
7,2020-05-09,87.0,-1.0,-1.0,-1.0,34.0,53.0,-1.0,3.0,-1.0,3356.0,107.0,Mozambique,Africa,,,0.0,,,
8,2020-05-10,91.0,4.0,-1.0,-1.0,34.0,57.0,-1.0,3.0,-1.0,3923.0,126.0,Mozambique,Africa,,,0.0,,,
9,2020-05-11,103.0,12.0,-1.0,-1.0,34.0,69.0,-1.0,3.0,-1.0,4173.0,134.0,Mozambique,Africa,,,0.0,,,
10,2020-05-12,104.0,1.0,-1.0,-1.0,34.0,70.0,-1.0,3.0,-1.0,4365.0,140.0,Mozambique,Africa,,,0.0,,,
11,2020-05-13,104.0,-1.0,-1.0,-1.0,34.0,70.0,-1.0,3.0,-1.0,4365.0,140.0,Mozambique,Africa,,,0.0,,,
12,2020-05-14,115.0,11.0,-1.0,-1.0,35.0,80.0,-1.0,4.0,-1.0,5119.0,164.0,Mozambique,Africa,,,0.0,,,
13,2020-05-15,119.0,4.0,-1.0,-1.0,42.0,77.0,-1.0,4.0,-1.0,5361.0,172.0,Mozambique,Africa,158.0,31132211.0,0.0,,,
14,2020-05-16,129.0,10.0,-1.0,-1.0,43.0,86.0,-1.0,4.0,-1.0,5735.0,184.0,Mozambique,Africa,157.0,31134613.0,0.0,,,
15,2020-05-17,137.0,8.0,-1.0,-1.0,43.0,94.0,-1.0,4.0,-1.0,6011.0,193.0,Mozambique,Africa,156.0,31137014.0,0.0,,,
16,2020-05-18,145.0,8.0,-1.0,-1.0,44.0,101.0,-1.0,5.0,-1.0,6272.0,201.0,Mozambique,Africa,155.0,31139416.0,0.0,,,
17,2020-05-19,146.0,1.0,-1.0,-1.0,44.0,102.0,-1.0,5.0,-1.0,6537.0,210.0,Mozambique,Africa,155.0,31141818.0,0.0,,,
18,2020-05-20,156.0,10.0,-1.0,-1.0,48.0,108.0,-1.0,5.0,-1.0,6769.0,217.0,Mozambique,Africa,154.0,31144220.0,0.0,,,
19,2020-05-21,162.0,6.0,-1.0,-1.0,48.0,114.0,-1.0,5.0,-1.0,7063.0,227.0,Mozambique,Africa,154.0,31146622.0,0.0,,,
20,2020-05-22,164.0,2.0,-1.0,-1.0,48.0,116.0,-1.0,5.0,-1.0,7480.0,240.0,Mozambique,Africa,154.0,31149023.0,0.0,,,
21,2020-05-23,168.0,4.0,-1.0,-1.0,48.0,120.0,-1.0,5.0,-1.0,7947.0,255.0,Mozambique,Africa,155.0,31151425.0,0.0,,,
22,2020-05-24,194.0,26.0,-1.0,-1.0,51.0,143.0,-1.0,6.0,-1.0,8463.0,272.0,Mozambique,Africa,154.0,31153827.0,0.0,,,
23,2020-05-25,209.0,15.0,1.0,1.0,71.0,137.0,-1.0,7.0,0.03,8796.0,282.0,Mozambique,Africa,152.0,31156229.0,0.0,,,
24,2020-05-26,213.0,4.0,1.0,-1.0,71.0,141.0,-1.0,7.0,0.03,9036.0,290.0,Mozambique,Africa,152.0,31158631.0,0.0,,,
25,2020-05-27,227.0,-1.0,1.0,-1.0,71.0,155.0,-1.0,7.0,0.03,9036.0,290.0,Mozambique,Africa,152.0,31163434.0,0.0,,,
26,2020-05-28,233.0,6.0,2.0,1.0,82.0,149.0,-1.0,7.0,0.06,9036.0,290.0,Mozambique,Africa,152.0,31163434.0,0.0,,,
27,2020-05-29,234.0,1.0,2.0,-1.0,84.0,148.0,-1.0,8.0,0.06,10001.0,321.0,Mozambique,Africa,152.0,31165836.0,0.0,,,
28,2020-05-30,244.0,10.0,2.0,-1.0,90.0,152.0,-1.0,8.0,0.06,10261.0,329.0,Mozambique,Africa,153.0,31168238.0,0.0,,,
29,2020-05-31,254.0,10.0,2.0,-1.0,91.0,161.0,-1.0,8.0,0.06,10878.0,349.0,Mozambique,Africa,153.0,31170640.0,0.0,,,
30,2020-06-01,254.0,-1.0,2.0,-1.0,91.0,161.0,-1.0,8.0,0.06,10878.0,349.0,Mozambique,Africa,153.0,31173041.0,0.0,,,
31,2020-06-02,307.0,53.0,2.0,-1.0,98.0,207.0,-1.0,10.0,0.06,11239.0,361.0,Mozambique,Africa,152.0,31175443.0,1.0,101549.0,15587722.0,2.0
32,2020-06-03,316.0,9.0,2.0,-1.0,109.0,205.0,-1.0,10.0,0.06,11563.0,371.0,Mozambique,Africa,152.0,31177845.0,11.0,98664.0,15588923.0,2.0
33,2020-06-04,352.0,36.0,2.0,-1.0,114.0,236.0,-1.0,11.0,0.06,12096.0,388.0,Mozambique,Africa,147.0,31180247.0,5.0,88580.0,15590124.0,2.0
34,2020-06-05,354.0,2.0,2.0,-1.0,119.0,233.0,-1.0,11.0,0.06,12343.0,396.0,Mozambique,Africa,147.0,31182649.0,5.0,88087.0,15591325.0,2.0
35,2020-06-06,409.0,55.0,2.0,-1.0,126.0,281.0,-1.0,13.0,0.06,12343.0,396.0,Mozambique,Africa,147.0,31185050.0,7.0,76247.0,15592525.0,2.0
36,2020-06-07,424.0,15.0,2.0,-1.0,127.0,295.0,-1.0,14.0,0.06,14010.0,449.0,Mozambique,Africa,147.0,31187452.0,1.0,73555.0,15593726.0,2.0
37,2020-06-08,433.0,9.0,2.0,-1.0,131.0,300.0,-1.0,14.0,0.06,14580.0,467.0,Mozambique,Africa,147.0,31189854.0,4.0,72032.0,15594927.0,2.0
38,2020-06-09,453.0,20.0,2.0,-1.0,136.0,315.0,-1.0,15.0,0.06,15190.0,487.0,Mozambique,Africa,146.0,31192256.0,5.0,68857.0,15596128.0,2.0
39,2020-06-10,472.0,19.0,2.0,-1.0,138.0,332.0,-1.0,15.0,0.06,15544.0,498.0,Mozambique,Africa,145.0,31194658.0,2.0,66090.0,15597329.0,2.0
40,2020-06-11,489.0,17.0,2.0,-1.0,144.0,343.0,-1.0,16.0,0.06,16035.0,514.0,Mozambique,Africa,143.0,31197059.0,6.0,63798.0,15598530.0,1.0
41,2020-06-12,509.0,20.0,2.0,-1.0,145.0,362.0,-1.0,16.0,0.06,16919.0,542.0,Mozambique,Africa,143.0,31199461.0,1.0,61296.0,15599731.0,1.0
42,2020-06-13,553.0,44.0,2.0,-1.0,151.0,400.0,-1.0,18.0,0.06,18061.0,579.0,Mozambique,Africa,140.0,31201863.0,6.0,56423.0,15600932.0,1.0
43,2020-06-14,583.0,30.0,3.0,1.0,151.0,429.0,-1.0,19.0,0.1,18620.0,597.0,Mozambique,Africa,139.0,31204265.0,-1.0,53524.0,10401422.0,1.0
44,2020-06-15,609.0,26.0,3.0,-1.0,157.0,449.0,-1.0,20.0,0.1,19581.0,627.0,Mozambique,Africa,140.0,31206667.0,6.0,51242.0,10402222.0,1.0
45,2020-06-16,638.0,29.0,4.0,1.0,160.0,474.0,-1.0,20.0,0.1,20263.0,649.0,Mozambique,Africa,138.0,31209068.0,3.0,48917.0,7802267.0,1.0
46,2020-06-17,651.0,13.0,4.0,-1.0,160.0,487.0,-1.0,21.0,0.1,20263.0,649.0,Mozambique,Africa,138.0,31211470.0,-1.0,47944.0,7802868.0,1.0
47,2020-06-18,662.0,11.0,4.0,-1.0,175.0,483.0,-1.0,21.0,0.1,20263.0,649.0,Mozambique,Africa,138.0,31213872.0,15.0,47151.0,7803468.0,1.0
48,2020-06-19,668.0,6.0,4.0,-1.0,177.0,487.0,-1.0,21.0,0.1,22263.0,713.0,Mozambique,Africa,138.0,31216274.0,2.0,46731.0,7804069.0,1.0
49,2020-06-20,688.0,20.0,4.0,-1.0,177.0,507.0,-1.0,22.0,0.1,23104.0,740.0,Mozambique,Africa,139.0,31221077.0,-1.0,45379.0,7805269.0,1.0
50,2020-06-21,733.0,45.0,5.0,1.0,181.0,547.0,-1.0,23.0,0.2,23760.0,761.0,Mozambique,Africa,136.0,31221077.0,4.0,42594.0,6244215.0,1.0
51,2020-06-22,737.0,4.0,5.0,-1.0,181.0,551.0,-1.0,24.0,0.2,24348.0,780.0,Mozambique,Africa,138.0,31223479.0,-1.0,42366.0,6244696.0,1.0
52,2020-06-23,757.0,20.0,5.0,-1.0,206.0,546.0,-1.0,24.0,0.2,24348.0,780.0,Mozambique,Africa,138.0,31225881.0,25.0,41250.0,6245176.0,1.0
53,2020-06-24,762.0,5.0,5.0,-1.0,220.0,537.0,-1.0,24.0,0.2,25446.0,815.0,Mozambique,Africa,138.0,31228283.0,14.0,40982.0,6245657.0,1.0
54,2020-06-25,788.0,26.0,5.0,-1.0,221.0,562.0,-1.0,25.0,0.2,26204.0,839.0,Mozambique,Africa,138.0,31230685.0,1.0,39633.0,6246137.0,1.0
55,2020-06-26,816.0,28.0,5.0,-1.0,223.0,588.0,-1.0,26.0,0.2,27123.0,868.0,Mozambique,Africa,138.0,31233086.0,2.0,38276.0,6246617.0,1.0
56,2020-06-27,816.0,-1.0,5.0,-1.0,223.0,588.0,-1.0,26.0,0.2,27123.0,868.0,Mozambique,Africa,138.0,31235488.0,-1.0,38279.0,6247098.0,1.0
57,2020-06-28,859.0,43.0,5.0,-1.0,228.0,626.0,-1.0,27.0,0.2,28586.0,915.0,Mozambique,Africa,136.0,31237890.0,5.0,36365.0,6247578.0,1.0
58,2020-06-29,883.0,24.0,6.0,1.0,229.0,648.0,-1.0,28.0,0.2,29343.0,939.0,Mozambique,Africa,135.0,31240292.0,1.0,35380.0,5206715.0,1.0
59,2020-06-30,889.0,6.0,6.0,-1.0,232.0,651.0,-1.0,28.0,0.2,29516.0,945.0,Mozambique,Africa,135.0,31242694.0,3.0,35144.0,5207116.0,1.0
60,2020-07-01,903.0,14.0,6.0,-1.0,248.0,649.0,-1.0,29.0,0.2,30273.0,969.0,Mozambique,Africa,135.0,31245095.0,16.0,34601.0,5207516.0,1.0
61,2020-07-02,918.0,15.0,6.0,-1.0,249.0,663.0,-1.0,29.0,0.2,30939.0,990.0,Mozambique,Africa,135.0,31247497.0,1.0,34039.0,5207916.0,1.0
62,2020-07-03,939.0,21.0,6.0,-1.0,249.0,684.0,-1.0,30.0,0.2,31784.0,1017.0,Mozambique,Africa,135.0,31249899.0,-1.0,33280.0,5208317.0,983.0
63,2020-07-04,969.0,30.0,7.0,1.0,256.0,706.0,-1.0,31.0,0.2,32498.0,1040.0,Mozambique,Africa,133.0,31252301.0,7.0,32252.0,4464614.0,962.0
64,2020-07-05,987.0,18.0,8.0,1.0,256.0,723.0,-1.0,32.0,0.3,32498.0,1040.0,Mozambique,Africa,135.0,31254703.0,-1.0,31666.0,3906838.0,962.0
65,2020-07-06,1012.0,25.0,8.0,-1.0,277.0,727.0,-1.0,32.0,0.3,34036.0,1089.0,Mozambique,Africa,132.0,31257104.0,21.0,30886.0,3907138.0,918.0
66,2020-07-07,1040.0,28.0,8.0,-1.0,280.0,752.0,-1.0,33.0,0.3,35140.0,1124.0,Mozambique,Africa,133.0,31259506.0,3.0,30057.0,3907438.0,890.0
67,2020-07-08,1071.0,31.0,8.0,-1.0,337.0,726.0,-1.0,34.0,0.3,35696.0,1142.0,Mozambique,Africa,133.0,31261908.0,57.0,29189.0,3907739.0,876.0
68,2020-07-09,1092.0,21.0,9.0,1.0,340.0,743.0,-1.0,35.0,0.3,36698.0,1174.0,Mozambique,Africa,133.0,31264310.0,3.0,28630.0,3473812.0,852.0
69,2020-07-10,1111.0,19.0,9.0,-1.0,344.0,758.0,-1.0,36.0,0.3,38010.0,1216.0,Mozambique,Africa,132.0,31266712.0,4.0,28143.0,3474079.0,823.0
70,2020-07-11,1135.0,24.0,9.0,-1.0,349.0,777.0,-1.0,36.0,0.3,39091.0,1250.0,Mozambique,Africa,133.0,31269113.0,5.0,27550.0,3474346.0,800.0
71,2020-07-12,1157.0,22.0,9.0,-1.0,364.0,784.0,-1.0,37.0,0.3,39948.0,1277.0,Mozambique,Africa,133.0,31273917.0,15.0,27030.0,3474880.0,783.0
72,2020-07-13,1219.0,62.0,9.0,-1.0,369.0,841.0,-1.0,39.0,0.3,40861.0,1307.0,Mozambique,Africa,131.0,31273917.0,5.0,25655.0,3474880.0,765.0
73,2020-07-14,1268.0,49.0,9.0,-1.0,373.0,886.0,-1.0,41.0,0.3,40861.0,1306.0,Mozambique,Africa,131.0,31276319.0,4.0,24666.0,3475147.0,765.0
74,2020-07-15,1330.0,62.0,9.0,-1.0,375.0,946.0,-1.0,43.0,0.3,42551.0,1360.0,Mozambique,Africa,129.0,31278721.0,2.0,23518.0,3475413.0,735.0
75,2020-07-16,1383.0,53.0,9.0,-1.0,375.0,999.0,-1.0,44.0,0.3,42551.0,1360.0,Mozambique,Africa,128.0,31281122.0,-1.0,22618.0,3475680.0,735.0
76,2020-07-17,1402.0,19.0,9.0,-1.0,397.0,996.0,-1.0,45.0,0.3,42551.0,1360.0,Mozambique,Africa,131.0,31283524.0,22.0,22313.0,3475947.0,735.0
77,2020-07-18,1435.0,33.0,10.0,1.0,408.0,1017.0,-1.0,46.0,0.3,45189.0,1444.0,Mozambique,Africa,130.0,31285926.0,11.0,21802.0,3128593.0,692.0
78,2020-07-19,1491.0,56.0,10.0,-1.0,472.0,1009.0,-1.0,48.0,0.3,46556.0,1488.0,Mozambique,Africa,131.0,31288328.0,64.0,20985.0,3128833.0,672.0
