,Date,Tot cases,New cases,Tot Deaths,New Deaths,Total Recovered,Active Cases,Serious,Tot C par million,Deaths par million,Total Test,Tot T par million,Country,Continent,index,population,New Recov,col1,col2,col3
0,2020-05-02,769.0,13.0,8.0,-1.0,527.0,234.0,12.0,118.0,1.0,51472.0,7889.0,Kyrgyzstan,Asia,,,0.0,,,
1,2020-05-03,795.0,26.0,10.0,2.0,564.0,221.0,12.0,122.0,2.0,51472.0,7889.0,Kyrgyzstan,Asia,,,0.0,,,
2,2020-05-04,830.0,35.0,10.0,-1.0,575.0,245.0,13.0,127.0,2.0,56488.0,8658.0,Kyrgyzstan,Asia,,,0.0,,,
3,2020-05-05,843.0,-1.0,11.0,-1.0,600.0,232.0,13.0,129.0,2.0,56488.0,8658.0,Kyrgyzstan,Asia,,,0.0,,,
4,2020-05-06,871.0,28.0,12.0,1.0,614.0,245.0,13.0,134.0,2.0,59490.0,9118.0,Kyrgyzstan,Asia,,,0.0,,,
5,2020-05-07,895.0,24.0,12.0,-1.0,637.0,246.0,13.0,137.0,2.0,59490.0,9118.0,Kyrgyzstan,Asia,,,0.0,,,
6,2020-05-08,906.0,-1.0,12.0,-1.0,650.0,244.0,13.0,139.0,2.0,59490.0,9118.0,Kyrgyzstan,Asia,,,0.0,,,
7,2020-05-09,931.0,-1.0,12.0,-1.0,658.0,261.0,13.0,143.0,2.0,59490.0,9118.0,Kyrgyzstan,Asia,,,0.0,,,
8,2020-05-10,1002.0,71.0,12.0,-1.0,675.0,315.0,13.0,154.0,2.0,59490.0,9118.0,Kyrgyzstan,Asia,,,0.0,,,
9,2020-05-11,1016.0,14.0,12.0,-1.0,688.0,316.0,13.0,156.0,2.0,59490.0,9118.0,Kyrgyzstan,Asia,,,0.0,,,
10,2020-05-12,1037.0,21.0,12.0,-1.0,709.0,316.0,13.0,159.0,2.0,59490.0,9118.0,Kyrgyzstan,Asia,,,0.0,,,
11,2020-05-13,1044.0,7.0,12.0,-1.0,726.0,306.0,13.0,160.0,2.0,59490.0,9118.0,Kyrgyzstan,Asia,,,0.0,,,
12,2020-05-14,1082.0,38.0,12.0,-1.0,735.0,335.0,13.0,166.0,2.0,59490.0,9118.0,Kyrgyzstan,Asia,,,0.0,,,
13,2020-05-15,1111.0,29.0,14.0,2.0,745.0,352.0,13.0,171.0,2.0,59490.0,9139.0,Kyrgyzstan,Asia,95.0,6509752.0,0.0,,,
14,2020-05-16,1117.0,6.0,14.0,-1.0,783.0,320.0,5.0,172.0,2.0,59490.0,9138.0,Kyrgyzstan,Asia,96.0,6510046.0,0.0,,,
15,2020-05-17,1138.0,21.0,14.0,-1.0,804.0,320.0,5.0,175.0,2.0,59490.0,9138.0,Kyrgyzstan,Asia,96.0,6510341.0,0.0,,,
16,2020-05-18,1216.0,78.0,14.0,-1.0,827.0,375.0,5.0,187.0,2.0,59490.0,9137.0,Kyrgyzstan,Asia,96.0,6510635.0,0.0,,,
17,2020-05-19,1243.0,27.0,14.0,-1.0,898.0,331.0,5.0,191.0,2.0,59490.0,9137.0,Kyrgyzstan,Asia,96.0,6510930.0,0.0,,,
18,2020-05-20,1270.0,27.0,14.0,-1.0,910.0,346.0,5.0,195.0,2.0,94441.0,14504.0,Kyrgyzstan,Asia,96.0,6511224.0,0.0,,,
19,2020-05-21,1313.0,43.0,14.0,-1.0,923.0,376.0,5.0,202.0,2.0,94441.0,14504.0,Kyrgyzstan,Asia,96.0,6511518.0,0.0,,,
20,2020-05-22,1350.0,37.0,14.0,-1.0,939.0,397.0,5.0,207.0,2.0,98281.0,15093.0,Kyrgyzstan,Asia,96.0,6511813.0,0.0,,,
21,2020-05-23,1365.0,15.0,14.0,-1.0,957.0,394.0,5.0,210.0,2.0,98281.0,15092.0,Kyrgyzstan,Asia,96.0,6512107.0,0.0,,,
22,2020-05-24,1403.0,38.0,14.0,-1.0,980.0,409.0,5.0,215.0,2.0,98281.0,15091.0,Kyrgyzstan,Asia,96.0,6512401.0,0.0,,,
23,2020-05-25,1433.0,30.0,16.0,2.0,992.0,425.0,5.0,220.0,2.0,100488.0,15430.0,Kyrgyzstan,Asia,96.0,6512696.0,0.0,,,
24,2020-05-26,1468.0,35.0,16.0,-1.0,1015.0,437.0,5.0,225.0,2.0,100488.0,15429.0,Kyrgyzstan,Asia,96.0,6512990.0,0.0,,,
25,2020-05-27,1520.0,-1.0,16.0,-1.0,1043.0,461.0,4.0,233.0,2.0,105815.0,16245.0,Kyrgyzstan,Asia,93.0,6513579.0,0.0,,,
26,2020-05-28,1594.0,74.0,16.0,-1.0,1066.0,512.0,4.0,245.0,2.0,109521.0,16814.0,Kyrgyzstan,Asia,94.0,6513579.0,0.0,,,
27,2020-05-29,1662.0,68.0,16.0,-1.0,1088.0,558.0,4.0,255.0,2.0,109521.0,16813.0,Kyrgyzstan,Asia,94.0,6513873.0,0.0,,,
28,2020-05-30,1722.0,60.0,16.0,-1.0,1113.0,593.0,4.0,264.0,2.0,109521.0,16813.0,Kyrgyzstan,Asia,92.0,6514168.0,0.0,,,
29,2020-05-31,1748.0,26.0,16.0,-1.0,1170.0,562.0,4.0,268.0,2.0,111859.0,17171.0,Kyrgyzstan,Asia,94.0,6514462.0,0.0,,,
30,2020-06-01,1817.0,69.0,16.0,-1.0,1181.0,620.0,4.0,279.0,2.0,111859.0,17170.0,Kyrgyzstan,Asia,93.0,6514756.0,0.0,,,
31,2020-06-02,1845.0,28.0,17.0,1.0,1219.0,609.0,4.0,283.0,3.0,114353.0,17552.0,Kyrgyzstan,Asia,94.0,6515051.0,38.0,3531.0,383238.0,57.0
32,2020-06-03,1871.0,26.0,20.0,3.0,1265.0,586.0,5.0,287.0,3.0,119124.0,18284.0,Kyrgyzstan,Asia,94.0,6515345.0,46.0,3482.0,325767.0,55.0
33,2020-06-04,1899.0,28.0,20.0,-1.0,1292.0,587.0,5.0,291.0,3.0,119124.0,18283.0,Kyrgyzstan,Asia,94.0,6515639.0,27.0,3431.0,325782.0,55.0
34,2020-06-05,1936.0,37.0,22.0,2.0,1340.0,574.0,5.0,297.0,3.0,124434.0,19097.0,Kyrgyzstan,Asia,94.0,6515934.0,48.0,3366.0,296179.0,52.0
35,2020-06-06,1974.0,38.0,22.0,-1.0,1360.0,592.0,5.0,303.0,3.0,127051.0,19498.0,Kyrgyzstan,Asia,94.0,6516228.0,20.0,3301.0,296192.0,51.0
36,2020-06-07,2007.0,33.0,22.0,-1.0,1425.0,560.0,5.0,308.0,3.0,127051.0,19497.0,Kyrgyzstan,Asia,95.0,6516522.0,65.0,3247.0,296206.0,51.0
37,2020-06-08,2032.0,25.0,23.0,1.0,1445.0,564.0,5.0,312.0,4.0,127051.0,19496.0,Kyrgyzstan,Asia,95.0,6516817.0,20.0,3207.0,283340.0,51.0
38,2020-06-09,2055.0,23.0,24.0,1.0,1483.0,548.0,5.0,315.0,4.0,127051.0,19495.0,Kyrgyzstan,Asia,95.0,6517111.0,38.0,3171.0,271546.0,51.0
39,2020-06-10,2093.0,38.0,26.0,2.0,1572.0,495.0,6.0,321.0,4.0,139610.0,21421.0,Kyrgyzstan,Asia,95.0,6517406.0,89.0,3114.0,250669.0,47.0
40,2020-06-11,2129.0,36.0,26.0,-1.0,1630.0,473.0,6.0,327.0,4.0,139610.0,21420.0,Kyrgyzstan,Asia,95.0,6517700.0,58.0,3061.0,250681.0,47.0
41,2020-06-12,2166.0,37.0,26.0,-1.0,1668.0,472.0,11.0,332.0,4.0,147454.0,22623.0,Kyrgyzstan,Asia,95.0,6517994.0,38.0,3009.0,250692.0,44.0
42,2020-06-13,2207.0,41.0,27.0,1.0,1722.0,458.0,11.0,339.0,4.0,147454.0,22622.0,Kyrgyzstan,Asia,95.0,6518289.0,54.0,2953.0,241418.0,44.0
43,2020-06-14,2285.0,78.0,27.0,-1.0,1791.0,467.0,11.0,351.0,4.0,150612.0,23105.0,Kyrgyzstan,Asia,92.0,6518583.0,69.0,2853.0,241429.0,43.0
44,2020-06-15,2372.0,87.0,27.0,-1.0,1813.0,532.0,12.0,364.0,4.0,150612.0,23104.0,Kyrgyzstan,Asia,92.0,6518877.0,22.0,2748.0,241440.0,43.0
45,2020-06-16,2472.0,100.0,29.0,2.0,1847.0,596.0,12.0,379.0,4.0,150612.0,23103.0,Kyrgyzstan,Asia,92.0,6519172.0,34.0,2637.0,224799.0,43.0
46,2020-06-17,2562.0,90.0,30.0,1.0,1902.0,630.0,12.0,393.0,5.0,150612.0,23102.0,Kyrgyzstan,Asia,93.0,6519466.0,55.0,2545.0,217316.0,43.0
47,2020-06-18,2657.0,95.0,31.0,1.0,1933.0,693.0,12.0,408.0,5.0,162819.0,24973.0,Kyrgyzstan,Asia,92.0,6519760.0,31.0,2454.0,210315.0,40.0
48,2020-06-19,2789.0,132.0,32.0,1.0,1961.0,796.0,12.0,428.0,5.0,162819.0,24972.0,Kyrgyzstan,Asia,91.0,6520055.0,28.0,2338.0,203752.0,40.0
49,2020-06-20,2981.0,192.0,35.0,3.0,1981.0,965.0,30.0,457.0,5.0,171161.0,26249.0,Kyrgyzstan,Asia,91.0,6520644.0,20.0,2187.0,186304.0,38.0
50,2020-06-21,3151.0,170.0,37.0,2.0,2011.0,1103.0,30.0,483.0,6.0,171161.0,26249.0,Kyrgyzstan,Asia,90.0,6520644.0,30.0,2069.0,176234.0,38.0
51,2020-06-22,3356.0,205.0,40.0,3.0,2021.0,1295.0,30.0,515.0,6.0,171161.0,26248.0,Kyrgyzstan,Asia,89.0,6520938.0,10.0,1943.0,163023.0,38.0
52,2020-06-23,3519.0,163.0,41.0,1.0,2054.0,1424.0,30.0,540.0,6.0,191137.0,29310.0,Kyrgyzstan,Asia,89.0,6521232.0,33.0,1853.0,159054.0,34.0
53,2020-06-24,3726.0,207.0,42.0,1.0,2082.0,1602.0,30.0,571.0,6.0,191137.0,29309.0,Kyrgyzstan,Asia,88.0,6521527.0,28.0,1750.0,155274.0,34.0
54,2020-06-25,3954.0,228.0,43.0,1.0,2112.0,1799.0,30.0,606.0,7.0,199853.0,30644.0,Kyrgyzstan,Asia,88.0,6521821.0,30.0,1649.0,151670.0,33.0
55,2020-06-26,4204.0,250.0,43.0,-1.0,2162.0,1999.0,30.0,645.0,7.0,199853.0,30642.0,Kyrgyzstan,Asia,86.0,6522115.0,50.0,1551.0,151677.0,33.0
56,2020-06-27,4513.0,309.0,46.0,3.0,2212.0,2255.0,30.0,692.0,7.0,199853.0,30641.0,Kyrgyzstan,Asia,86.0,6522410.0,50.0,1445.0,141792.0,33.0
57,2020-06-28,4748.0,235.0,47.0,1.0,2242.0,2459.0,30.0,728.0,7.0,212112.0,32519.0,Kyrgyzstan,Asia,84.0,6522704.0,30.0,1374.0,138781.0,31.0
58,2020-06-29,5017.0,269.0,50.0,3.0,2294.0,2673.0,30.0,769.0,8.0,212112.0,32518.0,Kyrgyzstan,Asia,84.0,6522998.0,52.0,1300.0,130460.0,31.0
59,2020-06-30,5296.0,279.0,57.0,7.0,2370.0,2869.0,30.0,812.0,9.0,212112.0,32516.0,Kyrgyzstan,Asia,84.0,6523293.0,76.0,1232.0,114444.0,31.0
60,2020-07-01,5735.0,439.0,62.0,5.0,2443.0,3230.0,30.0,879.0,10.0,222295.0,34076.0,Kyrgyzstan,Asia,82.0,6523587.0,73.0,1138.0,105219.0,29.0
61,2020-07-02,6261.0,526.0,66.0,4.0,2530.0,3665.0,24.0,960.0,10.0,222295.0,34074.0,Kyrgyzstan,Asia,78.0,6523882.0,87.0,1042.0,98847.0,29.0
62,2020-07-03,6767.0,506.0,76.0,10.0,2655.0,4036.0,24.0,1037.0,12.0,228857.0,35078.0,Kyrgyzstan,Asia,78.0,6524176.0,125.0,964.0,85844.0,29.0
63,2020-07-04,7094.0,327.0,78.0,2.0,2714.0,4302.0,24.0,1087.0,12.0,228857.0,35077.0,Kyrgyzstan,Asia,77.0,6524470.0,59.0,920.0,83647.0,29.0
64,2020-07-05,7377.0,283.0,88.0,10.0,2802.0,4487.0,24.0,1131.0,13.0,228857.0,35075.0,Kyrgyzstan,Asia,76.0,6524765.0,88.0,884.0,74145.0,29.0
65,2020-07-06,7691.0,314.0,92.0,4.0,2843.0,4756.0,24.0,1179.0,14.0,236893.0,36305.0,Kyrgyzstan,Asia,74.0,6525059.0,41.0,848.0,70925.0,28.0
66,2020-07-07,8141.0,450.0,99.0,7.0,2916.0,5126.0,24.0,1248.0,15.0,236893.0,36303.0,Kyrgyzstan,Asia,74.0,6525353.0,73.0,802.0,65913.0,28.0
67,2020-07-08,8486.0,345.0,112.0,13.0,2983.0,5391.0,24.0,1300.0,17.0,236893.0,36302.0,Kyrgyzstan,Asia,74.0,6525648.0,67.0,769.0,58265.0,28.0
68,2020-07-09,8847.0,361.0,116.0,4.0,3053.0,5678.0,24.0,1356.0,18.0,236893.0,36300.0,Kyrgyzstan,Asia,72.0,6525942.0,70.0,738.0,56258.0,28.0
69,2020-07-10,9358.0,511.0,122.0,6.0,3134.0,6102.0,24.0,1434.0,19.0,236893.0,36299.0,Kyrgyzstan,Asia,71.0,6526236.0,81.0,697.0,53494.0,28.0
70,2020-07-11,9910.0,552.0,125.0,3.0,3236.0,6549.0,24.0,1518.0,19.0,249996.0,38305.0,Kyrgyzstan,Asia,69.0,6526531.0,102.0,659.0,52212.0,26.0
71,2020-07-12,10629.0,719.0,132.0,7.0,3387.0,7110.0,24.0,1628.0,20.0,249996.0,38301.0,Kyrgyzstan,Asia,68.0,6527120.0,151.0,614.0,49448.0,26.0
72,2020-07-13,11117.0,488.0,147.0,15.0,3460.0,7510.0,24.0,1703.0,23.0,255242.0,39105.0,Kyrgyzstan,Asia,68.0,6527120.0,73.0,587.0,44402.0,26.0
73,2020-07-14,11444.0,327.0,149.0,2.0,3538.0,7757.0,24.0,1753.0,23.0,256698.0,39326.0,Kyrgyzstan,Asia,68.0,6527414.0,78.0,570.0,43808.0,25.0
74,2020-07-15,11977.0,533.0,160.0,11.0,3660.0,8157.0,24.0,1835.0,25.0,259793.0,39799.0,Kyrgyzstan,Asia,68.0,6527708.0,122.0,545.0,40798.0,25.0
75,2020-07-16,12498.0,521.0,167.0,7.0,3735.0,8596.0,24.0,1915.0,26.0,259793.0,39797.0,Kyrgyzstan,Asia,68.0,6528003.0,75.0,522.0,39090.0,25.0
76,2020-07-17,13101.0,603.0,173.0,6.0,3821.0,9107.0,24.0,2007.0,27.0,262894.0,40270.0,Kyrgyzstan,Asia,68.0,6528297.0,86.0,498.0,37736.0,25.0
77,2020-07-18,13101.0,-1.0,173.0,-1.0,3821.0,9107.0,24.0,2007.0,26.0,262894.0,40268.0,Kyrgyzstan,Asia,68.0,6528591.0,-1.0,498.0,37738.0,25.0
78,2020-07-19,26532.0,1926.0,1003.0,103.0,12328.0,13201.0,24.0,4064.0,154.0,262894.0,40266.0,Kyrgyzstan,Asia,54.0,6528886.0,1624.0,246.0,6509.0,25.0
