,Date,Tot cases,New cases,Tot Deaths,New Deaths,Total Recovered,Active Cases,Serious,Tot C par million,Deaths par million,Total Test,Tot T par million,Country,Continent,index,population,New Recov,col1,col2,col3
0,2020-05-02,4729.0,160.0,173.0,2.0,1256.0,3300.0,1.0,128.0,5.0,39367.0,1067.0,Morocco,Africa,,,0.0,,,
1,2020-05-03,4903.0,174.0,174.0,1.0,1438.0,3291.0,1.0,133.0,5.0,42112.0,1141.0,Morocco,Africa,,,0.0,,,
2,2020-05-04,5053.0,150.0,179.0,5.0,1653.0,3221.0,1.0,137.0,5.0,45302.0,1227.0,Morocco,Africa,,,0.0,,,
3,2020-05-05,5219.0,-1.0,181.0,-1.0,1838.0,3200.0,1.0,141.0,5.0,49570.0,1343.0,Morocco,Africa,,,0.0,,,
4,2020-05-06,5408.0,189.0,183.0,2.0,2017.0,3208.0,1.0,147.0,5.0,52958.0,1435.0,Morocco,Africa,,,0.0,,,
5,2020-05-07,5548.0,140.0,183.0,-1.0,2179.0,3186.0,1.0,150.0,5.0,56492.0,1531.0,Morocco,Africa,,,0.0,,,
6,2020-05-08,5711.0,-1.0,186.0,-1.0,2324.0,3201.0,1.0,155.0,5.0,59871.0,1622.0,Morocco,Africa,,,0.0,,,
7,2020-05-09,5910.0,-1.0,186.0,-1.0,2461.0,3263.0,1.0,160.0,5.0,63059.0,1708.0,Morocco,Africa,,,0.0,,,
8,2020-05-10,6063.0,153.0,188.0,2.0,2554.0,3321.0,1.0,164.0,5.0,65924.0,1786.0,Morocco,Africa,,,0.0,,,
9,2020-05-11,6281.0,218.0,188.0,-1.0,2811.0,3282.0,1.0,170.0,5.0,68980.0,1869.0,Morocco,Africa,,,0.0,,,
10,2020-05-12,6418.0,137.0,188.0,-1.0,2991.0,3239.0,1.0,174.0,5.0,71815.0,1946.0,Morocco,Africa,,,0.0,,,
11,2020-05-13,6512.0,94.0,188.0,-1.0,3131.0,3193.0,1.0,176.0,5.0,75870.0,2056.0,Morocco,Africa,,,0.0,,,
12,2020-05-14,6607.0,95.0,190.0,2.0,3310.0,3107.0,1.0,179.0,5.0,77922.0,2111.0,Morocco,Africa,,,0.0,,,
13,2020-05-15,6652.0,45.0,190.0,-1.0,3400.0,3062.0,1.0,181.0,5.0,81616.0,2215.0,Morocco,Africa,52.0,36852978.0,0.0,,,
14,2020-05-16,6741.0,89.0,192.0,2.0,3487.0,3062.0,1.0,183.0,5.0,85004.0,2306.0,Morocco,Africa,54.0,36854173.0,0.0,,,
15,2020-05-17,6870.0,129.0,192.0,-1.0,3660.0,3018.0,1.0,186.0,5.0,89957.0,2441.0,Morocco,Africa,54.0,36855368.0,0.0,,,
16,2020-05-18,6952.0,82.0,192.0,-1.0,3758.0,3002.0,1.0,189.0,5.0,94595.0,2567.0,Morocco,Africa,54.0,36856563.0,0.0,,,
17,2020-05-19,7023.0,71.0,193.0,1.0,3901.0,2929.0,1.0,191.0,5.0,100367.0,2723.0,Morocco,Africa,54.0,36857758.0,0.0,,,
18,2020-05-20,7133.0,110.0,194.0,1.0,4098.0,2841.0,1.0,194.0,5.0,104915.0,2846.0,Morocco,Africa,53.0,36858953.0,0.0,,,
19,2020-05-21,7211.0,78.0,196.0,2.0,4280.0,2735.0,1.0,196.0,5.0,112997.0,3066.0,Morocco,Africa,54.0,36860148.0,0.0,,,
20,2020-05-22,7332.0,121.0,197.0,1.0,4377.0,2758.0,1.0,199.0,5.0,123402.0,3348.0,Morocco,Africa,54.0,36861343.0,0.0,,,
21,2020-05-23,7406.0,74.0,198.0,1.0,4638.0,2570.0,1.0,201.0,5.0,133561.0,3623.0,Morocco,Africa,54.0,36862538.0,0.0,,,
22,2020-05-24,7433.0,27.0,199.0,1.0,4703.0,2531.0,1.0,202.0,5.0,142127.0,3855.0,Morocco,Africa,56.0,36863733.0,0.0,,,
23,2020-05-25,7532.0,99.0,200.0,1.0,4774.0,2558.0,1.0,204.0,5.0,152203.0,4129.0,Morocco,Africa,56.0,36864928.0,0.0,,,
24,2020-05-26,7556.0,24.0,202.0,2.0,4841.0,2513.0,1.0,205.0,5.0,155579.0,4220.0,Morocco,Africa,57.0,36866123.0,0.0,,,
25,2020-05-27,7601.0,-1.0,202.0,-1.0,4978.0,2421.0,1.0,206.0,5.0,170713.0,4630.0,Morocco,Africa,58.0,36868513.0,0.0,,,
26,2020-05-28,7643.0,42.0,202.0,-1.0,5195.0,2246.0,1.0,207.0,5.0,180189.0,4887.0,Morocco,Africa,59.0,36868513.0,0.0,,,
27,2020-05-29,7714.0,71.0,202.0,-1.0,5271.0,2241.0,1.0,209.0,5.0,190061.0,5155.0,Morocco,Africa,60.0,36869708.0,0.0,,,
28,2020-05-30,7780.0,66.0,204.0,2.0,5401.0,2175.0,1.0,211.0,6.0,199998.0,5424.0,Morocco,Africa,59.0,36870903.0,0.0,,,
29,2020-05-31,7807.0,27.0,205.0,1.0,5459.0,2143.0,18.0,212.0,6.0,209139.0,5672.0,Morocco,Africa,61.0,36872098.0,0.0,,,
30,2020-06-01,7833.0,26.0,205.0,-1.0,5893.0,1735.0,18.0,212.0,6.0,221554.0,6009.0,Morocco,Africa,61.0,36873293.0,0.0,,,
31,2020-06-02,7866.0,33.0,206.0,1.0,6410.0,1250.0,13.0,213.0,6.0,234651.0,6364.0,Morocco,Africa,61.0,36874488.0,517.0,4688.0,179002.0,157.0
32,2020-06-03,7922.0,56.0,206.0,-1.0,6866.0,850.0,13.0,215.0,6.0,247824.0,6721.0,Morocco,Africa,62.0,36875683.0,456.0,4655.0,179008.0,149.0
33,2020-06-04,8003.0,81.0,208.0,2.0,7195.0,600.0,15.0,217.0,6.0,261010.0,7078.0,Morocco,Africa,62.0,36876878.0,329.0,4608.0,177293.0,141.0
34,2020-06-05,8071.0,68.0,208.0,-1.0,7268.0,595.0,15.0,219.0,6.0,275349.0,7466.0,Morocco,Africa,62.0,36878073.0,73.0,4569.0,177298.0,134.0
35,2020-06-06,8151.0,80.0,208.0,-1.0,7315.0,628.0,15.0,221.0,6.0,289457.0,7849.0,Morocco,Africa,62.0,36879268.0,47.0,4525.0,177304.0,127.0
36,2020-06-07,8224.0,73.0,208.0,-1.0,7364.0,652.0,15.0,223.0,6.0,305953.0,8296.0,Morocco,Africa,62.0,36880463.0,49.0,4484.0,177310.0,121.0
37,2020-06-08,8302.0,78.0,208.0,-1.0,7408.0,686.0,15.0,225.0,6.0,322703.0,8750.0,Morocco,Africa,62.0,36881658.0,44.0,4443.0,177316.0,114.0
38,2020-06-09,8437.0,135.0,210.0,2.0,7493.0,734.0,15.0,229.0,6.0,335643.0,9100.0,Morocco,Africa,61.0,36882853.0,85.0,4372.0,175633.0,110.0
39,2020-06-10,8508.0,71.0,211.0,1.0,7565.0,732.0,15.0,231.0,6.0,356051.0,9653.0,Morocco,Africa,63.0,36884048.0,72.0,4335.0,174806.0,104.0
40,2020-06-11,8537.0,29.0,211.0,-1.0,7583.0,743.0,7.0,231.0,6.0,372591.0,10101.0,Morocco,Africa,63.0,36885243.0,18.0,4321.0,174812.0,99.0
41,2020-06-12,8610.0,73.0,212.0,1.0,7618.0,780.0,7.0,233.0,6.0,389142.0,10550.0,Morocco,Africa,63.0,36886438.0,35.0,4284.0,173993.0,95.0
42,2020-06-13,8692.0,82.0,212.0,-1.0,7696.0,784.0,7.0,236.0,6.0,405898.0,11004.0,Morocco,Africa,62.0,36887633.0,78.0,4244.0,173998.0,91.0
43,2020-06-14,8793.0,101.0,212.0,-1.0,7765.0,816.0,7.0,238.0,6.0,422520.0,11454.0,Morocco,Africa,62.0,36888828.0,69.0,4195.0,174004.0,87.0
44,2020-06-15,8885.0,92.0,212.0,-1.0,7828.0,845.0,7.0,241.0,6.0,439272.0,11908.0,Morocco,Africa,63.0,36890023.0,63.0,4152.0,174010.0,84.0
45,2020-06-16,8931.0,46.0,212.0,-1.0,7937.0,782.0,7.0,242.0,6.0,455768.0,12354.0,Morocco,Africa,64.0,36891218.0,109.0,4131.0,174015.0,81.0
46,2020-06-17,8997.0,66.0,213.0,1.0,7993.0,791.0,7.0,244.0,6.0,471736.0,12787.0,Morocco,Africa,64.0,36892413.0,56.0,4101.0,173204.0,78.0
47,2020-06-18,9074.0,77.0,213.0,-1.0,8041.0,820.0,7.0,246.0,6.0,488947.0,13253.0,Morocco,Africa,64.0,36893608.0,48.0,4066.0,173209.0,75.0
48,2020-06-19,9613.0,539.0,213.0,-1.0,8117.0,1283.0,7.0,261.0,6.0,505636.0,13705.0,Morocco,Africa,64.0,36894803.0,76.0,3838.0,173215.0,73.0
49,2020-06-20,9839.0,226.0,213.0,-1.0,8223.0,1403.0,7.0,267.0,6.0,522166.0,14152.0,Morocco,Africa,64.0,36897193.0,106.0,3750.0,173226.0,71.0
50,2020-06-21,9977.0,138.0,214.0,1.0,8284.0,1479.0,7.0,270.0,6.0,530578.0,14380.0,Morocco,Africa,64.0,36897193.0,61.0,3698.0,172417.0,70.0
51,2020-06-22,10172.0,195.0,214.0,-1.0,8366.0,1592.0,7.0,276.0,6.0,556695.0,15087.0,Morocco,Africa,64.0,36898388.0,82.0,3627.0,172422.0,66.0
52,2020-06-23,10344.0,172.0,214.0,-1.0,8407.0,1723.0,7.0,280.0,6.0,575176.0,15588.0,Morocco,Africa,64.0,36899583.0,41.0,3567.0,172428.0,64.0
53,2020-06-24,10907.0,563.0,216.0,2.0,8468.0,2223.0,7.0,296.0,6.0,591757.0,16036.0,Morocco,Africa,63.0,36900779.0,61.0,3383.0,170837.0,62.0
54,2020-06-25,11338.0,431.0,217.0,1.0,8500.0,2621.0,7.0,307.0,6.0,600383.0,16270.0,Morocco,Africa,63.0,36901974.0,32.0,3255.0,170055.0,61.0
55,2020-06-26,11633.0,295.0,218.0,1.0,8656.0,2759.0,7.0,315.0,6.0,620435.0,16813.0,Morocco,Africa,64.0,36903169.0,156.0,3172.0,169281.0,59.0
56,2020-06-27,11877.0,244.0,220.0,2.0,8723.0,2934.0,7.0,322.0,6.0,633494.0,17166.0,Morocco,Africa,64.0,36904364.0,67.0,3107.0,167747.0,58.0
57,2020-06-28,12052.0,175.0,221.0,1.0,8740.0,3091.0,7.0,327.0,6.0,646195.0,17509.0,Morocco,Africa,64.0,36905559.0,17.0,3062.0,166993.0,57.0
58,2020-06-29,12290.0,238.0,225.0,4.0,8833.0,3232.0,7.0,333.0,6.0,662814.0,17959.0,Morocco,Africa,64.0,36906754.0,93.0,3003.0,164030.0,56.0
59,2020-06-30,12533.0,243.0,228.0,3.0,8920.0,3385.0,7.0,340.0,6.0,681191.0,18456.0,Morocco,Africa,64.0,36907949.0,87.0,2945.0,161877.0,54.0
60,2020-07-01,12636.0,103.0,228.0,-1.0,9026.0,3382.0,7.0,342.0,6.0,698128.0,18915.0,Morocco,Africa,63.0,36909144.0,106.0,2921.0,161882.0,53.0
61,2020-07-02,12969.0,333.0,229.0,1.0,9090.0,3650.0,7.0,351.0,6.0,715853.0,19394.0,Morocco,Africa,61.0,36910339.0,64.0,2846.0,161181.0,52.0
62,2020-07-03,13288.0,319.0,230.0,1.0,9160.0,3898.0,7.0,360.0,6.0,728366.0,19733.0,Morocco,Africa,61.0,36911534.0,70.0,2778.0,160485.0,51.0
63,2020-07-04,13822.0,534.0,232.0,2.0,9329.0,4261.0,19.0,374.0,6.0,748449.0,20276.0,Morocco,Africa,61.0,36912729.0,169.0,2671.0,159107.0,49.0
64,2020-07-05,14215.0,393.0,235.0,3.0,9725.0,4255.0,19.0,385.0,6.0,765580.0,20740.0,Morocco,Africa,61.0,36913924.0,396.0,2597.0,157081.0,48.0
65,2020-07-06,14379.0,164.0,237.0,2.0,10173.0,3969.0,19.0,390.0,6.0,783639.0,21228.0,Morocco,Africa,61.0,36915119.0,448.0,2567.0,155760.0,47.0
66,2020-07-07,14607.0,228.0,240.0,3.0,10639.0,3728.0,19.0,396.0,7.0,801287.0,21705.0,Morocco,Africa,62.0,36916314.0,466.0,2527.0,153818.0,46.0
67,2020-07-08,14771.0,164.0,242.0,2.0,11316.0,3213.0,19.0,400.0,7.0,819124.0,22188.0,Morocco,Africa,62.0,36917509.0,677.0,2499.0,152552.0,45.0
68,2020-07-09,15079.0,308.0,242.0,-1.0,11447.0,3390.0,19.0,408.0,7.0,835264.0,22624.0,Morocco,Africa,61.0,36918704.0,131.0,2448.0,152557.0,44.0
69,2020-07-10,15328.0,249.0,243.0,1.0,11827.0,3258.0,19.0,415.0,7.0,849097.0,22998.0,Morocco,Africa,61.0,36919899.0,380.0,2409.0,151934.0,43.0
70,2020-07-11,15542.0,214.0,245.0,2.0,12065.0,3232.0,19.0,421.0,7.0,864594.0,23417.0,Morocco,Africa,61.0,36921094.0,238.0,2376.0,150698.0,43.0
71,2020-07-12,15745.0,203.0,250.0,5.0,12283.0,3212.0,19.0,426.0,7.0,878626.0,23796.0,Morocco,Africa,61.0,36923484.0,218.0,2345.0,147694.0,42.0
72,2020-07-13,15936.0,191.0,255.0,5.0,12934.0,2747.0,31.0,432.0,7.0,896638.0,24284.0,Morocco,Africa,61.0,36923484.0,651.0,2317.0,144798.0,41.0
73,2020-07-14,16097.0,161.0,257.0,2.0,13442.0,2398.0,31.0,436.0,7.0,915140.0,24784.0,Morocco,Africa,61.0,36924679.0,508.0,2294.0,143676.0,40.0
74,2020-07-15,16262.0,165.0,259.0,2.0,13821.0,2182.0,31.0,440.0,7.0,924695.0,25042.0,Morocco,Africa,61.0,36925874.0,379.0,2271.0,142571.0,40.0
75,2020-07-16,16545.0,283.0,263.0,4.0,13965.0,2317.0,31.0,448.0,7.0,953715.0,25827.0,Morocco,Africa,61.0,36927069.0,144.0,2232.0,140407.0,39.0
76,2020-07-17,16726.0,181.0,264.0,1.0,14360.0,2102.0,31.0,453.0,7.0,973404.0,26359.0,Morocco,Africa,61.0,36928264.0,395.0,2208.0,139880.0,38.0
77,2020-07-18,17015.0,289.0,269.0,5.0,14620.0,2126.0,31.0,461.0,7.0,990514.0,26822.0,Morocco,Africa,61.0,36929459.0,260.0,2170.0,137284.0,37.0
78,2020-07-19,17236.0,221.0,273.0,4.0,14921.0,2042.0,31.0,467.0,7.0,1009326.0,27330.0,Morocco,Africa,62.0,36930654.0,301.0,2143.0,135277.0,37.0
