,Date,Tot cases,New cases,Tot Deaths,New Deaths,Total Recovered,Active Cases,Serious,Tot C par million,Deaths par million,Total Test,Tot T par million,Country,Continent,index,population,New Recov,col1,col2,col3
0,2020-05-02,446.0,22.0,10.0,-1.0,138.0,298.0,2.0,69.0,2.0,26961.0,4157.0,El Salvador,North America,,,0.0,,,
1,2020-05-03,490.0,44.0,11.0,-1.0,154.0,325.0,3.0,76.0,2.0,28596.0,4409.0,El Salvador,North America,,,0.0,,,
2,2020-05-04,555.0,65.0,13.0,2.0,180.0,362.0,3.0,86.0,2.0,30387.0,4685.0,El Salvador,North America,,,0.0,,,
3,2020-05-05,587.0,-1.0,14.0,1.0,205.0,368.0,3.0,90.0,2.0,32030.0,4938.0,El Salvador,North America,,,0.0,,,
4,2020-05-06,633.0,46.0,14.0,1.0,219.0,400.0,4.0,98.0,2.0,33628.0,5185.0,El Salvador,North America,,,0.0,,,
5,2020-05-07,695.0,62.0,15.0,-1.0,245.0,435.0,4.0,107.0,2.0,35411.0,5459.0,El Salvador,North America,,,0.0,,,
6,2020-05-08,742.0,-1.0,16.0,-1.0,257.0,469.0,4.0,114.0,2.0,37306.0,5752.0,El Salvador,North America,,,0.0,,,
7,2020-05-09,784.0,-1.0,17.0,-1.0,276.0,491.0,4.0,121.0,3.0,39079.0,6025.0,El Salvador,North America,,,0.0,,,
8,2020-05-10,889.0,105.0,17.0,-1.0,293.0,579.0,4.0,137.0,3.0,41090.0,6335.0,El Salvador,North America,,,0.0,,,
9,2020-05-11,958.0,69.0,18.0,1.0,325.0,615.0,4.0,148.0,3.0,43043.0,6636.0,El Salvador,North America,,,0.0,,,
10,2020-05-12,998.0,40.0,18.0,-1.0,349.0,631.0,15.0,154.0,3.0,44926.0,6926.0,El Salvador,North America,,,0.0,,,
11,2020-05-13,1037.0,39.0,20.0,-1.0,374.0,643.0,15.0,160.0,3.0,46831.0,7220.0,El Salvador,North America,,,0.0,,,
12,2020-05-14,1112.0,75.0,20.0,-1.0,405.0,687.0,19.0,171.0,3.0,48913.0,7541.0,El Salvador,North America,,,0.0,,,
13,2020-05-15,1210.0,98.0,23.0,-1.0,416.0,771.0,19.0,187.0,4.0,51142.0,7890.0,El Salvador,North America,92.0,6482018.0,0.0,,,
14,2020-05-16,1265.0,55.0,26.0,3.0,441.0,798.0,18.0,195.0,4.0,53412.0,8240.0,El Salvador,North America,94.0,6482107.0,0.0,,,
15,2020-05-17,1338.0,73.0,27.0,1.0,462.0,849.0,23.0,206.0,4.0,55694.0,8592.0,El Salvador,North America,93.0,6482197.0,0.0,,,
16,2020-05-18,1413.0,75.0,30.0,3.0,474.0,909.0,21.0,218.0,5.0,57883.0,8929.0,El Salvador,North America,93.0,6482286.0,0.0,,,
17,2020-05-19,1498.0,85.0,30.0,-1.0,502.0,966.0,27.0,231.0,5.0,60341.0,9308.0,El Salvador,North America,90.0,6482375.0,0.0,,,
18,2020-05-20,1571.0,73.0,31.0,1.0,531.0,1009.0,27.0,242.0,5.0,62838.0,9694.0,El Salvador,North America,90.0,6482464.0,0.0,,,
19,2020-05-21,1640.0,69.0,32.0,1.0,540.0,1068.0,26.0,253.0,5.0,65226.0,10062.0,El Salvador,North America,88.0,6482554.0,0.0,,,
20,2020-05-22,1725.0,85.0,33.0,-1.0,562.0,1130.0,26.0,266.0,5.0,67663.0,10438.0,El Salvador,North America,88.0,6482643.0,0.0,,,
21,2020-05-23,1819.0,94.0,33.0,-1.0,570.0,1216.0,25.0,281.0,5.0,70225.0,10833.0,El Salvador,North America,87.0,6482732.0,0.0,,,
22,2020-05-24,1915.0,96.0,35.0,2.0,594.0,1286.0,25.0,295.0,5.0,72616.0,11201.0,El Salvador,North America,87.0,6482821.0,0.0,,,
23,2020-05-25,1983.0,68.0,35.0,-1.0,698.0,1250.0,25.0,306.0,5.0,75146.0,11591.0,El Salvador,North America,85.0,6482911.0,0.0,,,
24,2020-05-26,2042.0,59.0,36.0,1.0,787.0,1219.0,25.0,315.0,6.0,77482.0,11952.0,El Salvador,North America,85.0,6483000.0,0.0,,,
25,2020-05-27,2109.0,-1.0,37.0,-1.0,873.0,1199.0,29.0,325.0,6.0,79711.0,12295.0,El Salvador,North America,85.0,6483178.0,0.0,,,
26,2020-05-28,2194.0,85.0,39.0,2.0,1002.0,1153.0,32.0,338.0,6.0,82243.0,12686.0,El Salvador,North America,85.0,6483178.0,0.0,,,
27,2020-05-29,2278.0,84.0,42.0,3.0,1015.0,1221.0,30.0,351.0,6.0,84650.0,13057.0,El Salvador,North America,84.0,6483267.0,0.0,,,
28,2020-05-30,2395.0,117.0,44.0,2.0,1026.0,1325.0,45.0,369.0,7.0,86972.0,13415.0,El Salvador,North America,84.0,6483357.0,0.0,,,
29,2020-05-31,2517.0,122.0,46.0,2.0,1040.0,1431.0,53.0,388.0,7.0,89358.0,13782.0,El Salvador,North America,82.0,6483446.0,0.0,,,
30,2020-06-01,2582.0,65.0,46.0,-1.0,1063.0,1473.0,53.0,398.0,7.0,91837.0,14165.0,El Salvador,North America,82.0,6483535.0,0.0,,,
31,2020-06-02,2653.0,71.0,46.0,-1.0,1116.0,1491.0,53.0,409.0,7.0,94272.0,14540.0,El Salvador,North America,82.0,6483624.0,53.0,2444.0,140948.0,69.0
32,2020-06-03,2705.0,52.0,49.0,3.0,1179.0,1477.0,51.0,417.0,8.0,96647.0,14906.0,El Salvador,North America,82.0,6483714.0,63.0,2397.0,132321.0,67.0
33,2020-06-04,2781.0,76.0,51.0,2.0,1208.0,1522.0,59.0,429.0,8.0,99178.0,15296.0,El Salvador,North America,82.0,6483803.0,29.0,2331.0,127133.0,65.0
34,2020-06-05,2849.0,68.0,53.0,2.0,1249.0,1547.0,58.0,439.0,8.0,101604.0,15670.0,El Salvador,North America,83.0,6483892.0,41.0,2276.0,122338.0,64.0
35,2020-06-06,2934.0,85.0,53.0,-1.0,1281.0,1600.0,58.0,452.0,8.0,104060.0,16049.0,El Salvador,North America,83.0,6483981.0,32.0,2210.0,122339.0,62.0
36,2020-06-07,3015.0,81.0,53.0,-1.0,1305.0,1657.0,79.0,465.0,8.0,106548.0,16432.0,El Salvador,North America,84.0,6484071.0,24.0,2151.0,122341.0,61.0
37,2020-06-08,3104.0,89.0,55.0,2.0,1361.0,1688.0,92.0,479.0,8.0,108924.0,16798.0,El Salvador,North America,83.0,6484160.0,56.0,2089.0,117894.0,60.0
38,2020-06-09,3191.0,87.0,58.0,3.0,1413.0,1720.0,91.0,492.0,9.0,111274.0,17161.0,El Salvador,North America,83.0,6484249.0,52.0,2032.0,111797.0,58.0
39,2020-06-10,3274.0,83.0,60.0,2.0,1438.0,1776.0,91.0,505.0,9.0,113656.0,17528.0,El Salvador,North America,83.0,6484338.0,25.0,1981.0,108072.0,57.0
40,2020-06-11,3373.0,99.0,64.0,-1.0,1497.0,1812.0,101.0,520.0,10.0,116027.0,17893.0,El Salvador,North America,83.0,6484427.0,59.0,1922.0,101319.0,56.0
41,2020-06-12,3481.0,108.0,68.0,4.0,1587.0,1826.0,128.0,537.0,10.0,118483.0,18272.0,El Salvador,North America,82.0,6484517.0,90.0,1863.0,95361.0,55.0
42,2020-06-13,3603.0,122.0,72.0,4.0,1738.0,1793.0,126.0,556.0,11.0,120941.0,18650.0,El Salvador,North America,82.0,6484606.0,151.0,1800.0,90064.0,54.0
43,2020-06-14,3720.0,117.0,72.0,-1.0,1837.0,1811.0,137.0,574.0,11.0,123360.0,19023.0,El Salvador,North America,82.0,6484695.0,99.0,1743.0,90065.0,53.0
44,2020-06-15,3826.0,106.0,74.0,2.0,1912.0,1840.0,138.0,590.0,11.0,125759.0,19393.0,El Salvador,North America,82.0,6484784.0,75.0,1695.0,87632.0,52.0
45,2020-06-16,3941.0,115.0,76.0,2.0,2041.0,1824.0,139.0,608.0,12.0,128204.0,19770.0,El Salvador,North America,83.0,6484874.0,129.0,1645.0,85327.0,51.0
46,2020-06-17,4066.0,125.0,78.0,2.0,2137.0,1851.0,143.0,627.0,12.0,130677.0,20151.0,El Salvador,North America,83.0,6484963.0,96.0,1595.0,83141.0,50.0
47,2020-06-18,4200.0,134.0,82.0,3.0,2235.0,1883.0,143.0,648.0,13.0,130677.0,20150.0,El Salvador,North America,82.0,6485052.0,98.0,1544.0,79086.0,50.0
48,2020-06-19,4329.0,129.0,86.0,4.0,2310.0,1933.0,136.0,668.0,13.0,135570.0,20905.0,El Salvador,North America,82.0,6485141.0,75.0,1498.0,75409.0,48.0
49,2020-06-20,4475.0,146.0,93.0,7.0,2449.0,1933.0,131.0,690.0,14.0,137996.0,21278.0,El Salvador,North America,81.0,6485320.0,139.0,1449.0,69735.0,47.0
50,2020-06-21,4626.0,151.0,98.0,5.0,2535.0,1993.0,136.0,713.0,15.0,140429.0,21653.0,El Salvador,North America,80.0,6485320.0,86.0,1402.0,66177.0,46.0
51,2020-06-22,4808.0,182.0,107.0,9.0,2655.0,2046.0,149.0,741.0,16.0,142886.0,22032.0,El Salvador,North America,79.0,6485409.0,120.0,1349.0,60611.0,45.0
52,2020-06-23,4973.0,165.0,113.0,6.0,2814.0,2046.0,143.0,767.0,17.0,145341.0,22410.0,El Salvador,North America,79.0,6485498.0,159.0,1304.0,57394.0,45.0
53,2020-06-24,5150.0,177.0,119.0,6.0,2924.0,2107.0,141.0,794.0,18.0,147771.0,22785.0,El Salvador,North America,79.0,6485588.0,110.0,1259.0,54501.0,44.0
54,2020-06-25,5336.0,186.0,126.0,7.0,3116.0,2094.0,138.0,823.0,19.0,150252.0,23167.0,El Salvador,North America,79.0,6485677.0,192.0,1215.0,51474.0,43.0
55,2020-06-26,5517.0,181.0,133.0,7.0,3291.0,2093.0,137.0,851.0,21.0,152729.0,23548.0,El Salvador,North America,79.0,6485766.0,175.0,1176.0,48765.0,42.0
56,2020-06-27,5727.0,210.0,143.0,10.0,3447.0,2137.0,172.0,883.0,22.0,155301.0,23945.0,El Salvador,North America,78.0,6485855.0,156.0,1133.0,45356.0,42.0
57,2020-06-28,5934.0,207.0,152.0,9.0,3557.0,2225.0,169.0,915.0,23.0,157799.0,24329.0,El Salvador,North America,77.0,6485944.0,110.0,1093.0,42671.0,41.0
58,2020-06-29,6173.0,239.0,164.0,12.0,3648.0,2361.0,172.0,952.0,25.0,160216.0,24702.0,El Salvador,North America,77.0,6486034.0,91.0,1051.0,39549.0,40.0
59,2020-06-30,6438.0,265.0,174.0,10.0,3770.0,2494.0,165.0,993.0,27.0,162711.0,25086.0,El Salvador,North America,75.0,6486123.0,122.0,1007.0,37277.0,40.0
60,2020-07-01,6736.0,298.0,182.0,8.0,3964.0,2590.0,168.0,1039.0,28.0,165161.0,25463.0,El Salvador,North America,75.0,6486212.0,194.0,963.0,35639.0,39.0
61,2020-07-02,7000.0,264.0,191.0,9.0,4115.0,2694.0,202.0,1079.0,29.0,167584.0,25837.0,El Salvador,North America,75.0,6486301.0,151.0,927.0,33960.0,39.0
62,2020-07-03,7267.0,267.0,202.0,11.0,4268.0,2797.0,211.0,1120.0,31.0,170017.0,26211.0,El Salvador,North America,73.0,6486391.0,153.0,893.0,32111.0,38.0
63,2020-07-04,7507.0,240.0,210.0,8.0,4434.0,2863.0,215.0,1157.0,32.0,172455.0,26587.0,El Salvador,North America,73.0,6486480.0,166.0,864.0,30888.0,38.0
64,2020-07-05,7777.0,270.0,217.0,7.0,4573.0,2987.0,215.0,1199.0,33.0,174930.0,26968.0,El Salvador,North America,73.0,6486569.0,139.0,834.0,29892.0,37.0
65,2020-07-06,8027.0,250.0,223.0,6.0,4730.0,3074.0,234.0,1237.0,34.0,177366.0,27343.0,El Salvador,North America,73.0,6486658.0,157.0,808.0,29088.0,37.0
66,2020-07-07,8307.0,280.0,229.0,6.0,4929.0,3149.0,234.0,1281.0,35.0,179862.0,27728.0,El Salvador,North America,72.0,6486748.0,199.0,781.0,28326.0,36.0
67,2020-07-08,8566.0,259.0,235.0,6.0,5133.0,3198.0,242.0,1321.0,36.0,182361.0,28112.0,El Salvador,North America,72.0,6486837.0,204.0,757.0,27604.0,36.0
68,2020-07-09,8844.0,278.0,243.0,8.0,5289.0,3312.0,269.0,1363.0,37.0,184831.0,28493.0,El Salvador,North America,73.0,6486926.0,156.0,733.0,26695.0,35.0
69,2020-07-10,9142.0,298.0,249.0,6.0,5428.0,3465.0,274.0,1409.0,38.0,187316.0,28876.0,El Salvador,North America,72.0,6487015.0,139.0,710.0,26052.0,35.0
70,2020-07-11,9391.0,249.0,254.0,5.0,5516.0,3621.0,298.0,1448.0,39.0,189746.0,29250.0,El Salvador,North America,72.0,6487104.0,88.0,691.0,25540.0,34.0
71,2020-07-12,9674.0,283.0,260.0,6.0,5634.0,3780.0,319.0,1491.0,40.0,192206.0,29628.0,El Salvador,North America,72.0,6487283.0,118.0,671.0,24951.0,34.0
72,2020-07-13,9978.0,304.0,267.0,7.0,5732.0,3979.0,334.0,1538.0,41.0,194655.0,30006.0,El Salvador,North America,72.0,6487283.0,98.0,650.0,24297.0,33.0
73,2020-07-14,10303.0,325.0,278.0,11.0,5919.0,4106.0,357.0,1588.0,43.0,197151.0,30390.0,El Salvador,North America,71.0,6487372.0,187.0,630.0,23336.0,33.0
74,2020-07-15,10645.0,342.0,286.0,8.0,6120.0,4239.0,398.0,1641.0,44.0,199637.0,30773.0,El Salvador,North America,70.0,6487461.0,201.0,609.0,22683.0,32.0
75,2020-07-16,10957.0,312.0,298.0,12.0,6257.0,4402.0,413.0,1689.0,46.0,202126.0,31156.0,El Salvador,North America,70.0,6487551.0,137.0,592.0,21770.0,32.0
76,2020-07-17,11207.0,250.0,309.0,11.0,6422.0,4476.0,412.0,1727.0,48.0,204609.0,31538.0,El Salvador,North America,71.0,6487640.0,165.0,579.0,20996.0,32.0
77,2020-07-18,11508.0,301.0,324.0,15.0,6560.0,4624.0,410.0,1774.0,50.0,207024.0,31910.0,El Salvador,North America,70.0,6487729.0,138.0,564.0,20024.0,31.0
78,2020-07-19,11846.0,338.0,335.0,11.0,6705.0,4806.0,414.0,1826.0,52.0,209446.0,32283.0,El Salvador,North America,71.0,6487818.0,145.0,548.0,19367.0,31.0
79,2020-07-20,12207.0,361.0,344.0,9.0,6831.0,5032.0,419.0,1882.0,53.0,211896.0,32660.0,El Salvador,North America,70.0,6487908.0,126.0,531.0,18860.0,31.0
80,2020-07-21,12582.0,375.0,352.0,8.0,6965.0,5265.0,427.0,1939.0,54.0,214443.0,33052.0,El Salvador,North America,71.0,6487997.0,134.0,516.0,18432.0,30.0
81,2020-07-22,12975.0,393.0,363.0,11.0,7119.0,5493.0,438.0,2000.0,56.0,216916.0,33433.0,El Salvador,North America,70.0,6488086.0,154.0,500.0,17874.0,30.0
82,2020-07-23,13377.0,402.0,372.0,9.0,7276.0,5729.0,461.0,2062.0,57.0,219391.0,33814.0,El Salvador,North America,70.0,6488264.0,157.0,485.0,17442.0,30.0
83,2020-07-24,13792.0,415.0,379.0,7.0,7415.0,5998.0,486.0,2126.0,58.0,221820.0,34188.0,El Salvador,North America,69.0,6488264.0,139.0,470.0,17119.0,29.0
84,2020-07-25,14221.0,429.0,390.0,11.0,7549.0,6282.0,486.0,2192.0,60.0,221820.0,34187.0,El Salvador,North America,70.0,6488354.0,134.0,456.0,16637.0,29.0
85,2020-07-26,14630.0,409.0,400.0,10.0,7648.0,6582.0,486.0,2255.0,62.0,226718.0,34942.0,El Salvador,North America,70.0,6488443.0,99.0,444.0,16221.0,29.0
86,2020-07-27,15035.0,405.0,408.0,8.0,7778.0,6849.0,491.0,2317.0,63.0,229186.0,35322.0,El Salvador,North America,70.0,6488532.0,130.0,432.0,15903.0,28.0
87,2020-07-28,15446.0,411.0,417.0,9.0,7903.0,7126.0,489.0,2380.0,64.0,231684.0,35706.0,El Salvador,North America,70.0,6488711.0,125.0,420.0,15560.0,28.0
88,2020-07-29,15841.0,395.0,430.0,13.0,8071.0,7340.0,487.0,2441.0,66.0,234086.0,36076.0,El Salvador,North America,69.0,6488711.0,168.0,410.0,15090.0,28.0
89,2020-07-30,16230.0,389.0,439.0,9.0,8206.0,7585.0,503.0,2501.0,68.0,236501.0,36448.0,El Salvador,North America,71.0,6488800.0,135.0,400.0,14781.0,27.0
90,2020-07-31,16632.0,402.0,448.0,9.0,8362.0,7822.0,485.0,2563.0,69.0,238917.0,36819.0,El Salvador,North America,70.0,6488889.0,156.0,390.0,14484.0,27.0
91,2020-08-01,17050.0,418.0,459.0,11.0,8495.0,8096.0,485.0,2628.0,71.0,241359.0,37195.0,El Salvador,North America,70.0,6488978.0,133.0,381.0,14137.0,27.0
92,2020-08-02,17448.0,398.0,467.0,8.0,8634.0,8347.0,493.0,2689.0,72.0,243842.0,37577.0,El Salvador,North America,69.0,6489068.0,139.0,372.0,13895.0,27.0
