,Date,Tot cases,New cases,Tot Deaths,New Deaths,Total Recovered,Active Cases,Serious,Tot C par million,Deaths par million,Total Test,Tot T par million,Country,Continent,index,population,New Recov,col1,col2,col3
0,2020-05-02,4619.0,242.0,33.0,3.0,1703.0,2883.0,69.0,1082.0,8.0,179000.0,41915.0,Kuwait,Asia,,,0.0,,,
1,2020-05-03,4983.0,364.0,38.0,5.0,1776.0,3169.0,72.0,1167.0,9.0,196397.0,45988.0,Kuwait,Asia,,,0.0,,,
2,2020-05-04,5278.0,295.0,40.0,2.0,1947.0,3291.0,79.0,1236.0,9.0,196397.0,45988.0,Kuwait,Asia,,,0.0,,,
3,2020-05-05,5804.0,-1.0,40.0,-1.0,2032.0,3732.0,90.0,1359.0,9.0,196397.0,45988.0,Kuwait,Asia,,,0.0,,,
4,2020-05-06,6289.0,485.0,42.0,2.0,2219.0,4028.0,88.0,1473.0,10.0,196397.0,45988.0,Kuwait,Asia,,,0.0,,,
5,2020-05-07,6567.0,278.0,44.0,2.0,2381.0,4142.0,91.0,1538.0,10.0,196397.0,45988.0,Kuwait,Asia,,,0.0,,,
6,2020-05-08,7208.0,-1.0,47.0,-1.0,2466.0,4695.0,91.0,1688.0,11.0,196397.0,45988.0,Kuwait,Asia,,,0.0,,,
7,2020-05-09,7623.0,-1.0,49.0,-1.0,2622.0,4952.0,95.0,1785.0,11.0,196397.0,45988.0,Kuwait,Asia,,,0.0,,,
8,2020-05-10,8688.0,1065.0,58.0,9.0,2729.0,5901.0,114.0,2034.0,14.0,196397.0,45988.0,Kuwait,Asia,,,0.0,,,
9,2020-05-11,9286.0,598.0,65.0,7.0,2907.0,6314.0,131.0,2174.0,15.0,196397.0,45988.0,Kuwait,Asia,,,0.0,,,
10,2020-05-12,10277.0,991.0,75.0,10.0,3101.0,7101.0,158.0,2406.0,18.0,196397.0,45988.0,Kuwait,Asia,,,0.0,,,
11,2020-05-13,11028.0,751.0,82.0,7.0,3263.0,7683.0,169.0,2582.0,19.0,227000.0,53154.0,Kuwait,Asia,,,0.0,,,
12,2020-05-14,11975.0,947.0,88.0,6.0,3451.0,8436.0,175.0,2804.0,21.0,231930.0,54309.0,Kuwait,Asia,,,0.0,,,
13,2020-05-15,12860.0,885.0,96.0,8.0,3640.0,9124.0,190.0,3017.0,23.0,236004.0,55372.0,Kuwait,Asia,39.0,4262156.0,0.0,,,
14,2020-05-16,13802.0,942.0,107.0,11.0,3843.0,9852.0,169.0,3238.0,25.0,240716.0,56475.0,Kuwait,Asia,39.0,4262329.0,0.0,,,
15,2020-05-17,14850.0,1048.0,112.0,5.0,4093.0,10645.0,168.0,3484.0,26.0,244476.0,57355.0,Kuwait,Asia,38.0,4262502.0,0.0,,,
16,2020-05-18,15691.0,841.0,118.0,6.0,4339.0,11234.0,161.0,3681.0,28.0,248314.0,58253.0,Kuwait,Asia,37.0,4262674.0,0.0,,,
17,2020-05-19,16764.0,1073.0,121.0,3.0,4681.0,11962.0,179.0,3933.0,28.0,252696.0,59279.0,Kuwait,Asia,34.0,4262847.0,0.0,,,
18,2020-05-20,17568.0,804.0,124.0,3.0,4885.0,12559.0,167.0,4121.0,29.0,256314.0,60125.0,Kuwait,Asia,34.0,4263020.0,0.0,,,
19,2020-05-21,18609.0,1041.0,129.0,5.0,5205.0,13275.0,181.0,4365.0,30.0,261071.0,61238.0,Kuwait,Asia,34.0,4263192.0,0.0,,,
20,2020-05-22,19564.0,955.0,138.0,9.0,5515.0,13911.0,180.0,4589.0,32.0,264959.0,62148.0,Kuwait,Asia,34.0,4263365.0,0.0,,,
21,2020-05-23,20464.0,900.0,148.0,10.0,5747.0,14569.0,192.0,4800.0,35.0,268154.0,62895.0,Kuwait,Asia,34.0,4263538.0,0.0,,,
22,2020-05-24,21302.0,838.0,156.0,8.0,6117.0,15029.0,177.0,4996.0,37.0,271089.0,63581.0,Kuwait,Asia,33.0,4263710.0,0.0,,,
23,2020-05-25,21967.0,665.0,165.0,9.0,6621.0,15181.0,182.0,5152.0,39.0,273812.0,64217.0,Kuwait,Asia,32.0,4263883.0,0.0,,,
24,2020-05-26,22575.0,608.0,172.0,7.0,7306.0,15097.0,196.0,5294.0,40.0,276207.0,64776.0,Kuwait,Asia,32.0,4264055.0,0.0,,,
25,2020-05-27,23267.0,-1.0,175.0,-1.0,7946.0,15146.0,193.0,5456.0,41.0,278945.0,65412.0,Kuwait,Asia,33.0,4264401.0,0.0,,,
26,2020-05-28,24112.0,845.0,185.0,10.0,8698.0,15229.0,197.0,5654.0,43.0,282341.0,66209.0,Kuwait,Asia,32.0,4264401.0,0.0,,,
27,2020-05-29,25184.0,1072.0,194.0,9.0,9273.0,15717.0,191.0,5905.0,45.0,282341.0,66206.0,Kuwait,Asia,32.0,4264573.0,0.0,,,
28,2020-05-30,26192.0,1008.0,205.0,11.0,10156.0,15831.0,206.0,6142.0,48.0,290013.0,68002.0,Kuwait,Asia,31.0,4264746.0,0.0,,,
29,2020-05-31,27043.0,851.0,212.0,7.0,11386.0,15445.0,200.0,6341.0,50.0,290013.0,68000.0,Kuwait,Asia,31.0,4264919.0,0.0,,,
30,2020-06-01,27762.0,719.0,220.0,8.0,12899.0,14643.0,204.0,6509.0,52.0,290013.0,67997.0,Kuwait,Asia,31.0,4265091.0,0.0,,,
31,2020-06-02,28649.0,887.0,226.0,6.0,14281.0,14142.0,187.0,6717.0,53.0,290013.0,67994.0,Kuwait,Asia,31.0,4265264.0,1382.0,149.0,18873.0,15.0
32,2020-06-03,29359.0,710.0,230.0,4.0,15750.0,13379.0,191.0,6883.0,54.0,303285.0,71103.0,Kuwait,Asia,31.0,4265437.0,1469.0,145.0,18545.0,14.0
33,2020-06-04,29921.0,562.0,236.0,6.0,17223.0,12462.0,184.0,7014.0,55.0,306006.0,71738.0,Kuwait,Asia,31.0,4265609.0,1473.0,143.0,18075.0,14.0
34,2020-06-05,30644.0,723.0,244.0,8.0,18277.0,12123.0,197.0,7184.0,57.0,308900.0,72413.0,Kuwait,Asia,32.0,4265782.0,1054.0,139.0,17483.0,14.0
35,2020-06-06,31131.0,487.0,254.0,10.0,19282.0,11595.0,180.0,7298.0,60.0,311624.0,73049.0,Kuwait,Asia,31.0,4265955.0,1005.0,137.0,16795.0,14.0
36,2020-06-07,31848.0,717.0,264.0,10.0,20205.0,11379.0,196.0,7465.0,62.0,315285.0,73904.0,Kuwait,Asia,31.0,4266127.0,923.0,134.0,16160.0,14.0
37,2020-06-08,32510.0,662.0,269.0,5.0,21242.0,10999.0,166.0,7620.0,63.0,318284.0,74604.0,Kuwait,Asia,31.0,4266300.0,1037.0,131.0,15860.0,13.0
38,2020-06-09,33140.0,630.0,273.0,4.0,22162.0,10705.0,173.0,7768.0,64.0,321506.0,75356.0,Kuwait,Asia,31.0,4266472.0,920.0,129.0,15628.0,13.0
39,2020-06-10,33823.0,683.0,275.0,2.0,23288.0,10260.0,193.0,7927.0,64.0,324373.0,76025.0,Kuwait,Asia,32.0,4266645.0,1126.0,126.0,15515.0,13.0
40,2020-06-11,34432.0,609.0,279.0,4.0,24137.0,10016.0,184.0,8070.0,65.0,327144.0,76672.0,Kuwait,Asia,32.0,4266818.0,849.0,124.0,15293.0,13.0
41,2020-06-12,34952.0,520.0,285.0,6.0,25048.0,9619.0,172.0,8191.0,67.0,330129.0,77368.0,Kuwait,Asia,32.0,4266990.0,911.0,122.0,14972.0,13.0
42,2020-06-13,35466.0,514.0,289.0,4.0,25882.0,9295.0,176.0,8311.0,68.0,332288.0,77871.0,Kuwait,Asia,32.0,4267163.0,834.0,120.0,14765.0,13.0
43,2020-06-14,35920.0,454.0,296.0,7.0,26759.0,8865.0,171.0,8417.0,69.0,334612.0,78412.0,Kuwait,Asia,32.0,4267336.0,877.0,119.0,14417.0,13.0
44,2020-06-15,36431.0,511.0,298.0,2.0,27531.0,8602.0,184.0,8537.0,70.0,337387.0,79059.0,Kuwait,Asia,32.0,4267508.0,772.0,117.0,14320.0,13.0
45,2020-06-16,36958.0,527.0,303.0,5.0,28206.0,8449.0,194.0,8660.0,71.0,340142.0,79702.0,Kuwait,Asia,32.0,4267681.0,675.0,115.0,14085.0,13.0
46,2020-06-17,37533.0,575.0,306.0,3.0,28896.0,8331.0,190.0,8794.0,72.0,343027.0,80375.0,Kuwait,Asia,32.0,4267854.0,690.0,114.0,13947.0,12.0
47,2020-06-18,38074.0,541.0,308.0,2.0,29512.0,8254.0,188.0,8921.0,72.0,346325.0,81144.0,Kuwait,Asia,32.0,4268026.0,616.0,112.0,13857.0,12.0
48,2020-06-19,38678.0,604.0,313.0,5.0,30190.0,8175.0,193.0,9062.0,73.0,349412.0,81864.0,Kuwait,Asia,31.0,4268199.0,678.0,110.0,13636.0,12.0
49,2020-06-20,39145.0,467.0,319.0,6.0,30726.0,8100.0,180.0,9171.0,75.0,351636.0,82378.0,Kuwait,Asia,32.0,4268544.0,536.0,109.0,13381.0,12.0
50,2020-06-21,39650.0,505.0,326.0,7.0,31240.0,8084.0,186.0,9289.0,76.0,354378.0,83021.0,Kuwait,Asia,32.0,4268544.0,514.0,108.0,13094.0,12.0
51,2020-06-22,40291.0,641.0,330.0,4.0,31770.0,8191.0,181.0,9439.0,77.0,357594.0,83771.0,Kuwait,Asia,32.0,4268717.0,530.0,106.0,12936.0,12.0
52,2020-06-23,41033.0,742.0,334.0,4.0,32304.0,8395.0,165.0,9612.0,78.0,361239.0,84621.0,Kuwait,Asia,32.0,4268890.0,534.0,104.0,12781.0,12.0
53,2020-06-24,41879.0,846.0,337.0,3.0,32809.0,8733.0,153.0,9810.0,79.0,365224.0,85551.0,Kuwait,Asia,32.0,4269062.0,505.0,102.0,12668.0,12.0
54,2020-06-25,42788.0,909.0,339.0,2.0,33367.0,9082.0,152.0,10022.0,79.0,368510.0,86318.0,Kuwait,Asia,31.0,4269235.0,558.0,100.0,12594.0,12.0
55,2020-06-26,43703.0,915.0,341.0,2.0,33969.0,9393.0,162.0,10236.0,80.0,372284.0,87198.0,Kuwait,Asia,31.0,4269407.0,602.0,98.0,12520.0,11.0
56,2020-06-27,44391.0,688.0,344.0,3.0,34586.0,9461.0,155.0,10397.0,81.0,375524.0,87953.0,Kuwait,Asia,31.0,4269580.0,617.0,96.0,12412.0,11.0
57,2020-06-28,44942.0,551.0,348.0,4.0,35494.0,9100.0,149.0,10526.0,82.0,379338.0,88843.0,Kuwait,Asia,32.0,4269753.0,908.0,95.0,12269.0,11.0
58,2020-06-29,45524.0,582.0,350.0,2.0,36313.0,8861.0,145.0,10662.0,82.0,382842.0,89660.0,Kuwait,Asia,32.0,4269925.0,819.0,94.0,12200.0,11.0
59,2020-06-30,46195.0,671.0,354.0,4.0,37030.0,8811.0,139.0,10818.0,83.0,386887.0,90604.0,Kuwait,Asia,32.0,4270098.0,717.0,92.0,12062.0,11.0
60,2020-07-01,46940.0,745.0,358.0,4.0,37715.0,8867.0,139.0,10992.0,84.0,391037.0,91572.0,Kuwait,Asia,32.0,4270271.0,685.0,91.0,11928.0,11.0
61,2020-07-02,47859.0,919.0,359.0,1.0,38390.0,9110.0,142.0,11207.0,84.0,395349.0,92578.0,Kuwait,Asia,32.0,4270443.0,675.0,89.0,11895.0,11.0
62,2020-07-03,48672.0,813.0,360.0,1.0,39276.0,9036.0,144.0,11397.0,84.0,399498.0,93546.0,Kuwait,Asia,32.0,4270616.0,886.0,88.0,11863.0,11.0
63,2020-07-04,49303.0,631.0,365.0,5.0,39943.0,8995.0,158.0,11544.0,85.0,402941.0,94348.0,Kuwait,Asia,32.0,4270789.0,667.0,87.0,11701.0,11.0
64,2020-07-05,49941.0,638.0,368.0,3.0,40463.0,9110.0,157.0,11693.0,86.0,405984.0,95057.0,Kuwait,Asia,32.0,4270961.0,520.0,86.0,11606.0,11.0
65,2020-07-06,50644.0,703.0,373.0,5.0,41001.0,9270.0,152.0,11857.0,87.0,409335.0,95838.0,Kuwait,Asia,32.0,4271134.0,538.0,84.0,11451.0,10.0
66,2020-07-07,51245.0,601.0,377.0,4.0,41515.0,9353.0,159.0,11997.0,88.0,413530.0,96816.0,Kuwait,Asia,31.0,4271307.0,514.0,83.0,11330.0,10.0
67,2020-07-08,52007.0,762.0,379.0,2.0,42108.0,9520.0,161.0,12175.0,89.0,417874.0,97829.0,Kuwait,Asia,31.0,4271479.0,593.0,82.0,11270.0,10.0
68,2020-07-09,52840.0,833.0,382.0,3.0,42686.0,9772.0,150.0,12370.0,89.0,422885.0,98998.0,Kuwait,Asia,32.0,4271652.0,578.0,81.0,11182.0,10.0
69,2020-07-10,53580.0,740.0,383.0,1.0,43214.0,9983.0,157.0,12543.0,90.0,427006.0,99959.0,Kuwait,Asia,33.0,4271824.0,528.0,80.0,11154.0,10.0
70,2020-07-11,54058.0,478.0,386.0,3.0,43961.0,9711.0,150.0,12654.0,90.0,429501.0,100539.0,Kuwait,Asia,34.0,4271997.0,747.0,79.0,11067.0,10.0
71,2020-07-12,54894.0,836.0,390.0,4.0,44610.0,9894.0,151.0,12849.0,91.0,433336.0,101428.0,Kuwait,Asia,32.0,4272342.0,649.0,78.0,10955.0,10.0
72,2020-07-13,55508.0,614.0,393.0,3.0,45356.0,9759.0,148.0,12992.0,92.0,437422.0,102385.0,Kuwait,Asia,33.0,4272342.0,746.0,77.0,10871.0,10.0
73,2020-07-14,56174.0,666.0,396.0,3.0,46161.0,9617.0,156.0,13148.0,93.0,441143.0,103251.0,Kuwait,Asia,33.0,4272515.0,805.0,76.0,10789.0,10.0
74,2020-07-15,56877.0,703.0,399.0,3.0,46897.0,9581.0,146.0,13312.0,93.0,445184.0,104193.0,Kuwait,Asia,33.0,4272688.0,736.0,75.0,10708.0,10.0
75,2020-07-16,57668.0,791.0,402.0,3.0,47545.0,9721.0,142.0,13496.0,94.0,449525.0,105205.0,Kuwait,Asia,33.0,4272860.0,648.0,74.0,10629.0,10.0
76,2020-07-17,58221.0,553.0,404.0,2.0,48381.0,9436.0,143.0,13625.0,95.0,452970.0,106007.0,Kuwait,Asia,33.0,4273033.0,836.0,73.0,10577.0,9.0
77,2020-07-18,58904.0,683.0,407.0,3.0,49020.0,9477.0,137.0,13784.0,95.0,457340.0,107025.0,Kuwait,Asia,33.0,4273206.0,639.0,73.0,10499.0,9.0
78,2020-07-19,59204.0,300.0,408.0,1.0,49687.0,9109.0,132.0,13854.0,95.0,459349.0,107491.0,Kuwait,Asia,33.0,4273378.0,667.0,72.0,10474.0,9.0
