,Date,Tot cases,New cases,Tot Deaths,New Deaths,Total Recovered,Active Cases,Serious,Tot C par million,Deaths par million,Total Test,Tot T par million,Country,Continent,index,population,New Recov,col1,col2,col3
0,2020-05-02,899.0,95.0,75.0,-1.0,112.0,712.0,10.0,91.0,8.0,3643.0,368.0,Honduras,North America,,,0.0,,,
1,2020-05-03,1010.0,111.0,76.0,1.0,116.0,818.0,10.0,102.0,8.0,4669.0,471.0,Honduras,North America,,,0.0,,,
2,2020-05-04,1055.0,45.0,82.0,6.0,118.0,855.0,10.0,107.0,8.0,4810.0,486.0,Honduras,North America,,,0.0,,,
3,2020-05-05,1178.0,-1.0,83.0,-1.0,122.0,973.0,10.0,119.0,8.0,5243.0,529.0,Honduras,North America,,,0.0,,,
4,2020-05-06,1270.0,92.0,93.0,10.0,122.0,1055.0,10.0,128.0,9.0,5653.0,571.0,Honduras,North America,,,0.0,,,
5,2020-05-07,1461.0,191.0,99.0,6.0,132.0,1230.0,10.0,148.0,10.0,5653.0,571.0,Honduras,North America,,,0.0,,,
6,2020-05-08,1771.0,86.0,107.0,2.0,192.0,1472.0,10.0,179.0,11.0,5653.0,571.0,Honduras,North America,,,0.0,,,
7,2020-05-09,1771.0,-1.0,107.0,-1.0,192.0,1472.0,10.0,179.0,11.0,5653.0,571.0,Honduras,North America,,,0.0,,,
8,2020-05-10,1830.0,59.0,108.0,1.0,195.0,1527.0,10.0,185.0,11.0,5653.0,571.0,Honduras,North America,,,0.0,,,
9,2020-05-11,1972.0,142.0,108.0,-1.0,203.0,1661.0,10.0,199.0,11.0,5653.0,571.0,Honduras,North America,,,0.0,,,
10,2020-05-12,2100.0,128.0,116.0,8.0,206.0,1778.0,10.0,212.0,12.0,5653.0,571.0,Honduras,North America,,,0.0,,,
11,2020-05-13,2080.0,-1.0,121.0,5.0,211.0,1748.0,10.0,210.0,12.0,5653.0,571.0,Honduras,North America,,,0.0,,,
12,2020-05-14,2255.0,175.0,123.0,2.0,237.0,1895.0,10.0,228.0,12.0,5653.0,571.0,Honduras,North America,,,0.0,,,
13,2020-05-15,2318.0,63.0,133.0,10.0,253.0,1932.0,10.0,235.0,13.0,5653.0,572.0,Honduras,North America,73.0,9883522.0,0.0,,,
14,2020-05-16,2460.0,142.0,134.0,1.0,264.0,2062.0,10.0,249.0,14.0,5653.0,572.0,Honduras,North America,73.0,9883952.0,0.0,,,
15,2020-05-17,2565.0,105.0,138.0,4.0,278.0,2149.0,10.0,260.0,14.0,5653.0,572.0,Honduras,North America,73.0,9884383.0,0.0,,,
16,2020-05-18,2646.0,81.0,142.0,4.0,319.0,2185.0,14.0,268.0,14.0,5653.0,572.0,Honduras,North America,73.0,9884814.0,0.0,,,
17,2020-05-19,2798.0,152.0,146.0,4.0,340.0,2312.0,14.0,283.0,15.0,10775.0,1090.0,Honduras,North America,72.0,9885245.0,0.0,,,
18,2020-05-20,2955.0,157.0,147.0,1.0,349.0,2459.0,13.0,299.0,15.0,10775.0,1090.0,Honduras,North America,70.0,9885675.0,0.0,,,
19,2020-05-21,3100.0,145.0,151.0,4.0,355.0,2594.0,13.0,314.0,15.0,11315.0,1145.0,Honduras,North America,70.0,9886106.0,0.0,,,
20,2020-05-22,3204.0,104.0,156.0,5.0,397.0,2651.0,13.0,324.0,16.0,11820.0,1196.0,Honduras,North America,70.0,9886537.0,0.0,,,
21,2020-05-23,3477.0,273.0,167.0,11.0,439.0,2871.0,13.0,352.0,17.0,11820.0,1196.0,Honduras,North America,69.0,9886968.0,0.0,,,
22,2020-05-24,3743.0,266.0,174.0,7.0,455.0,3114.0,13.0,379.0,18.0,11820.0,1195.0,Honduras,North America,68.0,9887398.0,0.0,,,
23,2020-05-25,3950.0,207.0,180.0,6.0,468.0,3302.0,13.0,399.0,18.0,14790.0,1496.0,Honduras,North America,68.0,9887829.0,0.0,,,
24,2020-05-26,4189.0,239.0,182.0,2.0,473.0,3534.0,13.0,424.0,18.0,14790.0,1496.0,Honduras,North America,67.0,9888260.0,0.0,,,
25,2020-05-27,4401.0,-1.0,188.0,-1.0,493.0,3720.0,13.0,445.0,19.0,14790.0,1496.0,Honduras,North America,67.0,9889121.0,0.0,,,
26,2020-05-28,4640.0,239.0,194.0,6.0,506.0,3940.0,13.0,469.0,20.0,14790.0,1496.0,Honduras,North America,67.0,9889121.0,0.0,,,
27,2020-05-29,4752.0,112.0,196.0,2.0,519.0,4037.0,13.0,481.0,20.0,14790.0,1496.0,Honduras,North America,67.0,9889552.0,0.0,,,
28,2020-05-30,4886.0,134.0,199.0,3.0,528.0,4159.0,13.0,494.0,20.0,14790.0,1495.0,Honduras,North America,67.0,9889983.0,0.0,,,
29,2020-05-31,5094.0,208.0,201.0,2.0,536.0,4357.0,13.0,515.0,20.0,14790.0,1495.0,Honduras,North America,67.0,9890414.0,0.0,,,
30,2020-06-01,5202.0,108.0,212.0,11.0,537.0,4453.0,13.0,526.0,21.0,14790.0,1495.0,Honduras,North America,67.0,9890844.0,0.0,,,
31,2020-06-02,5362.0,160.0,217.0,5.0,549.0,4596.0,13.0,542.0,22.0,14790.0,1495.0,Honduras,North America,67.0,9891275.0,12.0,1845.0,45582.0,669.0
32,2020-06-03,5527.0,165.0,225.0,8.0,563.0,4739.0,13.0,559.0,23.0,14790.0,1495.0,Honduras,North America,68.0,9891706.0,14.0,1790.0,43963.0,669.0
33,2020-06-04,5690.0,163.0,234.0,9.0,617.0,4839.0,13.0,575.0,24.0,14790.0,1495.0,Honduras,North America,68.0,9892136.0,54.0,1739.0,42274.0,669.0
34,2020-06-05,5880.0,190.0,243.0,9.0,648.0,4989.0,13.0,594.0,25.0,14790.0,1495.0,Honduras,North America,68.0,9892567.0,31.0,1682.0,40710.0,669.0
35,2020-06-06,5971.0,91.0,248.0,5.0,677.0,5046.0,13.0,604.0,25.0,14790.0,1495.0,Honduras,North America,68.0,9892998.0,29.0,1657.0,39891.0,669.0
36,2020-06-07,6155.0,184.0,250.0,2.0,697.0,5208.0,13.0,622.0,25.0,21540.0,2177.0,Honduras,North America,68.0,9893429.0,20.0,1607.0,39574.0,459.0
37,2020-06-08,6327.0,172.0,258.0,8.0,712.0,5357.0,13.0,639.0,26.0,21540.0,2177.0,Honduras,North America,68.0,9893859.0,15.0,1564.0,38348.0,459.0
38,2020-06-09,6450.0,123.0,262.0,4.0,740.0,5448.0,13.0,652.0,26.0,21540.0,2177.0,Honduras,North America,68.0,9894290.0,28.0,1534.0,37764.0,459.0
39,2020-06-10,6935.0,485.0,271.0,9.0,787.0,5877.0,13.0,701.0,27.0,21540.0,2177.0,Honduras,North America,68.0,9894721.0,47.0,1427.0,36512.0,459.0
40,2020-06-11,7360.0,425.0,290.0,19.0,809.0,6261.0,13.0,744.0,29.0,21540.0,2177.0,Honduras,North America,66.0,9895152.0,22.0,1344.0,34121.0,459.0
41,2020-06-12,7669.0,309.0,294.0,4.0,837.0,6538.0,13.0,775.0,30.0,21540.0,2177.0,Honduras,North America,66.0,9895582.0,28.0,1290.0,33658.0,459.0
42,2020-06-13,8132.0,463.0,306.0,12.0,844.0,6982.0,13.0,822.0,31.0,21540.0,2177.0,Honduras,North America,66.0,9896013.0,7.0,1217.0,32340.0,459.0
43,2020-06-14,8455.0,323.0,310.0,4.0,894.0,7251.0,13.0,854.0,31.0,21540.0,2177.0,Honduras,North America,65.0,9896444.0,50.0,1170.0,31924.0,459.0
44,2020-06-15,8858.0,403.0,312.0,2.0,967.0,7579.0,13.0,895.0,32.0,21540.0,2176.0,Honduras,North America,64.0,9896875.0,73.0,1117.0,31721.0,459.0
45,2020-06-16,9178.0,320.0,322.0,10.0,1025.0,7831.0,13.0,927.0,33.0,21540.0,2176.0,Honduras,North America,63.0,9897305.0,58.0,1078.0,30737.0,459.0
46,2020-06-17,9656.0,478.0,330.0,8.0,1075.0,8251.0,13.0,976.0,33.0,21540.0,2176.0,Honduras,North America,63.0,9897736.0,50.0,1025.0,29993.0,460.0
47,2020-06-18,10299.0,643.0,336.0,6.0,1116.0,8847.0,13.0,1040.0,34.0,21540.0,2176.0,Honduras,North America,61.0,9898167.0,41.0,961.0,29459.0,460.0
48,2020-06-19,10739.0,440.0,343.0,7.0,1179.0,9217.0,13.0,1085.0,35.0,21540.0,2176.0,Honduras,North America,61.0,9898598.0,63.0,922.0,28859.0,460.0
49,2020-06-20,11258.0,519.0,349.0,6.0,1214.0,9695.0,13.0,1137.0,35.0,21540.0,2176.0,Honduras,North America,62.0,9899459.0,35.0,879.0,28365.0,460.0
50,2020-06-21,12306.0,1048.0,358.0,9.0,1275.0,10673.0,13.0,1243.0,36.0,21540.0,2176.0,Honduras,North America,60.0,9899459.0,61.0,804.0,27652.0,460.0
51,2020-06-22,12769.0,463.0,363.0,5.0,1293.0,11113.0,13.0,1290.0,37.0,21540.0,2176.0,Honduras,North America,58.0,9899890.0,18.0,775.0,27272.0,460.0
52,2020-06-23,13356.0,584.0,395.0,32.0,1362.0,11599.0,13.0,1349.0,40.0,21540.0,2176.0,Honduras,North America,57.0,9900320.0,69.0,741.0,25064.0,460.0
53,2020-06-24,13943.0,587.0,405.0,10.0,1461.0,12077.0,13.0,1408.0,41.0,21540.0,2176.0,Honduras,North America,57.0,9900751.0,99.0,710.0,24446.0,460.0
54,2020-06-25,14571.0,628.0,417.0,12.0,1546.0,12608.0,13.0,1472.0,42.0,21540.0,2175.0,Honduras,North America,57.0,9901182.0,85.0,680.0,23744.0,460.0
55,2020-06-26,15366.0,795.0,426.0,9.0,1600.0,13340.0,13.0,1552.0,43.0,21540.0,2175.0,Honduras,North America,57.0,9901613.0,54.0,644.0,23243.0,460.0
56,2020-06-27,15994.0,628.0,471.0,45.0,1678.0,13845.0,13.0,1615.0,48.0,21540.0,2175.0,Honduras,North America,55.0,9902043.0,78.0,619.0,21023.0,460.0
57,2020-06-28,17007.0,1013.0,479.0,8.0,1767.0,14761.0,13.0,1717.0,48.0,21540.0,2175.0,Honduras,North America,53.0,9902474.0,89.0,582.0,20673.0,460.0
58,2020-06-29,18082.0,1075.0,479.0,-1.0,1875.0,15728.0,58.0,1826.0,48.0,49308.0,4979.0,Honduras,North America,52.0,9902905.0,108.0,548.0,20674.0,201.0
59,2020-06-30,18818.0,736.0,485.0,6.0,1961.0,16372.0,58.0,1900.0,49.0,49308.0,4979.0,Honduras,North America,51.0,9903336.0,86.0,526.0,20419.0,201.0
60,2020-07-01,19558.0,740.0,497.0,12.0,2060.0,17001.0,58.0,1975.0,50.0,49308.0,4979.0,Honduras,North America,51.0,9903766.0,99.0,506.0,19927.0,201.0
61,2020-07-02,20262.0,704.0,542.0,45.0,2123.0,17597.0,58.0,2046.0,55.0,49308.0,4978.0,Honduras,North America,51.0,9904197.0,63.0,489.0,18273.0,201.0
62,2020-07-03,21120.0,858.0,591.0,49.0,2190.0,18339.0,58.0,2132.0,60.0,49308.0,4978.0,Honduras,North America,52.0,9904628.0,67.0,469.0,16759.0,201.0
63,2020-07-04,22116.0,996.0,605.0,14.0,2250.0,19261.0,58.0,2233.0,61.0,49308.0,4978.0,Honduras,North America,51.0,9905059.0,60.0,448.0,16372.0,201.0
64,2020-07-05,22921.0,805.0,629.0,24.0,2387.0,19905.0,58.0,2314.0,64.0,49308.0,4978.0,Honduras,North America,51.0,9905489.0,137.0,432.0,15748.0,201.0
65,2020-07-06,23943.0,1022.0,639.0,10.0,2490.0,20814.0,58.0,2417.0,65.0,49308.0,4978.0,Honduras,North America,51.0,9905920.0,103.0,414.0,15502.0,201.0
66,2020-07-07,24665.0,722.0,656.0,17.0,2585.0,21424.0,58.0,2490.0,66.0,49308.0,4977.0,Honduras,North America,51.0,9906351.0,95.0,402.0,15101.0,201.0
67,2020-07-08,25428.0,763.0,677.0,21.0,2637.0,22114.0,58.0,2567.0,68.0,49308.0,4977.0,Honduras,North America,51.0,9906781.0,52.0,390.0,14633.0,201.0
68,2020-07-09,25978.0,550.0,694.0,17.0,2721.0,22563.0,58.0,2622.0,70.0,49308.0,4977.0,Honduras,North America,50.0,9907212.0,84.0,381.0,14276.0,201.0
69,2020-07-10,26384.0,406.0,704.0,10.0,2779.0,22901.0,58.0,2663.0,71.0,49308.0,4977.0,Honduras,North America,51.0,9907643.0,58.0,376.0,14073.0,201.0
70,2020-07-11,27053.0,669.0,750.0,46.0,2850.0,23453.0,58.0,2730.0,76.0,49308.0,4977.0,Honduras,North America,51.0,9908074.0,71.0,366.0,13211.0,201.0
71,2020-07-12,27583.0,530.0,771.0,21.0,2901.0,23911.0,58.0,2784.0,78.0,49308.0,4976.0,Honduras,North America,51.0,9908935.0,51.0,359.0,12852.0,201.0
72,2020-07-13,28090.0,507.0,774.0,3.0,2957.0,24359.0,58.0,2835.0,78.0,49308.0,4976.0,Honduras,North America,51.0,9908935.0,56.0,353.0,12802.0,201.0
73,2020-07-14,28579.0,489.0,789.0,15.0,3123.0,24667.0,58.0,2884.0,80.0,49308.0,4976.0,Honduras,North America,51.0,9909366.0,166.0,347.0,12559.0,201.0
74,2020-07-15,29106.0,527.0,807.0,18.0,3287.0,25012.0,58.0,2937.0,81.0,49308.0,4976.0,Honduras,North America,51.0,9909797.0,164.0,340.0,12280.0,201.0
75,2020-07-16,30036.0,930.0,825.0,18.0,3379.0,25832.0,58.0,3031.0,83.0,49308.0,4975.0,Honduras,North America,51.0,9910227.0,92.0,330.0,12012.0,201.0
76,2020-07-17,30867.0,831.0,835.0,10.0,3420.0,26612.0,58.0,3115.0,84.0,49308.0,4975.0,Honduras,North America,51.0,9910658.0,41.0,321.0,11869.0,201.0
77,2020-07-18,31745.0,878.0,857.0,22.0,3565.0,27323.0,58.0,3203.0,86.0,49308.0,4975.0,Honduras,North America,51.0,9911089.0,145.0,312.0,11565.0,201.0
78,2020-07-19,32793.0,1048.0,891.0,34.0,3661.0,28241.0,51.0,3309.0,90.0,78825.0,7953.0,Honduras,North America,51.0,9911520.0,96.0,302.0,11124.0,126.0
79,2020-07-20,33835.0,1042.0,900.0,9.0,3801.0,29134.0,51.0,3414.0,91.0,78825.0,7953.0,Honduras,North America,50.0,9911950.0,140.0,293.0,11013.0,126.0
80,2020-07-21,34611.0,776.0,935.0,35.0,3905.0,29771.0,51.0,3492.0,94.0,78825.0,7952.0,Honduras,North America,50.0,9912381.0,104.0,286.0,10601.0,126.0
81,2020-07-22,35345.0,734.0,988.0,53.0,4144.0,30213.0,51.0,3566.0,100.0,78825.0,7952.0,Honduras,North America,50.0,9912812.0,239.0,280.0,10033.0,126.0
82,2020-07-23,36102.0,757.0,1006.0,18.0,4315.0,30781.0,51.0,3642.0,101.0,78825.0,7951.0,Honduras,North America,49.0,9913673.0,171.0,275.0,9855.0,126.0
83,2020-07-24,36902.0,800.0,1011.0,5.0,4448.0,31443.0,51.0,3722.0,102.0,78825.0,7951.0,Honduras,North America,48.0,9913673.0,133.0,269.0,9806.0,126.0
84,2020-07-25,37559.0,657.0,1061.0,50.0,4607.0,31891.0,51.0,3788.0,107.0,93526.0,9434.0,Honduras,North America,48.0,9914104.0,159.0,264.0,9344.0,106.0
85,2020-07-26,38438.0,879.0,1098.0,37.0,4713.0,32627.0,51.0,3877.0,111.0,95574.0,9640.0,Honduras,North America,48.0,9914535.0,106.0,258.0,9030.0,104.0
86,2020-07-27,39276.0,838.0,1116.0,18.0,4922.0,33238.0,61.0,3961.0,113.0,95574.0,9639.0,Honduras,North America,48.0,9914965.0,209.0,252.0,8884.0,104.0
87,2020-07-28,39741.0,465.0,1166.0,50.0,5039.0,33536.0,58.0,4008.0,118.0,97334.0,9816.0,Honduras,North America,48.0,9915827.0,117.0,250.0,8504.0,102.0
88,2020-07-29,40460.0,719.0,1214.0,48.0,5103.0,34143.0,59.0,4080.0,122.0,98904.0,9974.0,Honduras,North America,47.0,9915827.0,64.0,245.0,8168.0,100.0
89,2020-07-30,40944.0,484.0,1259.0,45.0,5281.0,34404.0,59.0,4129.0,127.0,98904.0,9974.0,Honduras,North America,47.0,9916258.0,178.0,242.0,7876.0,100.0
90,2020-07-31,41426.0,482.0,1312.0,53.0,5443.0,34671.0,52.0,4177.0,132.0,102882.0,10375.0,Honduras,North America,47.0,9916688.0,162.0,239.0,7558.0,96.0
91,2020-08-01,42014.0,588.0,1337.0,25.0,5554.0,35123.0,46.0,4237.0,135.0,104206.0,10508.0,Honduras,North America,47.0,9917119.0,111.0,236.0,7417.0,95.0
92,2020-08-02,42685.0,671.0,1368.0,31.0,5694.0,35623.0,43.0,4304.0,138.0,105820.0,10670.0,Honduras,North America,47.0,9917550.0,140.0,232.0,7250.0,94.0
