,Date,Tot cases,New cases,Tot Deaths,New Deaths,Total Recovered,Active Cases,Serious,Tot C par million,Deaths par million,Total Test,Tot T par million,Country,Continent,index,population,New Recov,col1,col2,col3
0,2020-05-02,1040.0,-1.0,4.0,-1.0,864.0,172.0,4.0,139.0,0.5,154989.0,20674.0,Hong Kong,Asia,,,0.0,,,
1,2020-05-03,1040.0,-1.0,4.0,-1.0,879.0,157.0,3.0,139.0,0.5,154989.0,20674.0,Hong Kong,Asia,,,0.0,,,
2,2020-05-04,1041.0,1.0,4.0,-1.0,900.0,137.0,1.0,139.0,0.5,154989.0,20674.0,Hong Kong,Asia,,,0.0,,,
3,2020-05-05,1041.0,-1.0,4.0,-1.0,920.0,117.0,1.0,139.0,0.5,154989.0,20674.0,Hong Kong,Asia,,,0.0,,,
4,2020-05-06,1041.0,-1.0,4.0,-1.0,932.0,105.0,2.0,139.0,0.5,154989.0,20674.0,Hong Kong,Asia,,,0.0,,,
5,2020-05-07,1045.0,4.0,4.0,-1.0,944.0,97.0,1.0,139.0,0.5,154989.0,20674.0,Hong Kong,Asia,,,0.0,,,
6,2020-05-08,1045.0,-1.0,4.0,-1.0,960.0,81.0,1.0,139.0,0.5,154989.0,20674.0,Hong Kong,Asia,,,0.0,,,
7,2020-05-09,1045.0,-1.0,4.0,-1.0,967.0,74.0,1.0,139.0,0.5,168291.0,22448.0,Hong Kong,Asia,,,0.0,,,
8,2020-05-10,1048.0,3.0,4.0,-1.0,982.0,62.0,1.0,140.0,0.5,168291.0,22448.0,Hong Kong,Asia,,,0.0,,,
9,2020-05-11,1048.0,-1.0,4.0,-1.0,985.0,59.0,1.0,140.0,0.5,168291.0,22448.0,Hong Kong,Asia,,,0.0,,,
10,2020-05-12,1048.0,-1.0,4.0,-1.0,991.0,53.0,1.0,140.0,0.5,168291.0,22448.0,Hong Kong,Asia,,,0.0,,,
11,2020-05-13,1051.0,3.0,4.0,-1.0,1008.0,39.0,1.0,140.0,0.5,168291.0,22448.0,Hong Kong,Asia,,,0.0,,,
12,2020-05-14,1052.0,1.0,4.0,-1.0,1009.0,39.0,1.0,140.0,0.5,168291.0,22448.0,Hong Kong,Asia,,,0.0,,,
13,2020-05-15,1053.0,1.0,4.0,-1.0,1019.0,30.0,1.0,141.0,0.5,168291.0,22471.0,Hong Kong,Asia,97.0,7489099.0,0.0,,,
14,2020-05-16,1053.0,-1.0,4.0,-1.0,1022.0,27.0,1.0,141.0,0.5,168291.0,22471.0,Hong Kong,Asia,98.0,7489265.0,0.0,,,
15,2020-05-17,1056.0,3.0,4.0,-1.0,1024.0,28.0,1.0,141.0,0.5,168291.0,22470.0,Hong Kong,Asia,98.0,7489431.0,0.0,,,
16,2020-05-18,1056.0,-1.0,4.0,-1.0,1025.0,27.0,1.0,141.0,0.5,168291.0,22470.0,Hong Kong,Asia,98.0,7489597.0,0.0,,,
17,2020-05-19,1056.0,-1.0,4.0,-1.0,1025.0,27.0,1.0,141.0,0.5,168291.0,22469.0,Hong Kong,Asia,98.0,7489763.0,0.0,,,
18,2020-05-20,1056.0,-1.0,4.0,-1.0,1026.0,26.0,1.0,141.0,0.5,168291.0,22469.0,Hong Kong,Asia,99.0,7489929.0,0.0,,,
19,2020-05-21,1064.0,8.0,4.0,-1.0,1029.0,31.0,1.0,142.0,0.5,168291.0,22468.0,Hong Kong,Asia,100.0,7490095.0,0.0,,,
20,2020-05-22,1066.0,2.0,4.0,-1.0,1029.0,33.0,1.0,142.0,0.5,168291.0,22468.0,Hong Kong,Asia,102.0,7490261.0,0.0,,,
21,2020-05-23,1066.0,-1.0,4.0,-1.0,1029.0,33.0,1.0,142.0,0.5,202930.0,27092.0,Hong Kong,Asia,102.0,7490427.0,0.0,,,
22,2020-05-24,1066.0,-1.0,4.0,-1.0,1030.0,32.0,1.0,142.0,0.5,202930.0,27091.0,Hong Kong,Asia,102.0,7490593.0,0.0,,,
23,2020-05-25,1066.0,-1.0,4.0,-1.0,1030.0,32.0,1.0,142.0,0.5,202930.0,27091.0,Hong Kong,Asia,103.0,7490759.0,0.0,,,
24,2020-05-26,1066.0,-1.0,4.0,-1.0,1033.0,29.0,1.0,142.0,0.5,202930.0,27090.0,Hong Kong,Asia,104.0,7490925.0,0.0,,,
25,2020-05-27,1067.0,-1.0,4.0,-1.0,1034.0,29.0,1.0,142.0,0.5,202930.0,27089.0,Hong Kong,Asia,105.0,7491257.0,0.0,,,
26,2020-05-28,1067.0,-1.0,4.0,-1.0,1035.0,28.0,1.0,142.0,0.5,202930.0,27089.0,Hong Kong,Asia,107.0,7491257.0,0.0,,,
27,2020-05-29,1080.0,13.0,4.0,-1.0,1035.0,41.0,1.0,144.0,0.5,202930.0,27088.0,Hong Kong,Asia,108.0,7491423.0,0.0,,,
28,2020-05-30,1083.0,3.0,4.0,-1.0,1036.0,43.0,1.0,145.0,0.5,202930.0,27088.0,Hong Kong,Asia,108.0,7491589.0,0.0,,,
29,2020-05-31,1085.0,2.0,4.0,-1.0,1037.0,44.0,2.0,145.0,0.5,202930.0,27087.0,Hong Kong,Asia,109.0,7491755.0,0.0,,,
30,2020-06-01,1088.0,3.0,4.0,-1.0,1037.0,47.0,2.0,145.0,0.5,202930.0,27087.0,Hong Kong,Asia,110.0,7491921.0,0.0,,,
31,2020-06-02,1094.0,6.0,4.0,-1.0,1038.0,52.0,2.0,146.0,0.5,202930.0,27086.0,Hong Kong,Asia,111.0,7492087.0,1.0,6848.0,1873022.0,37.0
32,2020-06-03,1094.0,-1.0,4.0,-1.0,1039.0,51.0,2.0,146.0,0.5,202930.0,27085.0,Hong Kong,Asia,112.0,7492253.0,1.0,6848.0,1873063.0,37.0
33,2020-06-04,1099.0,5.0,4.0,-1.0,1041.0,54.0,2.0,147.0,0.5,202930.0,27085.0,Hong Kong,Asia,112.0,7492419.0,2.0,6817.0,1873105.0,37.0
34,2020-06-05,1103.0,4.0,4.0,-1.0,1045.0,54.0,2.0,147.0,0.5,202930.0,27084.0,Hong Kong,Asia,112.0,7492585.0,4.0,6793.0,1873146.0,37.0
35,2020-06-06,1106.0,3.0,4.0,-1.0,1048.0,54.0,2.0,148.0,0.5,202930.0,27084.0,Hong Kong,Asia,112.0,7492751.0,3.0,6775.0,1873188.0,37.0
36,2020-06-07,1107.0,1.0,4.0,-1.0,1049.0,54.0,2.0,148.0,0.5,202930.0,27083.0,Hong Kong,Asia,114.0,7492917.0,1.0,6769.0,1873229.0,37.0
37,2020-06-08,1108.0,1.0,4.0,-1.0,1049.0,55.0,3.0,148.0,0.5,202930.0,27082.0,Hong Kong,Asia,115.0,7493083.0,-1.0,6763.0,1873271.0,37.0
38,2020-06-09,1108.0,-1.0,4.0,-1.0,1049.0,55.0,3.0,148.0,0.5,202930.0,27082.0,Hong Kong,Asia,117.0,7493249.0,-1.0,6763.0,1873312.0,37.0
39,2020-06-10,1108.0,-1.0,4.0,-1.0,1051.0,53.0,3.0,148.0,0.5,241992.0,32294.0,Hong Kong,Asia,117.0,7493415.0,2.0,6763.0,1873354.0,31.0
40,2020-06-11,1108.0,-1.0,4.0,-1.0,1055.0,49.0,4.0,148.0,0.5,241992.0,32293.0,Hong Kong,Asia,117.0,7493581.0,4.0,6763.0,1873395.0,31.0
41,2020-06-12,1109.0,1.0,4.0,-1.0,1060.0,45.0,3.0,148.0,0.5,241992.0,32293.0,Hong Kong,Asia,117.0,7493747.0,5.0,6757.0,1873437.0,31.0
42,2020-06-13,1110.0,1.0,4.0,-1.0,1061.0,45.0,3.0,148.0,0.5,241992.0,32292.0,Hong Kong,Asia,119.0,7493913.0,1.0,6751.0,1873478.0,31.0
43,2020-06-14,1110.0,-1.0,4.0,-1.0,1067.0,39.0,3.0,148.0,0.5,241992.0,32291.0,Hong Kong,Asia,119.0,7494079.0,6.0,6751.0,1873520.0,31.0
44,2020-06-15,1113.0,3.0,4.0,-1.0,1067.0,42.0,3.0,149.0,0.5,275293.0,36734.0,Hong Kong,Asia,119.0,7494245.0,-1.0,6733.0,1873561.0,27.0
45,2020-06-16,1113.0,-1.0,4.0,-1.0,1069.0,40.0,3.0,149.0,0.5,275293.0,36733.0,Hong Kong,Asia,120.0,7494411.0,2.0,6734.0,1873603.0,27.0
46,2020-06-17,1121.0,8.0,4.0,-1.0,1071.0,46.0,3.0,150.0,0.5,275293.0,36732.0,Hong Kong,Asia,120.0,7494577.0,2.0,6686.0,1873644.0,27.0
47,2020-06-18,1125.0,4.0,4.0,-1.0,1072.0,49.0,3.0,150.0,0.5,275293.0,36731.0,Hong Kong,Asia,120.0,7494743.0,1.0,6662.0,1873686.0,27.0
48,2020-06-19,1128.0,3.0,4.0,-1.0,1074.0,50.0,3.0,151.0,0.5,301108.0,40175.0,Hong Kong,Asia,120.0,7494909.0,2.0,6644.0,1873727.0,25.0
49,2020-06-20,1129.0,1.0,5.0,1.0,1077.0,47.0,3.0,151.0,0.7,301108.0,40173.0,Hong Kong,Asia,120.0,7495240.0,3.0,6639.0,1499048.0,25.0
50,2020-06-21,1132.0,3.0,5.0,-1.0,1078.0,49.0,2.0,151.0,0.7,301108.0,40173.0,Hong Kong,Asia,120.0,7495240.0,1.0,6621.0,1499048.0,25.0
51,2020-06-22,1162.0,30.0,5.0,-1.0,1078.0,79.0,2.0,155.0,0.7,301108.0,40172.0,Hong Kong,Asia,119.0,7495406.0,-1.0,6450.0,1499081.0,25.0
52,2020-06-23,1178.0,16.0,6.0,1.0,1083.0,89.0,1.0,157.0,0.8,301108.0,40171.0,Hong Kong,Asia,119.0,7495572.0,5.0,6363.0,1249262.0,25.0
53,2020-06-24,1180.0,2.0,6.0,-1.0,1086.0,88.0,1.0,157.0,0.8,301108.0,40171.0,Hong Kong,Asia,120.0,7495738.0,3.0,6352.0,1249290.0,25.0
54,2020-06-25,1194.0,14.0,7.0,1.0,1088.0,99.0,1.0,159.0,0.9,321498.0,42890.0,Hong Kong,Asia,120.0,7495904.0,2.0,6278.0,1070843.0,23.0
55,2020-06-26,1197.0,3.0,7.0,-1.0,1091.0,99.0,1.0,160.0,0.9,321498.0,42889.0,Hong Kong,Asia,120.0,7496070.0,3.0,6262.0,1070867.0,23.0
56,2020-06-27,1198.0,1.0,7.0,-1.0,1095.0,96.0,1.0,160.0,0.9,321498.0,42888.0,Hong Kong,Asia,120.0,7496236.0,4.0,6257.0,1070891.0,23.0
57,2020-06-28,1200.0,2.0,7.0,-1.0,1104.0,89.0,1.0,160.0,0.9,321498.0,42887.0,Hong Kong,Asia,120.0,7496402.0,9.0,6247.0,1070915.0,23.0
58,2020-06-29,1204.0,4.0,7.0,-1.0,1105.0,92.0,1.0,161.0,0.9,321498.0,42886.0,Hong Kong,Asia,120.0,7496568.0,1.0,6226.0,1070938.0,23.0
59,2020-06-30,1206.0,2.0,7.0,-1.0,1107.0,92.0,1.0,161.0,0.9,321498.0,42885.0,Hong Kong,Asia,122.0,7496734.0,2.0,6216.0,1070962.0,23.0
60,2020-07-01,1234.0,28.0,7.0,-1.0,1117.0,110.0,1.0,165.0,0.9,321498.0,42884.0,Hong Kong,Asia,122.0,7496900.0,10.0,6075.0,1070986.0,23.0
61,2020-07-02,1243.0,9.0,7.0,-1.0,1120.0,116.0,1.0,166.0,0.9,321498.0,42883.0,Hong Kong,Asia,123.0,7497066.0,3.0,6031.0,1071009.0,23.0
62,2020-07-03,1248.0,5.0,7.0,-1.0,1125.0,116.0,1.0,166.0,0.9,321498.0,42882.0,Hong Kong,Asia,123.0,7497232.0,5.0,6007.0,1071033.0,23.0
63,2020-07-04,1259.0,11.0,7.0,-1.0,1145.0,107.0,1.0,168.0,0.9,347400.0,46336.0,Hong Kong,Asia,123.0,7497398.0,20.0,5955.0,1071057.0,22.0
64,2020-07-05,1269.0,10.0,7.0,-1.0,1156.0,106.0,1.0,169.0,0.9,347400.0,46335.0,Hong Kong,Asia,123.0,7497564.0,11.0,5908.0,1071081.0,22.0
65,2020-07-06,1286.0,17.0,7.0,-1.0,1157.0,122.0,1.0,172.0,0.9,347400.0,46334.0,Hong Kong,Asia,123.0,7497730.0,1.0,5830.0,1071104.0,22.0
66,2020-07-07,1300.0,14.0,7.0,-1.0,1161.0,132.0,1.0,173.0,0.9,347400.0,46333.0,Hong Kong,Asia,123.0,7497896.0,4.0,5768.0,1071128.0,22.0
67,2020-07-08,1324.0,24.0,7.0,-1.0,1167.0,150.0,1.0,177.0,0.9,347400.0,46332.0,Hong Kong,Asia,123.0,7498062.0,6.0,5663.0,1071152.0,22.0
68,2020-07-09,1366.0,42.0,7.0,-1.0,1176.0,183.0,2.0,182.0,0.9,347400.0,46331.0,Hong Kong,Asia,123.0,7498228.0,9.0,5489.0,1071175.0,22.0
69,2020-07-10,1404.0,38.0,7.0,-1.0,1187.0,210.0,2.0,187.0,0.9,347400.0,46330.0,Hong Kong,Asia,123.0,7498394.0,11.0,5341.0,1071199.0,22.0
70,2020-07-11,1433.0,29.0,7.0,-1.0,1197.0,229.0,2.0,191.0,0.9,347400.0,46329.0,Hong Kong,Asia,123.0,7498560.0,10.0,5233.0,1071223.0,22.0
71,2020-07-12,1470.0,37.0,7.0,-1.0,1214.0,249.0,4.0,196.0,0.9,376645.0,50227.0,Hong Kong,Asia,123.0,7498892.0,17.0,5101.0,1071270.0,20.0
72,2020-07-13,1522.0,52.0,8.0,1.0,1217.0,297.0,5.0,203.0,1.0,376645.0,50227.0,Hong Kong,Asia,123.0,7498892.0,3.0,4927.0,937362.0,20.0
73,2020-07-14,1570.0,48.0,8.0,-1.0,1229.0,333.0,6.0,209.0,1.0,376645.0,50226.0,Hong Kong,Asia,122.0,7499058.0,12.0,4776.0,937382.0,20.0
74,2020-07-15,1589.0,19.0,10.0,2.0,1241.0,338.0,6.0,212.0,1.0,376645.0,50225.0,Hong Kong,Asia,123.0,7499224.0,12.0,4719.0,749922.0,20.0
75,2020-07-16,1656.0,67.0,10.0,-1.0,1254.0,392.0,6.0,221.0,1.0,442256.0,58972.0,Hong Kong,Asia,122.0,7499390.0,13.0,4529.0,749939.0,17.0
76,2020-07-17,1714.0,58.0,11.0,1.0,1264.0,439.0,8.0,229.0,1.0,442256.0,58971.0,Hong Kong,Asia,122.0,7499556.0,10.0,4375.0,681778.0,17.0
77,2020-07-18,1778.0,64.0,12.0,1.0,1274.0,492.0,13.0,237.0,2.0,442256.0,58970.0,Hong Kong,Asia,123.0,7499722.0,10.0,4218.0,624977.0,17.0
78,2020-07-19,1886.0,108.0,12.0,-1.0,1294.0,580.0,19.0,251.0,2.0,442256.0,58968.0,Hong Kong,Asia,122.0,7499888.0,20.0,3977.0,624991.0,17.0
79,2020-07-20,1959.0,73.0,12.0,-1.0,1302.0,645.0,23.0,261.0,2.0,442256.0,58967.0,Hong Kong,Asia,119.0,7500054.0,8.0,3829.0,625005.0,17.0
80,2020-07-21,2020.0,61.0,14.0,2.0,1324.0,682.0,29.0,269.0,2.0,442256.0,58966.0,Hong Kong,Asia,119.0,7500220.0,22.0,3713.0,535730.0,17.0
81,2020-07-22,2132.0,112.0,14.0,-1.0,1344.0,774.0,29.0,284.0,2.0,442256.0,58964.0,Hong Kong,Asia,117.0,7500386.0,20.0,3518.0,535742.0,17.0
82,2020-07-23,2250.0,118.0,15.0,1.0,1379.0,856.0,33.0,300.0,2.0,442256.0,58962.0,Hong Kong,Asia,115.0,7500718.0,35.0,3334.0,500048.0,17.0
83,2020-07-24,2373.0,123.0,16.0,1.0,1407.0,950.0,34.0,316.0,2.0,524969.0,69989.0,Hong Kong,Asia,115.0,7500718.0,28.0,3161.0,468795.0,14.0
84,2020-07-25,2506.0,133.0,18.0,2.0,1455.0,1033.0,37.0,334.0,2.0,524969.0,69988.0,Hong Kong,Asia,113.0,7500884.0,48.0,2993.0,416716.0,14.0
85,2020-07-26,2634.0,128.0,18.0,-1.0,1495.0,1121.0,40.0,351.0,2.0,524969.0,69986.0,Hong Kong,Asia,113.0,7501050.0,40.0,2848.0,416725.0,14.0
86,2020-07-27,2779.0,145.0,22.0,4.0,1495.0,1262.0,40.0,370.0,3.0,524969.0,69985.0,Hong Kong,Asia,113.0,7501216.0,-1.0,2699.0,340964.0,14.0
87,2020-07-28,2885.0,106.0,23.0,1.0,1527.0,1335.0,39.0,385.0,3.0,524969.0,69981.0,Hong Kong,Asia,112.0,7501547.0,32.0,2600.0,326154.0,14.0
88,2020-07-29,3003.0,118.0,24.0,1.0,1591.0,1388.0,39.0,400.0,3.0,524969.0,69981.0,Hong Kong,Asia,110.0,7501547.0,64.0,2498.0,312564.0,14.0
89,2020-07-30,3152.0,149.0,25.0,1.0,1660.0,1467.0,39.0,420.0,3.0,524969.0,69980.0,Hong Kong,Asia,109.0,7501713.0,69.0,2380.0,300069.0,14.0
90,2020-07-31,3273.0,121.0,27.0,2.0,1751.0,1495.0,43.0,436.0,4.0,593962.0,79175.0,Hong Kong,Asia,108.0,7501879.0,91.0,2292.0,277847.0,13.0
91,2020-08-01,3398.0,125.0,33.0,6.0,1858.0,1507.0,34.0,453.0,4.0,593962.0,79173.0,Hong Kong,Asia,108.0,7502045.0,107.0,2208.0,227335.0,13.0
92,2020-08-02,3512.0,115.0,34.0,1.0,1959.0,1519.0,34.0,468.0,5.0,593962.0,79172.0,Hong Kong,Asia,108.0,7502211.0,101.0,2136.0,220653.0,13.0
