,Date,Tot cases,New cases,Tot Deaths,New Deaths,Total Recovered,Active Cases,Serious,Tot C par million,Deaths par million,Total Test,Tot T par million,Country,Continent,index,population,New Recov,col1,col2,col3
0,2020-05-02,3857.0,260.0,25.0,-1.0,985.0,2847.0,41.0,205.0,1.0,282862.0,15065.0,Kazakhstan,Asia,,,0.0,,,
1,2020-05-03,3913.0,56.0,27.0,2.0,1084.0,2802.0,40.0,208.0,1.0,282862.0,15065.0,Kazakhstan,Asia,,,0.0,,,
2,2020-05-04,4049.0,129.0,29.0,2.0,1173.0,2847.0,40.0,216.0,2.0,306861.0,16343.0,Kazakhstan,Asia,,,0.0,,,
3,2020-05-05,4205.0,-1.0,29.0,-1.0,1279.0,2897.0,40.0,224.0,2.0,320411.0,17064.0,Kazakhstan,Asia,,,0.0,,,
4,2020-05-06,4344.0,139.0,30.0,1.0,1408.0,2906.0,31.0,231.0,2.0,336480.0,17920.0,Kazakhstan,Asia,,,0.0,,,
5,2020-05-07,4578.0,156.0,30.0,-1.0,1518.0,3030.0,31.0,244.0,2.0,353843.0,18845.0,Kazakhstan,Asia,,,0.0,,,
6,2020-05-08,4834.0,-1.0,31.0,-1.0,1631.0,3172.0,31.0,257.0,2.0,371126.0,19765.0,Kazakhstan,Asia,,,0.0,,,
7,2020-05-09,4975.0,-1.0,31.0,-1.0,1776.0,3168.0,31.0,265.0,2.0,385104.0,20510.0,Kazakhstan,Asia,,,0.0,,,
8,2020-05-10,5076.0,101.0,31.0,-1.0,1901.0,3144.0,31.0,270.0,2.0,398411.0,21218.0,Kazakhstan,Asia,,,0.0,,,
9,2020-05-11,5207.0,117.0,32.0,1.0,2074.0,3101.0,33.0,277.0,2.0,408713.0,21767.0,Kazakhstan,Asia,,,0.0,,,
10,2020-05-12,5279.0,72.0,32.0,-1.0,2108.0,3139.0,31.0,281.0,2.0,422011.0,22475.0,Kazakhstan,Asia,,,0.0,,,
11,2020-05-13,5417.0,138.0,32.0,-1.0,2408.0,2977.0,31.0,288.0,2.0,439495.0,23406.0,Kazakhstan,Asia,,,0.0,,,
12,2020-05-14,5571.0,154.0,32.0,-1.0,2408.0,3131.0,31.0,297.0,2.0,459736.0,24484.0,Kazakhstan,Asia,,,0.0,,,
13,2020-05-15,5689.0,118.0,34.0,2.0,2531.0,3124.0,31.0,303.0,2.0,483236.0,25777.0,Kazakhstan,Asia,58.0,18747133.0,0.0,,,
14,2020-05-16,5850.0,161.0,34.0,-1.0,2980.0,2836.0,31.0,312.0,2.0,505216.0,26948.0,Kazakhstan,Asia,58.0,18747746.0,0.0,,,
15,2020-05-17,6157.0,307.0,34.0,-1.0,3256.0,2867.0,31.0,328.0,2.0,505216.0,26947.0,Kazakhstan,Asia,57.0,18748360.0,0.0,,,
16,2020-05-18,6440.0,283.0,35.0,1.0,3469.0,2936.0,31.0,343.0,2.0,540708.0,28839.0,Kazakhstan,Asia,56.0,18748973.0,0.0,,,
17,2020-05-19,6751.0,311.0,35.0,-1.0,3598.0,3118.0,31.0,360.0,2.0,553062.0,29497.0,Kazakhstan,Asia,56.0,18749587.0,0.0,,,
18,2020-05-20,6969.0,218.0,35.0,-1.0,3734.0,3200.0,31.0,372.0,2.0,571547.0,30482.0,Kazakhstan,Asia,56.0,18750200.0,0.0,,,
19,2020-05-21,7234.0,265.0,35.0,-1.0,3777.0,3422.0,31.0,386.0,2.0,591502.0,31545.0,Kazakhstan,Asia,53.0,18750814.0,0.0,,,
20,2020-05-22,7597.0,363.0,35.0,-1.0,4096.0,3466.0,31.0,405.0,2.0,612997.0,32691.0,Kazakhstan,Asia,53.0,18751427.0,0.0,,,
21,2020-05-23,7919.0,322.0,35.0,-1.0,4214.0,3670.0,31.0,422.0,2.0,635712.0,33901.0,Kazakhstan,Asia,53.0,18752041.0,0.0,,,
22,2020-05-24,8322.0,403.0,35.0,-1.0,4352.0,3935.0,31.0,444.0,2.0,657214.0,35046.0,Kazakhstan,Asia,52.0,18752654.0,0.0,,,
23,2020-05-25,8531.0,209.0,35.0,-1.0,4515.0,3981.0,31.0,455.0,2.0,671774.0,35822.0,Kazakhstan,Asia,51.0,18753268.0,0.0,,,
24,2020-05-26,8969.0,438.0,35.0,-1.0,4560.0,4374.0,31.0,478.0,2.0,687249.0,36646.0,Kazakhstan,Asia,51.0,18753881.0,0.0,,,
25,2020-05-27,9304.0,-1.0,37.0,-1.0,4768.0,4499.0,58.0,496.0,2.0,710352.0,37875.0,Kazakhstan,Asia,50.0,18755108.0,0.0,,,
26,2020-05-28,9576.0,272.0,37.0,-1.0,4900.0,4639.0,62.0,511.0,2.0,735273.0,39204.0,Kazakhstan,Asia,50.0,18755108.0,0.0,,,
27,2020-05-29,9932.0,356.0,37.0,-1.0,5057.0,4838.0,62.0,530.0,2.0,761727.0,40613.0,Kazakhstan,Asia,50.0,18755722.0,0.0,,,
28,2020-05-30,10382.0,450.0,38.0,1.0,5220.0,5124.0,62.0,554.0,2.0,788289.0,42028.0,Kazakhstan,Asia,51.0,18756335.0,0.0,,,
29,2020-05-31,10858.0,476.0,40.0,2.0,5404.0,5414.0,62.0,579.0,2.0,812881.0,43338.0,Kazakhstan,Asia,51.0,18756949.0,0.0,,,
30,2020-06-01,11308.0,450.0,41.0,1.0,5587.0,5680.0,62.0,603.0,2.0,828377.0,44162.0,Kazakhstan,Asia,51.0,18757562.0,0.0,,,
31,2020-06-02,11571.0,263.0,44.0,3.0,5941.0,5586.0,62.0,617.0,2.0,828377.0,44161.0,Kazakhstan,Asia,49.0,18758176.0,354.0,1621.0,426322.0,23.0
32,2020-06-03,11796.0,225.0,48.0,4.0,6240.0,5508.0,62.0,629.0,3.0,867286.0,46234.0,Kazakhstan,Asia,48.0,18758789.0,299.0,1590.0,390808.0,22.0
33,2020-06-04,12067.0,271.0,52.0,4.0,6606.0,5409.0,62.0,643.0,3.0,867286.0,46232.0,Kazakhstan,Asia,48.0,18759403.0,366.0,1555.0,360758.0,22.0
34,2020-06-05,12312.0,245.0,52.0,-1.0,6903.0,5357.0,62.0,656.0,3.0,892101.0,47553.0,Kazakhstan,Asia,48.0,18760016.0,297.0,1524.0,360770.0,21.0
35,2020-06-06,12511.0,199.0,53.0,1.0,7135.0,5323.0,62.0,667.0,3.0,915904.0,48821.0,Kazakhstan,Asia,49.0,18760630.0,232.0,1500.0,353974.0,20.0
36,2020-06-07,12694.0,183.0,53.0,-1.0,7376.0,5265.0,62.0,677.0,3.0,965089.0,51441.0,Kazakhstan,Asia,50.0,18761243.0,241.0,1478.0,353986.0,19.0
37,2020-06-08,12859.0,165.0,56.0,3.0,7376.0,5427.0,62.0,685.0,3.0,965089.0,51439.0,Kazakhstan,Asia,51.0,18761857.0,-1.0,1459.0,335033.0,19.0
38,2020-06-09,13074.0,215.0,61.0,5.0,8015.0,4998.0,62.0,697.0,3.0,998556.0,53221.0,Kazakhstan,Asia,51.0,18762470.0,639.0,1435.0,307581.0,19.0
39,2020-06-10,13319.0,245.0,67.0,6.0,8345.0,4907.0,62.0,710.0,4.0,1023417.0,54544.0,Kazakhstan,Asia,52.0,18763084.0,330.0,1409.0,280046.0,18.0
40,2020-06-11,13558.0,239.0,67.0,-1.0,8593.0,4898.0,62.0,723.0,4.0,1050098.0,55964.0,Kazakhstan,Asia,52.0,18763697.0,248.0,1384.0,280055.0,18.0
41,2020-06-12,13872.0,314.0,70.0,3.0,8829.0,4973.0,77.0,739.0,4.0,1050098.0,55963.0,Kazakhstan,Asia,52.0,18764311.0,236.0,1353.0,268062.0,18.0
42,2020-06-13,14238.0,366.0,73.0,3.0,8829.0,5336.0,77.0,759.0,4.0,1050098.0,55961.0,Kazakhstan,Asia,52.0,18764924.0,-1.0,1318.0,257054.0,18.0
43,2020-06-14,14496.0,258.0,77.0,4.0,9188.0,5231.0,77.0,772.0,4.0,1135407.0,60505.0,Kazakhstan,Asia,52.0,18765538.0,359.0,1295.0,243708.0,17.0
44,2020-06-15,14809.0,313.0,81.0,4.0,9376.0,5352.0,77.0,789.0,4.0,1159989.0,61813.0,Kazakhstan,Asia,52.0,18766151.0,188.0,1267.0,231681.0,16.0
45,2020-06-16,15192.0,383.0,88.0,7.0,9647.0,5457.0,77.0,810.0,5.0,1159989.0,61811.0,Kazakhstan,Asia,52.0,18766765.0,271.0,1235.0,213259.0,16.0
46,2020-06-17,15542.0,350.0,97.0,9.0,9920.0,5525.0,77.0,828.0,5.0,1184416.0,63110.0,Kazakhstan,Asia,52.0,18767378.0,273.0,1208.0,193478.0,16.0
47,2020-06-18,15877.0,335.0,100.0,3.0,10065.0,5712.0,77.0,846.0,5.0,1239138.0,66024.0,Kazakhstan,Asia,52.0,18767992.0,145.0,1182.0,187680.0,15.0
48,2020-06-19,16351.0,474.0,113.0,13.0,10195.0,6043.0,121.0,871.0,6.0,1239138.0,66022.0,Kazakhstan,Asia,52.0,18768605.0,130.0,1148.0,166094.0,15.0
49,2020-06-20,16779.0,428.0,118.0,5.0,10671.0,5990.0,121.0,894.0,6.0,1239138.0,66018.0,Kazakhstan,Asia,52.0,18769832.0,476.0,1119.0,159066.0,15.0
50,2020-06-21,17225.0,446.0,120.0,2.0,10897.0,6208.0,121.0,918.0,6.0,1330577.0,70889.0,Kazakhstan,Asia,52.0,18769832.0,226.0,1090.0,156415.0,14.0
51,2020-06-22,17732.0,507.0,127.0,7.0,11158.0,6447.0,121.0,945.0,7.0,1354456.0,72159.0,Kazakhstan,Asia,51.0,18770446.0,261.0,1059.0,147799.0,14.0
52,2020-06-23,18231.0,499.0,134.0,7.0,11514.0,6583.0,121.0,971.0,7.0,1376862.0,73350.0,Kazakhstan,Asia,50.0,18771059.0,356.0,1030.0,140083.0,14.0
53,2020-06-24,18765.0,534.0,136.0,2.0,11882.0,6747.0,121.0,1000.0,7.0,1401692.0,74671.0,Kazakhstan,Asia,50.0,18771673.0,368.0,1000.0,138027.0,13.0
54,2020-06-25,19285.0,520.0,140.0,4.0,12220.0,6925.0,121.0,1027.0,7.0,1424647.0,75891.0,Kazakhstan,Asia,50.0,18772286.0,338.0,973.0,134088.0,13.0
55,2020-06-26,19750.0,465.0,150.0,10.0,12548.0,7052.0,121.0,1052.0,8.0,1424647.0,75888.0,Kazakhstan,Asia,50.0,18772900.0,328.0,951.0,125153.0,13.0
56,2020-06-27,20319.0,569.0,166.0,16.0,12738.0,7415.0,121.0,1082.0,9.0,1467556.0,78172.0,Kazakhstan,Asia,50.0,18773513.0,190.0,924.0,113093.0,13.0
57,2020-06-28,20780.0,461.0,178.0,12.0,12824.0,7778.0,121.0,1107.0,9.0,1467556.0,78169.0,Kazakhstan,Asia,50.0,18774127.0,86.0,903.0,105473.0,13.0
58,2020-06-29,21327.0,547.0,188.0,10.0,13008.0,8131.0,121.0,1136.0,10.0,1467556.0,78167.0,Kazakhstan,Asia,50.0,18774740.0,184.0,880.0,99866.0,13.0
59,2020-06-30,21819.0,492.0,188.0,-1.0,13008.0,8623.0,121.0,1162.0,10.0,1517098.0,80803.0,Kazakhstan,Asia,50.0,18775354.0,-1.0,861.0,99869.0,12.0
60,2020-07-01,22308.0,489.0,188.0,-1.0,13845.0,8275.0,121.0,1188.0,10.0,1536607.0,81839.0,Kazakhstan,Asia,50.0,18775967.0,837.0,842.0,99872.0,12.0
61,2020-07-02,42574.0,1509.0,188.0,-1.0,25533.0,16853.0,121.0,2267.0,10.0,1536607.0,81836.0,Kazakhstan,Asia,36.0,18776581.0,214.0,441.0,99875.0,12.0
62,2020-07-03,44075.0,1501.0,188.0,-1.0,26251.0,17636.0,121.0,2347.0,10.0,1555858.0,82859.0,Kazakhstan,Asia,35.0,18777194.0,718.0,426.0,99879.0,12.0
63,2020-07-04,45719.0,1644.0,188.0,-1.0,26750.0,18781.0,121.0,2435.0,10.0,1590144.0,84682.0,Kazakhstan,Asia,34.0,18777808.0,499.0,411.0,99882.0,12.0
64,2020-07-05,47171.0,1452.0,188.0,-1.0,27030.0,19953.0,121.0,2512.0,10.0,1590144.0,84679.0,Kazakhstan,Asia,34.0,18778421.0,280.0,398.0,99885.0,12.0
65,2020-07-06,48574.0,1403.0,188.0,-1.0,27334.0,21052.0,221.0,2587.0,10.0,1620252.0,86280.0,Kazakhstan,Asia,34.0,18779035.0,304.0,387.0,99888.0,12.0
66,2020-07-07,49683.0,1109.0,264.0,-1.0,27657.0,21762.0,221.0,2646.0,14.0,1620252.0,86277.0,Kazakhstan,Asia,33.0,18779648.0,323.0,378.0,71135.0,12.0
67,2020-07-08,51059.0,1376.0,264.0,-1.0,34149.0,16646.0,221.0,2719.0,14.0,1630669.0,86829.0,Kazakhstan,Asia,32.0,18780262.0,6492.0,368.0,71137.0,12.0
68,2020-07-09,53021.0,1962.0,264.0,-1.0,35137.0,17620.0,221.0,2823.0,14.0,1659543.0,88363.0,Kazakhstan,Asia,31.0,18780875.0,988.0,354.0,71140.0,11.0
69,2020-07-10,54747.0,1726.0,264.0,-1.0,31815.0,22668.0,221.0,2915.0,14.0,1659543.0,88361.0,Kazakhstan,Asia,30.0,18781489.0,-1.0,343.0,71142.0,11.0
70,2020-07-11,56455.0,1708.0,264.0,-1.0,32500.0,23691.0,221.0,3006.0,14.0,1694586.0,90223.0,Kazakhstan,Asia,30.0,18782102.0,685.0,333.0,71144.0,11.0
71,2020-07-12,58253.0,1798.0,375.0,21.0,33814.0,24064.0,221.0,3101.0,20.0,1694586.0,90218.0,Kazakhstan,Asia,30.0,18783329.0,1314.0,322.0,50089.0,11.0
72,2020-07-13,59899.0,1646.0,375.0,-1.0,34190.0,25334.0,221.0,3189.0,20.0,1707337.0,90896.0,Kazakhstan,Asia,30.0,18783329.0,376.0,314.0,50089.0,11.0
73,2020-07-14,61755.0,1856.0,375.0,-1.0,35911.0,25469.0,221.0,3288.0,20.0,1719295.0,91530.0,Kazakhstan,Asia,30.0,18783943.0,1721.0,304.0,50091.0,11.0
74,2020-07-15,63514.0,1759.0,375.0,-1.0,38008.0,25131.0,221.0,3381.0,20.0,1737546.0,92499.0,Kazakhstan,Asia,29.0,18784556.0,2097.0,296.0,50092.0,11.0
75,2020-07-16,65188.0,1674.0,375.0,-1.0,39066.0,25747.0,221.0,3470.0,20.0,1737546.0,92496.0,Kazakhstan,Asia,29.0,18785170.0,1058.0,288.0,50094.0,11.0
76,2020-07-17,66895.0,1707.0,375.0,-1.0,40256.0,26264.0,221.0,3561.0,20.0,1737546.0,92493.0,Kazakhstan,Asia,28.0,18785783.0,1190.0,281.0,50095.0,11.0
77,2020-07-18,68703.0,1808.0,375.0,-1.0,40256.0,28072.0,221.0,3657.0,20.0,1737546.0,92490.0,Kazakhstan,Asia,28.0,18786397.0,-1.0,273.0,50097.0,11.0
78,2020-07-19,70339.0,1636.0,375.0,-1.0,43029.0,26935.0,221.0,3744.0,20.0,1777280.0,94602.0,Kazakhstan,Asia,28.0,18787010.0,2773.0,267.0,50099.0,11.0
