,Date,Tot cases,New cases,Tot Deaths,New Deaths,Total Recovered,Active Cases,Serious,Tot C par million,Deaths par million,Total Test,Tot T par million,Country,Continent,index,population,New Recov,col1,col2,col3
0,2020-05-02,733.0,4.0,25.0,1.0,197.0,511.0,43.0,107.0,4.0,37880.0,5550.0,Lebanon,Asia,,,0.0,,,
1,2020-05-03,737.0,4.0,25.0,-1.0,200.0,512.0,43.0,108.0,4.0,39238.0,5749.0,Lebanon,Asia,,,0.0,,,
2,2020-05-04,740.0,3.0,25.0,-1.0,200.0,515.0,43.0,108.0,4.0,41014.0,6009.0,Lebanon,Asia,,,0.0,,,
3,2020-05-05,741.0,-1.0,25.0,-1.0,206.0,510.0,43.0,109.0,4.0,42488.0,6225.0,Lebanon,Asia,,,0.0,,,
4,2020-05-06,750.0,9.0,25.0,-1.0,206.0,519.0,43.0,110.0,4.0,44701.0,6549.0,Lebanon,Asia,,,0.0,,,
5,2020-05-07,784.0,34.0,25.0,-1.0,220.0,539.0,43.0,115.0,4.0,46677.0,6839.0,Lebanon,Asia,,,0.0,,,
6,2020-05-08,796.0,-1.0,26.0,-1.0,223.0,547.0,42.0,117.0,4.0,48673.0,7131.0,Lebanon,Asia,,,0.0,,,
7,2020-05-09,809.0,-1.0,26.0,-1.0,234.0,549.0,4.0,119.0,4.0,49990.0,7324.0,Lebanon,Asia,,,0.0,,,
8,2020-05-10,845.0,36.0,26.0,-1.0,234.0,585.0,4.0,124.0,4.0,51182.0,7499.0,Lebanon,Asia,,,0.0,,,
9,2020-05-11,859.0,14.0,26.0,-1.0,234.0,599.0,3.0,126.0,4.0,51731.0,7579.0,Lebanon,Asia,,,0.0,,,
10,2020-05-12,870.0,11.0,26.0,-1.0,234.0,610.0,3.0,127.0,4.0,53269.0,7804.0,Lebanon,Asia,,,0.0,,,
11,2020-05-13,878.0,8.0,26.0,-1.0,236.0,616.0,3.0,129.0,4.0,54694.0,8013.0,Lebanon,Asia,,,0.0,,,
12,2020-05-14,886.0,8.0,26.0,-1.0,236.0,624.0,4.0,130.0,4.0,56385.0,8261.0,Lebanon,Asia,,,0.0,,,
13,2020-05-15,891.0,5.0,26.0,-1.0,246.0,619.0,4.0,130.0,4.0,57715.0,8451.0,Lebanon,Asia,105.0,6829201.0,0.0,,,
14,2020-05-16,902.0,11.0,26.0,-1.0,247.0,629.0,4.0,132.0,4.0,59588.0,8726.0,Lebanon,Asia,105.0,6829118.0,0.0,,,
15,2020-05-17,911.0,9.0,26.0,-1.0,247.0,638.0,3.0,133.0,4.0,61479.0,9003.0,Lebanon,Asia,105.0,6829035.0,0.0,,,
16,2020-05-18,931.0,20.0,26.0,-1.0,251.0,654.0,4.0,136.0,4.0,62424.0,9141.0,Lebanon,Asia,104.0,6828952.0,0.0,,,
17,2020-05-19,954.0,23.0,26.0,-1.0,251.0,677.0,4.0,140.0,4.0,63720.0,9331.0,Lebanon,Asia,104.0,6828869.0,0.0,,,
18,2020-05-20,961.0,7.0,26.0,-1.0,251.0,684.0,4.0,141.0,4.0,65363.0,9572.0,Lebanon,Asia,105.0,6828786.0,0.0,,,
19,2020-05-21,1024.0,63.0,26.0,-1.0,663.0,335.0,3.0,150.0,4.0,67510.0,9886.0,Lebanon,Asia,104.0,6828703.0,0.0,,,
20,2020-05-22,1086.0,62.0,26.0,-1.0,663.0,397.0,3.0,159.0,4.0,69610.0,10194.0,Lebanon,Asia,100.0,6828619.0,0.0,,,
21,2020-05-23,1097.0,11.0,26.0,-1.0,667.0,404.0,4.0,161.0,4.0,71814.0,10517.0,Lebanon,Asia,100.0,6828536.0,0.0,,,
22,2020-05-24,1114.0,17.0,26.0,-1.0,688.0,400.0,4.0,163.0,4.0,74224.0,10870.0,Lebanon,Asia,100.0,6828453.0,0.0,,,
23,2020-05-25,1119.0,5.0,26.0,-1.0,688.0,405.0,4.0,164.0,4.0,74994.0,10983.0,Lebanon,Asia,102.0,6828370.0,0.0,,,
24,2020-05-26,1140.0,21.0,26.0,-1.0,689.0,425.0,3.0,167.0,4.0,75813.0,11103.0,Lebanon,Asia,102.0,6828287.0,0.0,,,
25,2020-05-27,1161.0,-1.0,26.0,-1.0,692.0,443.0,3.0,170.0,4.0,77488.0,11348.0,Lebanon,Asia,103.0,6828121.0,0.0,,,
26,2020-05-28,1168.0,7.0,26.0,-1.0,699.0,443.0,7.0,171.0,4.0,78947.0,11562.0,Lebanon,Asia,104.0,6828121.0,0.0,,,
27,2020-05-29,1172.0,4.0,26.0,-1.0,705.0,441.0,6.0,172.0,4.0,80239.0,11751.0,Lebanon,Asia,106.0,6828038.0,0.0,,,
28,2020-05-30,1191.0,19.0,26.0,-1.0,708.0,457.0,6.0,174.0,4.0,82076.0,12021.0,Lebanon,Asia,106.0,6827955.0,0.0,,,
29,2020-05-31,1220.0,29.0,27.0,1.0,712.0,481.0,3.0,179.0,4.0,83574.0,12240.0,Lebanon,Asia,106.0,6827871.0,0.0,,,
30,2020-06-01,1233.0,13.0,27.0,-1.0,715.0,491.0,4.0,181.0,4.0,84176.0,12328.0,Lebanon,Asia,107.0,6827788.0,0.0,,,
31,2020-06-02,1242.0,9.0,27.0,-1.0,719.0,496.0,5.0,182.0,4.0,86244.0,12631.0,Lebanon,Asia,107.0,6827705.0,4.0,5497.0,252878.0,79.0
32,2020-06-03,1256.0,14.0,27.0,-1.0,724.0,505.0,5.0,184.0,4.0,88310.0,12934.0,Lebanon,Asia,107.0,6827622.0,5.0,5436.0,252875.0,77.0
33,2020-06-04,1306.0,50.0,28.0,1.0,731.0,547.0,4.0,191.0,4.0,90509.0,13256.0,Lebanon,Asia,106.0,6827539.0,7.0,5228.0,243841.0,75.0
34,2020-06-05,1312.0,6.0,28.0,-1.0,768.0,516.0,6.0,192.0,4.0,92175.0,13501.0,Lebanon,Asia,107.0,6827456.0,37.0,5204.0,243838.0,74.0
35,2020-06-06,1320.0,8.0,29.0,1.0,768.0,523.0,4.0,193.0,4.0,93907.0,13754.0,Lebanon,Asia,107.0,6827373.0,-1.0,5172.0,235427.0,73.0
36,2020-06-07,1331.0,11.0,30.0,1.0,768.0,533.0,6.0,195.0,4.0,95154.0,13937.0,Lebanon,Asia,107.0,6827290.0,-1.0,5129.0,227576.0,72.0
37,2020-06-08,1350.0,19.0,30.0,-1.0,779.0,541.0,7.0,198.0,4.0,96181.0,14088.0,Lebanon,Asia,108.0,6827207.0,11.0,5057.0,227574.0,71.0
38,2020-06-09,1368.0,18.0,30.0,-1.0,795.0,543.0,7.0,200.0,4.0,97745.0,14317.0,Lebanon,Asia,110.0,6827123.0,16.0,4991.0,227571.0,70.0
39,2020-06-10,1388.0,20.0,30.0,-1.0,832.0,526.0,8.0,203.0,4.0,99534.0,14579.0,Lebanon,Asia,110.0,6827040.0,37.0,4919.0,227568.0,69.0
40,2020-06-11,1402.0,14.0,31.0,1.0,845.0,526.0,7.0,205.0,5.0,101676.0,14893.0,Lebanon,Asia,110.0,6826957.0,13.0,4869.0,220224.0,67.0
41,2020-06-12,1422.0,20.0,31.0,-1.0,853.0,538.0,10.0,208.0,5.0,103390.0,15145.0,Lebanon,Asia,111.0,6826874.0,8.0,4801.0,220222.0,66.0
42,2020-06-13,1442.0,20.0,32.0,1.0,868.0,542.0,9.0,211.0,5.0,105264.0,15419.0,Lebanon,Asia,112.0,6826791.0,15.0,4734.0,213337.0,65.0
43,2020-06-14,1446.0,4.0,32.0,-1.0,868.0,546.0,8.0,212.0,5.0,106149.0,15549.0,Lebanon,Asia,112.0,6826708.0,-1.0,4721.0,213335.0,64.0
44,2020-06-15,1464.0,18.0,32.0,-1.0,875.0,557.0,8.0,214.0,5.0,106897.0,15659.0,Lebanon,Asia,111.0,6826625.0,7.0,4663.0,213332.0,64.0
45,2020-06-16,1473.0,9.0,32.0,-1.0,889.0,552.0,8.0,216.0,5.0,108039.0,15826.0,Lebanon,Asia,112.0,6826542.0,14.0,4634.0,213329.0,63.0
46,2020-06-17,1489.0,16.0,32.0,-1.0,907.0,550.0,7.0,218.0,5.0,109707.0,16071.0,Lebanon,Asia,114.0,6826459.0,18.0,4585.0,213327.0,62.0
47,2020-06-18,1495.0,6.0,32.0,-1.0,944.0,519.0,6.0,219.0,5.0,111168.0,16285.0,Lebanon,Asia,113.0,6826375.0,37.0,4566.0,213324.0,61.0
48,2020-06-19,1510.0,15.0,32.0,-1.0,960.0,518.0,6.0,221.0,5.0,112811.0,16526.0,Lebanon,Asia,113.0,6826292.0,16.0,4521.0,213322.0,61.0
49,2020-06-20,1536.0,26.0,32.0,-1.0,1006.0,498.0,8.0,225.0,5.0,114386.0,16757.0,Lebanon,Asia,112.0,6826126.0,46.0,4444.0,213316.0,60.0
50,2020-06-21,1587.0,51.0,32.0,-1.0,1068.0,487.0,8.0,232.0,5.0,116282.0,17035.0,Lebanon,Asia,111.0,6826126.0,62.0,4301.0,213316.0,59.0
51,2020-06-22,1603.0,16.0,32.0,-1.0,1077.0,494.0,9.0,235.0,5.0,117080.0,17152.0,Lebanon,Asia,111.0,6826043.0,9.0,4258.0,213314.0,58.0
52,2020-06-23,1622.0,19.0,32.0,-1.0,1098.0,492.0,9.0,238.0,5.0,118534.0,17365.0,Lebanon,Asia,111.0,6825960.0,21.0,4208.0,213311.0,58.0
53,2020-06-24,1644.0,22.0,33.0,1.0,1103.0,508.0,9.0,241.0,5.0,120315.0,17626.0,Lebanon,Asia,111.0,6825877.0,5.0,4152.0,206845.0,57.0
54,2020-06-25,1662.0,18.0,33.0,-1.0,1144.0,485.0,6.0,243.0,5.0,122351.0,17925.0,Lebanon,Asia,111.0,6825794.0,41.0,4107.0,206842.0,56.0
55,2020-06-26,1697.0,35.0,33.0,-1.0,1144.0,520.0,6.0,249.0,5.0,125058.0,18322.0,Lebanon,Asia,112.0,6825711.0,-1.0,4022.0,206840.0,55.0
56,2020-06-27,1719.0,22.0,33.0,-1.0,1153.0,533.0,6.0,252.0,5.0,127693.0,18708.0,Lebanon,Asia,112.0,6825627.0,9.0,3971.0,206837.0,53.0
57,2020-06-28,1740.0,21.0,34.0,1.0,1153.0,553.0,8.0,255.0,5.0,128894.0,18884.0,Lebanon,Asia,113.0,6825544.0,-1.0,3923.0,200751.0,53.0
58,2020-06-29,1745.0,5.0,34.0,-1.0,1170.0,541.0,8.0,256.0,5.0,129668.0,18998.0,Lebanon,Asia,113.0,6825461.0,17.0,3911.0,200749.0,53.0
59,2020-06-30,1778.0,33.0,34.0,-1.0,1183.0,561.0,6.0,260.0,5.0,132639.0,19433.0,Lebanon,Asia,113.0,6825378.0,13.0,3839.0,200746.0,51.0
60,2020-07-01,1788.0,10.0,34.0,-1.0,1223.0,531.0,6.0,262.0,5.0,135662.0,19876.0,Lebanon,Asia,113.0,6825295.0,40.0,3817.0,200744.0,50.0
61,2020-07-02,1796.0,8.0,35.0,1.0,1242.0,519.0,5.0,263.0,5.0,138131.0,20238.0,Lebanon,Asia,113.0,6825212.0,19.0,3800.0,195006.0,49.0
62,2020-07-03,1830.0,34.0,35.0,-1.0,1292.0,503.0,5.0,268.0,5.0,141479.0,20729.0,Lebanon,Asia,112.0,6825129.0,50.0,3730.0,195004.0,48.0
63,2020-07-04,1855.0,25.0,35.0,-1.0,1304.0,516.0,5.0,272.0,5.0,144418.0,21160.0,Lebanon,Asia,111.0,6825046.0,12.0,3679.0,195001.0,47.0
64,2020-07-05,1873.0,18.0,36.0,1.0,1311.0,526.0,8.0,274.0,5.0,146718.0,21497.0,Lebanon,Asia,111.0,6824963.0,7.0,3644.0,189582.0,47.0
65,2020-07-06,1885.0,12.0,36.0,-1.0,1311.0,538.0,8.0,276.0,5.0,149196.0,21861.0,Lebanon,Asia,111.0,6824880.0,-1.0,3621.0,189580.0,46.0
66,2020-07-07,1907.0,22.0,36.0,-1.0,1348.0,523.0,8.0,279.0,5.0,152335.0,22321.0,Lebanon,Asia,111.0,6824796.0,37.0,3579.0,189578.0,45.0
67,2020-07-08,1946.0,39.0,36.0,-1.0,1368.0,542.0,7.0,285.0,5.0,155893.0,22842.0,Lebanon,Asia,111.0,6824713.0,20.0,3507.0,189575.0,44.0
68,2020-07-09,2012.0,66.0,36.0,-1.0,1368.0,608.0,7.0,295.0,5.0,160153.0,23467.0,Lebanon,Asia,110.0,6824630.0,-1.0,3392.0,189573.0,43.0
69,2020-07-10,2082.0,71.0,36.0,-1.0,1402.0,644.0,11.0,305.0,5.0,164616.0,24121.0,Lebanon,Asia,109.0,6824547.0,34.0,3278.0,189571.0,41.0
70,2020-07-11,2168.0,86.0,36.0,-1.0,1402.0,730.0,7.0,318.0,5.0,171444.0,25122.0,Lebanon,Asia,110.0,6824464.0,-1.0,3148.0,189568.0,40.0
71,2020-07-12,2334.0,166.0,36.0,-1.0,1420.0,878.0,9.0,342.0,5.0,175327.0,25692.0,Lebanon,Asia,110.0,6824298.0,18.0,2924.0,189564.0,39.0
72,2020-07-13,2419.0,85.0,36.0,-1.0,1423.0,960.0,9.0,354.0,5.0,178945.0,26222.0,Lebanon,Asia,109.0,6824298.0,3.0,2821.0,189564.0,38.0
73,2020-07-14,2451.0,32.0,37.0,1.0,1452.0,962.0,20.0,359.0,5.0,184425.0,27025.0,Lebanon,Asia,108.0,6824215.0,29.0,2784.0,184438.0,37.0
74,2020-07-15,2542.0,91.0,38.0,1.0,1455.0,1049.0,14.0,373.0,6.0,189723.0,27802.0,Lebanon,Asia,108.0,6824132.0,3.0,2685.0,179582.0,36.0
75,2020-07-16,2599.0,57.0,40.0,2.0,1485.0,1074.0,14.0,381.0,6.0,194448.0,28495.0,Lebanon,Asia,108.0,6824048.0,30.0,2626.0,170601.0,35.0
76,2020-07-17,2700.0,101.0,40.0,-1.0,1485.0,1175.0,12.0,396.0,6.0,201186.0,29482.0,Lebanon,Asia,108.0,6823965.0,-1.0,2527.0,170599.0,34.0
77,2020-07-18,2775.0,75.0,40.0,-1.0,1485.0,1250.0,12.0,407.0,6.0,207514.0,30410.0,Lebanon,Asia,108.0,6823882.0,-1.0,2459.0,170597.0,33.0
78,2020-07-19,2859.0,84.0,40.0,-1.0,1515.0,1304.0,12.0,419.0,6.0,209912.0,30762.0,Lebanon,Asia,107.0,6823799.0,30.0,2387.0,170595.0,33.0
