,Date,Tot cases,New cases,Tot Deaths,New Deaths,Total Recovered,Active Cases,Serious,Tot C par million,Deaths par million,Total Test,Tot T par million,Country,Continent,index,population,New Recov,col1,col2,col3
0,2020-05-02,59.0,-1.0,-1.0,-1.0,16.0,43.0,-1.0,2.0,-1.0,61627.0,2115.0,Nepal,Asia,,,0.0,,,
1,2020-05-03,75.0,16.0,-1.0,-1.0,16.0,59.0,-1.0,3.0,-1.0,63102.0,2166.0,Nepal,Asia,,,0.0,,,
2,2020-05-04,75.0,-1.0,-1.0,-1.0,16.0,59.0,-1.0,3.0,-1.0,63102.0,2166.0,Nepal,Asia,,,0.0,,,
3,2020-05-05,82.0,-1.0,-1.0,-1.0,16.0,66.0,-1.0,3.0,-1.0,64492.0,2213.0,Nepal,Asia,,,0.0,,,
4,2020-05-06,99.0,17.0,-1.0,-1.0,22.0,77.0,-1.0,3.0,-1.0,64492.0,2213.0,Nepal,Asia,,,0.0,,,
5,2020-05-07,101.0,2.0,-1.0,-1.0,22.0,79.0,-1.0,3.0,-1.0,67066.0,2302.0,Nepal,Asia,,,0.0,,,
6,2020-05-08,109.0,7.0,-1.0,-1.0,30.0,79.0,-1.0,4.0,-1.0,70023.0,2403.0,Nepal,Asia,,,0.0,,,
7,2020-05-09,109.0,-1.0,-1.0,-1.0,31.0,78.0,-1.0,4.0,-1.0,72239.0,2479.0,Nepal,Asia,,,0.0,,,
8,2020-05-10,110.0,1.0,-1.0,-1.0,31.0,79.0,-1.0,4.0,-1.0,72239.0,2479.0,Nepal,Asia,,,0.0,,,
9,2020-05-11,134.0,24.0,-1.0,-1.0,33.0,101.0,-1.0,5.0,-1.0,76367.0,2621.0,Nepal,Asia,,,0.0,,,
10,2020-05-12,217.0,83.0,-1.0,-1.0,33.0,184.0,-1.0,7.0,-1.0,76424.0,2623.0,Nepal,Asia,,,0.0,,,
11,2020-05-13,243.0,26.0,-1.0,-1.0,35.0,208.0,-1.0,8.0,-1.0,81659.0,2803.0,Nepal,Asia,,,0.0,,,
12,2020-05-14,246.0,3.0,-1.0,-1.0,35.0,211.0,-1.0,8.0,-1.0,81685.0,2803.0,Nepal,Asia,,,0.0,,,
13,2020-05-15,267.0,18.0,-1.0,-1.0,36.0,231.0,-1.0,9.0,-1.0,86999.0,2993.0,Nepal,Asia,140.0,29066056.0,0.0,,,
14,2020-05-16,281.0,14.0,1.0,1.0,36.0,244.0,-1.0,10.0,0.03,92440.0,3180.0,Nepal,Asia,142.0,29067490.0,0.0,,,
15,2020-05-17,295.0,14.0,2.0,1.0,36.0,257.0,-1.0,10.0,0.07,92440.0,3180.0,Nepal,Asia,142.0,29068924.0,0.0,,,
16,2020-05-18,375.0,80.0,2.0,-1.0,36.0,337.0,1.0,13.0,0.07,100283.0,3450.0,Nepal,Asia,132.0,29070358.0,0.0,,,
17,2020-05-19,407.0,32.0,2.0,-1.0,37.0,368.0,1.0,14.0,0.07,107253.0,3689.0,Nepal,Asia,131.0,29071791.0,0.0,,,
18,2020-05-20,427.0,25.0,2.0,-1.0,45.0,380.0,1.0,15.0,0.07,110566.0,3803.0,Nepal,Asia,130.0,29073225.0,0.0,,,
19,2020-05-21,457.0,30.0,3.0,1.0,49.0,405.0,1.0,16.0,0.1,117431.0,4039.0,Nepal,Asia,130.0,29074659.0,0.0,,,
20,2020-05-22,516.0,59.0,3.0,-1.0,70.0,443.0,1.0,18.0,0.1,124604.0,4285.0,Nepal,Asia,127.0,29076092.0,0.0,,,
21,2020-05-23,584.0,68.0,3.0,-1.0,70.0,511.0,1.0,20.0,0.1,132195.0,4546.0,Nepal,Asia,125.0,29077526.0,0.0,,,
22,2020-05-24,603.0,19.0,3.0,-1.0,87.0,513.0,-1.0,21.0,0.1,138841.0,4775.0,Nepal,Asia,127.0,29078960.0,0.0,,,
23,2020-05-25,682.0,79.0,4.0,1.0,112.0,566.0,-1.0,23.0,0.1,146834.0,5049.0,Nepal,Asia,123.0,29080393.0,0.0,,,
24,2020-05-26,772.0,90.0,4.0,-1.0,155.0,613.0,-1.0,27.0,0.1,152391.0,5240.0,Nepal,Asia,118.0,29081827.0,0.0,,,
25,2020-05-27,886.0,-1.0,4.0,-1.0,183.0,699.0,-1.0,30.0,0.1,158564.0,5452.0,Nepal,Asia,115.0,29084694.0,0.0,,,
26,2020-05-28,1042.0,156.0,5.0,1.0,187.0,850.0,-1.0,36.0,0.2,162730.0,5595.0,Nepal,Asia,111.0,29084694.0,0.0,,,
27,2020-05-29,1212.0,170.0,6.0,1.0,206.0,1000.0,-1.0,42.0,0.2,169632.0,5832.0,Nepal,Asia,105.0,29086128.0,0.0,,,
28,2020-05-30,1401.0,189.0,6.0,-1.0,219.0,1176.0,-1.0,48.0,0.2,173784.0,5975.0,Nepal,Asia,101.0,29087562.0,0.0,,,
29,2020-05-31,1572.0,171.0,8.0,2.0,220.0,1344.0,-1.0,54.0,0.3,180691.0,6212.0,Nepal,Asia,98.0,29088995.0,0.0,,,
30,2020-06-01,1811.0,239.0,8.0,-1.0,221.0,1582.0,-1.0,62.0,0.3,185660.0,6382.0,Nepal,Asia,94.0,29090429.0,0.0,,,
31,2020-06-02,2099.0,288.0,8.0,-1.0,266.0,1825.0,-1.0,72.0,0.3,191688.0,6589.0,Nepal,Asia,88.0,29091863.0,45.0,13860.0,3636483.0,152.0
32,2020-06-03,2300.0,201.0,9.0,1.0,278.0,2013.0,-1.0,79.0,0.3,200646.0,6897.0,Nepal,Asia,87.0,29093297.0,12.0,12649.0,3232589.0,145.0
33,2020-06-04,2634.0,334.0,10.0,1.0,290.0,2334.0,-1.0,91.0,0.3,209698.0,7207.0,Nepal,Asia,84.0,29094730.0,12.0,11046.0,2909473.0,139.0
34,2020-06-05,2912.0,278.0,11.0,1.0,333.0,2568.0,-1.0,100.0,0.4,221332.0,7607.0,Nepal,Asia,82.0,29096164.0,43.0,9992.0,2645106.0,131.0
35,2020-06-06,3235.0,323.0,13.0,2.0,365.0,2857.0,-1.0,111.0,0.4,229912.0,7901.0,Nepal,Asia,79.0,29097598.0,32.0,8995.0,2238277.0,127.0
36,2020-06-07,3448.0,213.0,13.0,-1.0,467.0,2968.0,-1.0,118.0,0.4,241254.0,8291.0,Nepal,Asia,79.0,29099031.0,102.0,8439.0,2238387.0,121.0
37,2020-06-08,3762.0,314.0,14.0,1.0,488.0,3260.0,-1.0,129.0,0.5,257962.0,8865.0,Nepal,Asia,79.0,29100465.0,21.0,7735.0,2078605.0,113.0
38,2020-06-09,4086.0,324.0,15.0,1.0,584.0,3487.0,-1.0,140.0,0.5,272489.0,9363.0,Nepal,Asia,76.0,29101899.0,96.0,7122.0,1940127.0,107.0
39,2020-06-10,4364.0,278.0,15.0,-1.0,674.0,3675.0,-1.0,150.0,0.5,283624.0,9745.0,Nepal,Asia,75.0,29103332.0,90.0,6669.0,1940222.0,103.0
40,2020-06-11,4614.0,250.0,15.0,-1.0,861.0,3738.0,-1.0,159.0,0.5,294073.0,10104.0,Nepal,Asia,73.0,29104766.0,187.0,6308.0,1940318.0,99.0
41,2020-06-12,5062.0,448.0,16.0,1.0,877.0,4169.0,-1.0,174.0,0.5,309914.0,10648.0,Nepal,Asia,70.0,29106200.0,16.0,5750.0,1819138.0,94.0
42,2020-06-13,5335.0,273.0,18.0,2.0,913.0,4404.0,-1.0,183.0,0.6,317870.0,10921.0,Nepal,Asia,70.0,29107633.0,36.0,5456.0,1617091.0,92.0
43,2020-06-14,5760.0,425.0,19.0,1.0,974.0,4767.0,-1.0,198.0,0.7,344098.0,11821.0,Nepal,Asia,70.0,29109067.0,61.0,5054.0,1532056.0,85.0
44,2020-06-15,6211.0,451.0,19.0,-1.0,1041.0,5151.0,-1.0,213.0,0.7,358019.0,12299.0,Nepal,Asia,70.0,29110501.0,67.0,4687.0,1532132.0,81.0
45,2020-06-16,6591.0,380.0,19.0,-1.0,1158.0,5414.0,-1.0,226.0,0.7,367257.0,12615.0,Nepal,Asia,70.0,29111934.0,117.0,4417.0,1532207.0,79.0
46,2020-06-17,7177.0,586.0,20.0,1.0,1167.0,5990.0,-1.0,247.0,0.7,383315.0,13166.0,Nepal,Asia,69.0,29113368.0,9.0,4056.0,1455668.0,76.0
47,2020-06-18,7848.0,671.0,22.0,2.0,1186.0,6640.0,-1.0,270.0,0.8,398593.0,13690.0,Nepal,Asia,68.0,29114802.0,19.0,3710.0,1323400.0,73.0
48,2020-06-19,8274.0,426.0,22.0,-1.0,1402.0,6850.0,-1.0,284.0,0.8,409623.0,14069.0,Nepal,Asia,68.0,29116236.0,216.0,3519.0,1323465.0,71.0
49,2020-06-20,8605.0,331.0,22.0,-1.0,1578.0,7005.0,-1.0,296.0,0.8,421465.0,14474.0,Nepal,Asia,66.0,29119103.0,176.0,3384.0,1323596.0,69.0
50,2020-06-21,9026.0,421.0,23.0,1.0,1772.0,7231.0,-1.0,310.0,0.8,437347.0,15019.0,Nepal,Asia,65.0,29119103.0,194.0,3226.0,1266048.0,67.0
51,2020-06-22,9561.0,535.0,23.0,-1.0,2148.0,7390.0,-1.0,328.0,0.8,449474.0,15435.0,Nepal,Asia,65.0,29120537.0,376.0,3046.0,1266110.0,65.0
52,2020-06-23,10099.0,538.0,24.0,1.0,2224.0,7851.0,-1.0,347.0,0.8,457950.0,15725.0,Nepal,Asia,65.0,29121970.0,76.0,2884.0,1213415.0,64.0
53,2020-06-24,10728.0,629.0,24.0,-1.0,2338.0,8366.0,-1.0,368.0,0.8,476890.0,16375.0,Nepal,Asia,65.0,29123404.0,114.0,2715.0,1213475.0,61.0
54,2020-06-25,11162.0,434.0,26.0,2.0,2650.0,8486.0,-1.0,383.0,0.9,487600.0,16742.0,Nepal,Asia,64.0,29124838.0,312.0,2609.0,1120186.0,60.0
55,2020-06-26,11755.0,593.0,27.0,1.0,2698.0,9030.0,-1.0,404.0,0.9,493020.0,16927.0,Nepal,Asia,63.0,29126271.0,48.0,2478.0,1078751.0,59.0
56,2020-06-27,12309.0,554.0,28.0,1.0,2834.0,9447.0,-1.0,423.0,1.0,504910.0,17334.0,Nepal,Asia,63.0,29127705.0,136.0,2366.0,1040275.0,58.0
57,2020-06-28,12772.0,463.0,28.0,-1.0,3013.0,9731.0,-1.0,438.0,1.0,512605.0,17598.0,Nepal,Asia,60.0,29129139.0,179.0,2281.0,1040326.0,57.0
58,2020-06-29,13248.0,476.0,29.0,1.0,3134.0,10085.0,-1.0,455.0,1.0,521501.0,17902.0,Nepal,Asia,60.0,29130572.0,121.0,2199.0,1004502.0,56.0
59,2020-06-30,13564.0,316.0,29.0,-1.0,3194.0,10341.0,-1.0,466.0,1.0,526212.0,18063.0,Nepal,Asia,60.0,29132006.0,60.0,2148.0,1004552.0,55.0
60,2020-07-01,14046.0,482.0,30.0,1.0,4656.0,9360.0,-1.0,482.0,1.0,533847.0,18324.0,Nepal,Asia,60.0,29133440.0,1462.0,2074.0,971115.0,55.0
61,2020-07-02,14519.0,473.0,31.0,1.0,5320.0,9168.0,-1.0,498.0,1.0,534384.0,18342.0,Nepal,Asia,60.0,29134873.0,664.0,2007.0,939835.0,55.0
62,2020-07-03,15259.0,740.0,32.0,1.0,6143.0,9084.0,-1.0,524.0,1.0,547876.0,18804.0,Nepal,Asia,59.0,29136307.0,823.0,1909.0,910510.0,53.0
63,2020-07-04,15491.0,232.0,34.0,2.0,6415.0,9042.0,-1.0,532.0,1.0,547876.0,18803.0,Nepal,Asia,60.0,29137741.0,272.0,1881.0,856992.0,53.0
64,2020-07-05,15784.0,293.0,34.0,-1.0,6547.0,9203.0,-1.0,542.0,1.0,547876.0,18802.0,Nepal,Asia,60.0,29139175.0,132.0,1846.0,857035.0,53.0
65,2020-07-06,15964.0,180.0,35.0,1.0,6811.0,9118.0,-1.0,548.0,1.0,567452.0,19473.0,Nepal,Asia,60.0,29140608.0,264.0,1825.0,832589.0,51.0
66,2020-07-07,16168.0,204.0,35.0,-1.0,7499.0,8634.0,-1.0,555.0,1.0,574263.0,19706.0,Nepal,Asia,60.0,29142042.0,688.0,1802.0,832630.0,51.0
67,2020-07-08,16423.0,255.0,35.0,-1.0,7752.0,8636.0,-1.0,564.0,1.0,578859.0,19862.0,Nepal,Asia,60.0,29143476.0,253.0,1775.0,832671.0,50.0
68,2020-07-09,16531.0,108.0,35.0,-1.0,7891.0,8605.0,-1.0,567.0,1.0,583547.0,20022.0,Nepal,Asia,60.0,29144909.0,139.0,1763.0,832712.0,50.0
69,2020-07-10,16649.0,118.0,35.0,-1.0,8011.0,8603.0,-1.0,571.0,1.0,588353.0,20186.0,Nepal,Asia,60.0,29146343.0,120.0,1751.0,832753.0,50.0
70,2020-07-11,16719.0,70.0,38.0,3.0,8442.0,8239.0,-1.0,574.0,1.0,592001.0,20310.0,Nepal,Asia,60.0,29147777.0,431.0,1743.0,767047.0,49.0
71,2020-07-12,16801.0,82.0,38.0,-1.0,8589.0,8174.0,-1.0,576.0,1.0,595917.0,20443.0,Nepal,Asia,60.0,29150644.0,147.0,1735.0,767122.0,49.0
72,2020-07-13,16945.0,144.0,38.0,-1.0,10294.0,6613.0,-1.0,581.0,1.0,601773.0,20644.0,Nepal,Asia,60.0,29150644.0,1705.0,1720.0,767122.0,48.0
73,2020-07-14,17061.0,116.0,38.0,-1.0,10328.0,6695.0,-1.0,585.0,1.0,606141.0,20792.0,Nepal,Asia,60.0,29152078.0,34.0,1709.0,767160.0,48.0
74,2020-07-15,17177.0,116.0,39.0,1.0,11025.0,6113.0,-1.0,589.0,1.0,611231.0,20966.0,Nepal,Asia,60.0,29153511.0,697.0,1697.0,747526.0,48.0
75,2020-07-16,17344.0,167.0,39.0,-1.0,11249.0,6056.0,-1.0,595.0,1.0,616212.0,21136.0,Nepal,Asia,60.0,29154945.0,224.0,1681.0,747563.0,47.0
76,2020-07-17,17445.0,101.0,40.0,1.0,11534.0,5871.0,-1.0,598.0,1.0,620900.0,21296.0,Nepal,Asia,60.0,29156379.0,285.0,1671.0,728909.0,47.0
77,2020-07-18,17502.0,57.0,40.0,-1.0,11637.0,5825.0,-1.0,600.0,1.0,624231.0,21409.0,Nepal,Asia,60.0,29157812.0,103.0,1666.0,728945.0,47.0
78,2020-07-19,17658.0,156.0,40.0,-1.0,11695.0,5923.0,-1.0,606.0,1.0,627972.0,21536.0,Nepal,Asia,61.0,29159246.0,58.0,1651.0,728981.0,46.0
79,2020-07-20,17844.0,186.0,40.0,-1.0,11868.0,5936.0,-1.0,612.0,1.0,632274.0,21682.0,Nepal,Asia,61.0,29160680.0,173.0,1634.0,729017.0,46.0
80,2020-07-21,17994.0,150.0,40.0,-1.0,12477.0,5477.0,-1.0,617.0,1.0,636237.0,21817.0,Nepal,Asia,61.0,29162114.0,609.0,1621.0,729053.0,46.0
81,2020-07-22,18094.0,100.0,42.0,2.0,12684.0,5368.0,-1.0,620.0,1.0,640016.0,21946.0,Nepal,Asia,62.0,29163547.0,207.0,1612.0,694370.0,46.0
82,2020-07-23,18241.0,147.0,43.0,1.0,12840.0,5358.0,-1.0,625.0,1.0,643497.0,22063.0,Nepal,Asia,63.0,29166415.0,156.0,1599.0,678289.0,45.0
83,2020-07-24,18374.0,133.0,44.0,1.0,12947.0,5383.0,-1.0,630.0,2.0,647484.0,22200.0,Nepal,Asia,63.0,29166415.0,107.0,1587.0,662873.0,45.0
84,2020-07-25,18483.0,109.0,45.0,1.0,13053.0,5385.0,-1.0,634.0,2.0,647484.0,22199.0,Nepal,Asia,63.0,29167848.0,106.0,1578.0,648174.0,45.0
85,2020-07-26,18613.0,130.0,45.0,-1.0,13128.0,5440.0,-1.0,638.0,2.0,647484.0,22197.0,Nepal,Asia,63.0,29169282.0,75.0,1567.0,648206.0,45.0
86,2020-07-27,18752.0,139.0,48.0,3.0,13754.0,4950.0,-1.0,643.0,2.0,659677.0,22614.0,Nepal,Asia,63.0,29170716.0,626.0,1556.0,607723.0,44.0
87,2020-07-28,19063.0,311.0,49.0,1.0,13875.0,5139.0,-1.0,653.0,2.0,664709.0,22785.0,Nepal,Asia,63.0,29173583.0,121.0,1530.0,595379.0,44.0
88,2020-07-29,19273.0,210.0,49.0,-1.0,14021.0,5203.0,-1.0,661.0,2.0,670746.0,22992.0,Nepal,Asia,63.0,29173583.0,146.0,1514.0,595379.0,43.0
89,2020-07-30,19547.0,274.0,52.0,3.0,14248.0,5247.0,-1.0,670.0,2.0,677050.0,23206.0,Nepal,Asia,64.0,29175017.0,227.0,1493.0,561058.0,43.0
90,2020-07-31,19771.0,224.0,56.0,4.0,14399.0,5316.0,-1.0,678.0,2.0,687818.0,23574.0,Nepal,Asia,64.0,29176450.0,151.0,1476.0,521008.0,42.0
91,2020-08-01,20086.0,315.0,56.0,-1.0,14492.0,5538.0,-1.0,688.0,2.0,694892.0,23816.0,Nepal,Asia,64.0,29177884.0,93.0,1453.0,521034.0,42.0
92,2020-08-02,20332.0,246.0,57.0,1.0,14603.0,5672.0,-1.0,697.0,2.0,703672.0,24115.0,Nepal,Asia,64.0,29179318.0,111.0,1435.0,511918.0,41.0
