,Date,Tot cases,New cases,Tot Deaths,New Deaths,Total Recovered,Active Cases,Serious,Tot C par million,Deaths par million,Total Test,Tot T par million,Country,Continent,index,population,New Recov,col1,col2,col3
0,2020-05-02,152.0,30.0,2.0,1.0,18.0,132.0,-1.0,273.0,4.0,791.0,1423.0,Cabo Verde,Africa,,,0.0,,,
1,2020-05-03,165.0,13.0,2.0,-1.0,33.0,130.0,-1.0,297.0,4.0,791.0,1423.0,Cabo Verde,Africa,,,0.0,,,
2,2020-05-04,175.0,10.0,2.0,-1.0,37.0,136.0,-1.0,315.0,4.0,791.0,1423.0,Cabo Verde,Africa,,,0.0,,,
3,2020-05-05,186.0,-1.0,2.0,-1.0,37.0,147.0,-1.0,335.0,4.0,791.0,1423.0,Cabo Verde,Africa,,,0.0,,,
4,2020-05-06,191.0,5.0,2.0,-1.0,38.0,151.0,-1.0,344.0,4.0,791.0,1423.0,Cabo Verde,Africa,,,0.0,,,
5,2020-05-07,218.0,27.0,2.0,-1.0,38.0,178.0,-1.0,392.0,4.0,791.0,1423.0,Cabo Verde,Africa,,,0.0,,,
6,2020-05-08,230.0,-1.0,2.0,-1.0,44.0,184.0,-1.0,414.0,4.0,791.0,1423.0,Cabo Verde,Africa,,,0.0,,,
7,2020-05-09,236.0,-1.0,2.0,-1.0,56.0,178.0,-1.0,424.0,4.0,791.0,1423.0,Cabo Verde,Africa,,,0.0,,,
8,2020-05-10,246.0,10.0,2.0,-1.0,56.0,188.0,-1.0,442.0,4.0,791.0,1423.0,Cabo Verde,Africa,,,0.0,,,
9,2020-05-11,246.0,-1.0,2.0,-1.0,56.0,188.0,-1.0,442.0,4.0,791.0,1423.0,Cabo Verde,Africa,,,0.0,,,
10,2020-05-12,267.0,7.0,2.0,-1.0,58.0,207.0,-1.0,480.0,4.0,791.0,1423.0,Cabo Verde,Africa,,,0.0,,,
11,2020-05-13,289.0,22.0,2.0,-1.0,61.0,226.0,-1.0,520.0,4.0,791.0,1423.0,Cabo Verde,Africa,,,0.0,,,
12,2020-05-14,315.0,26.0,2.0,-1.0,67.0,246.0,-1.0,567.0,4.0,791.0,1423.0,Cabo Verde,Africa,,,0.0,,,
13,2020-05-15,326.0,11.0,2.0,-1.0,67.0,257.0,-1.0,587.0,4.0,791.0,1425.0,Cabo Verde,Africa,134.0,555195.0,0.0,,,
14,2020-05-16,328.0,2.0,2.0,-1.0,67.0,259.0,-1.0,591.0,4.0,791.0,1425.0,Cabo Verde,Africa,134.0,555212.0,0.0,,,
15,2020-05-17,328.0,-1.0,3.0,-1.0,84.0,241.0,-1.0,591.0,5.0,892.0,1607.0,Cabo Verde,Africa,135.0,555228.0,0.0,,,
16,2020-05-18,328.0,-1.0,3.0,-1.0,84.0,241.0,-1.0,591.0,5.0,892.0,1606.0,Cabo Verde,Africa,137.0,555245.0,0.0,,,
17,2020-05-19,335.0,7.0,3.0,-1.0,85.0,247.0,-1.0,603.0,5.0,892.0,1606.0,Cabo Verde,Africa,137.0,555261.0,0.0,,,
18,2020-05-20,349.0,14.0,3.0,-1.0,85.0,261.0,-1.0,629.0,5.0,892.0,1606.0,Cabo Verde,Africa,136.0,555278.0,0.0,,,
19,2020-05-21,356.0,7.0,3.0,-1.0,85.0,268.0,-1.0,641.0,5.0,892.0,1606.0,Cabo Verde,Africa,137.0,555294.0,0.0,,,
20,2020-05-22,362.0,6.0,3.0,-1.0,95.0,264.0,-1.0,652.0,5.0,892.0,1606.0,Cabo Verde,Africa,137.0,555311.0,0.0,,,
21,2020-05-23,371.0,9.0,3.0,-1.0,142.0,226.0,-1.0,668.0,5.0,1307.0,2354.0,Cabo Verde,Africa,137.0,555327.0,0.0,,,
22,2020-05-24,380.0,9.0,3.0,-1.0,155.0,222.0,-1.0,684.0,5.0,1307.0,2353.0,Cabo Verde,Africa,138.0,555344.0,0.0,,,
23,2020-05-25,390.0,10.0,3.0,-1.0,155.0,232.0,-1.0,702.0,5.0,1307.0,2353.0,Cabo Verde,Africa,137.0,555360.0,0.0,,,
24,2020-05-26,390.0,-1.0,4.0,1.0,155.0,231.0,-1.0,702.0,7.0,1307.0,2353.0,Cabo Verde,Africa,137.0,555377.0,0.0,,,
25,2020-05-27,390.0,-1.0,4.0,-1.0,155.0,231.0,-1.0,702.0,7.0,1307.0,2353.0,Cabo Verde,Africa,141.0,555410.0,0.0,,,
26,2020-05-28,390.0,-1.0,4.0,-1.0,155.0,231.0,-1.0,702.0,7.0,1307.0,2353.0,Cabo Verde,Africa,141.0,555410.0,0.0,,,
27,2020-05-29,390.0,-1.0,4.0,-1.0,155.0,231.0,-1.0,702.0,7.0,1307.0,2353.0,Cabo Verde,Africa,142.0,555426.0,0.0,,,
28,2020-05-30,421.0,16.0,4.0,-1.0,167.0,250.0,-1.0,758.0,7.0,1307.0,2353.0,Cabo Verde,Africa,142.0,555443.0,0.0,,,
29,2020-05-31,435.0,14.0,4.0,-1.0,193.0,238.0,-1.0,783.0,7.0,1307.0,2353.0,Cabo Verde,Africa,141.0,555459.0,0.0,,,
30,2020-06-01,458.0,23.0,4.0,-1.0,193.0,261.0,-1.0,825.0,7.0,1307.0,2353.0,Cabo Verde,Africa,139.0,555476.0,0.0,,,
31,2020-06-02,466.0,8.0,5.0,1.0,237.0,224.0,-1.0,839.0,9.0,1307.0,2353.0,Cabo Verde,Africa,140.0,555492.0,44.0,1192.0,111098.0,425.0
32,2020-06-03,477.0,11.0,5.0,-1.0,238.0,234.0,-1.0,859.0,9.0,1307.0,2353.0,Cabo Verde,Africa,140.0,555509.0,1.0,1165.0,111102.0,425.0
33,2020-06-04,502.0,25.0,5.0,-1.0,239.0,258.0,-1.0,904.0,9.0,1307.0,2353.0,Cabo Verde,Africa,138.0,555525.0,1.0,1107.0,111105.0,425.0
34,2020-06-05,536.0,34.0,5.0,-1.0,239.0,292.0,-1.0,965.0,9.0,1307.0,2353.0,Cabo Verde,Africa,137.0,555542.0,-1.0,1036.0,111108.0,425.0
35,2020-06-06,542.0,6.0,5.0,-1.0,240.0,297.0,-1.0,976.0,9.0,1307.0,2353.0,Cabo Verde,Africa,137.0,555558.0,1.0,1025.0,111112.0,425.0
36,2020-06-07,554.0,12.0,5.0,-1.0,240.0,309.0,-1.0,997.0,9.0,1307.0,2353.0,Cabo Verde,Africa,137.0,555575.0,-1.0,1003.0,111115.0,425.0
37,2020-06-08,567.0,13.0,5.0,-1.0,266.0,296.0,-1.0,1021.0,9.0,1307.0,2352.0,Cabo Verde,Africa,136.0,555591.0,26.0,980.0,111118.0,425.0
38,2020-06-09,585.0,18.0,5.0,-1.0,270.0,310.0,-1.0,1053.0,9.0,1307.0,2352.0,Cabo Verde,Africa,136.0,555608.0,4.0,950.0,111122.0,425.0
39,2020-06-10,615.0,30.0,5.0,-1.0,294.0,316.0,-1.0,1107.0,9.0,1307.0,2352.0,Cabo Verde,Africa,135.0,555624.0,24.0,903.0,111125.0,425.0
40,2020-06-11,657.0,42.0,5.0,-1.0,294.0,358.0,-1.0,1182.0,9.0,1307.0,2352.0,Cabo Verde,Africa,134.0,555641.0,-1.0,846.0,111128.0,425.0
41,2020-06-12,697.0,40.0,6.0,-1.0,294.0,397.0,-1.0,1254.0,11.0,1307.0,2352.0,Cabo Verde,Africa,132.0,555657.0,-1.0,797.0,92610.0,425.0
42,2020-06-13,726.0,29.0,6.0,-1.0,294.0,426.0,-1.0,1307.0,11.0,1307.0,2352.0,Cabo Verde,Africa,131.0,555674.0,-1.0,765.0,92612.0,425.0
43,2020-06-14,750.0,24.0,6.0,-1.0,301.0,443.0,-1.0,1350.0,11.0,1307.0,2352.0,Cabo Verde,Africa,130.0,555690.0,7.0,741.0,92615.0,425.0
44,2020-06-15,760.0,10.0,7.0,1.0,340.0,413.0,-1.0,1368.0,13.0,1307.0,2352.0,Cabo Verde,Africa,132.0,555707.0,39.0,731.0,79387.0,425.0
45,2020-06-16,781.0,21.0,7.0,-1.0,354.0,420.0,-1.0,1405.0,13.0,1307.0,2352.0,Cabo Verde,Africa,132.0,555723.0,14.0,712.0,79389.0,425.0
46,2020-06-17,792.0,11.0,7.0,-1.0,361.0,424.0,-1.0,1425.0,13.0,1307.0,2352.0,Cabo Verde,Africa,132.0,555740.0,7.0,702.0,79391.0,425.0
47,2020-06-18,823.0,31.0,7.0,-1.0,377.0,439.0,-1.0,1481.0,13.0,1307.0,2352.0,Cabo Verde,Africa,132.0,555756.0,-1.0,675.0,79394.0,425.0
48,2020-06-19,849.0,26.0,8.0,1.0,377.0,464.0,-1.0,1528.0,14.0,1307.0,2352.0,Cabo Verde,Africa,132.0,555773.0,-1.0,655.0,69472.0,425.0
49,2020-06-20,863.0,15.0,8.0,-1.0,377.0,478.0,-1.0,1553.0,14.0,1307.0,2352.0,Cabo Verde,Africa,129.0,555806.0,-1.0,644.0,69476.0,425.0
50,2020-06-21,890.0,27.0,8.0,-1.0,377.0,505.0,-1.0,1601.0,14.0,1307.0,2352.0,Cabo Verde,Africa,128.0,555806.0,-1.0,625.0,69476.0,425.0
51,2020-06-22,944.0,54.0,8.0,-1.0,419.0,517.0,-1.0,1698.0,14.0,1307.0,2351.0,Cabo Verde,Africa,128.0,555822.0,6.0,589.0,69478.0,425.0
52,2020-06-23,944.0,-1.0,8.0,-1.0,419.0,517.0,-1.0,1698.0,14.0,1307.0,2351.0,Cabo Verde,Africa,128.0,555839.0,-1.0,589.0,69480.0,425.0
53,2020-06-24,999.0,17.0,8.0,-1.0,479.0,512.0,-1.0,1797.0,14.0,1560.0,2806.0,Cabo Verde,Africa,127.0,555855.0,53.0,556.0,69482.0,356.0
54,2020-06-25,1003.0,4.0,8.0,-1.0,562.0,433.0,-1.0,1804.0,14.0,1560.0,2806.0,Cabo Verde,Africa,128.0,555872.0,83.0,554.0,69484.0,356.0
55,2020-06-26,1027.0,24.0,9.0,1.0,562.0,456.0,-1.0,1847.0,16.0,1560.0,2806.0,Cabo Verde,Africa,128.0,555888.0,-1.0,541.0,61765.0,356.0
56,2020-06-27,1091.0,64.0,12.0,2.0,568.0,511.0,-1.0,1963.0,22.0,1560.0,2806.0,Cabo Verde,Africa,126.0,555905.0,-1.0,510.0,46325.0,356.0
57,2020-06-28,1155.0,64.0,12.0,-1.0,570.0,573.0,-1.0,2078.0,22.0,1560.0,2806.0,Cabo Verde,Africa,122.0,555921.0,2.0,481.0,46327.0,356.0
58,2020-06-29,1165.0,10.0,12.0,-1.0,608.0,545.0,-1.0,2096.0,22.0,1737.0,3124.0,Cabo Verde,Africa,123.0,555938.0,38.0,477.0,46328.0,320.0
59,2020-06-30,1227.0,62.0,15.0,3.0,629.0,583.0,-1.0,2207.0,27.0,39000.0,70150.0,Cabo Verde,Africa,120.0,555954.0,21.0,453.0,37064.0,14.0
60,2020-07-01,1267.0,40.0,15.0,-1.0,629.0,623.0,-1.0,2279.0,27.0,39000.0,70148.0,Cabo Verde,Africa,120.0,555971.0,-1.0,439.0,37065.0,14.0
61,2020-07-02,1301.0,34.0,15.0,-1.0,629.0,657.0,-1.0,2340.0,27.0,39257.0,70608.0,Cabo Verde,Africa,122.0,555987.0,-1.0,427.0,37066.0,14.0
62,2020-07-03,1382.0,81.0,15.0,-1.0,629.0,738.0,-1.0,2486.0,27.0,39257.0,70606.0,Cabo Verde,Africa,122.0,556004.0,-1.0,402.0,37067.0,14.0
63,2020-07-04,1421.0,39.0,16.0,1.0,654.0,751.0,-1.0,2556.0,29.0,39257.0,70604.0,Cabo Verde,Africa,122.0,556020.0,25.0,391.0,34751.0,14.0
64,2020-07-05,1421.0,-1.0,16.0,-1.0,654.0,751.0,-1.0,2556.0,29.0,39257.0,70602.0,Cabo Verde,Africa,122.0,556036.0,-1.0,391.0,34752.0,14.0
65,2020-07-06,1463.0,12.0,17.0,-1.0,671.0,775.0,-1.0,2631.0,31.0,39485.0,71009.0,Cabo Verde,Africa,122.0,556053.0,16.0,380.0,32709.0,14.0
66,2020-07-07,1499.0,36.0,18.0,1.0,724.0,757.0,-1.0,2696.0,32.0,39485.0,71007.0,Cabo Verde,Africa,122.0,556069.0,2.0,371.0,30893.0,14.0
67,2020-07-08,1542.0,43.0,18.0,-1.0,730.0,794.0,-1.0,2773.0,32.0,39485.0,71005.0,Cabo Verde,Africa,121.0,556086.0,6.0,361.0,30894.0,14.0
68,2020-07-09,1552.0,10.0,18.0,-1.0,730.0,804.0,-1.0,2791.0,32.0,39485.0,71003.0,Cabo Verde,Africa,121.0,556102.0,-1.0,358.0,30895.0,14.0
69,2020-07-10,1591.0,39.0,19.0,1.0,730.0,842.0,-1.0,2861.0,34.0,39485.0,71001.0,Cabo Verde,Africa,121.0,556119.0,-1.0,350.0,29269.0,14.0
70,2020-07-11,1623.0,32.0,19.0,-1.0,748.0,856.0,-1.0,2918.0,34.0,39485.0,70999.0,Cabo Verde,Africa,120.0,556135.0,18.0,343.0,29270.0,14.0
71,2020-07-12,1623.0,-1.0,19.0,-1.0,748.0,856.0,-1.0,2918.0,34.0,39485.0,70995.0,Cabo Verde,Africa,121.0,556168.0,-1.0,343.0,29272.0,14.0
72,2020-07-13,1698.0,75.0,19.0,-1.0,748.0,931.0,-1.0,3053.0,34.0,40120.0,72136.0,Cabo Verde,Africa,120.0,556168.0,-1.0,328.0,29272.0,14.0
73,2020-07-14,1722.0,24.0,19.0,-1.0,772.0,931.0,-1.0,3096.0,34.0,40475.0,72773.0,Cabo Verde,Africa,120.0,556185.0,24.0,323.0,29273.0,14.0
74,2020-07-15,1780.0,58.0,19.0,-1.0,850.0,911.0,-1.0,3200.0,34.0,41091.0,73878.0,Cabo Verde,Africa,120.0,556201.0,78.0,312.0,29274.0,14.0
75,2020-07-16,1894.0,114.0,19.0,-1.0,902.0,973.0,-1.0,3405.0,34.0,41091.0,73876.0,Cabo Verde,Africa,120.0,556218.0,52.0,294.0,29275.0,14.0
76,2020-07-17,1939.0,45.0,19.0,-1.0,902.0,1018.0,-1.0,3486.0,34.0,41634.0,74850.0,Cabo Verde,Africa,117.0,556234.0,-1.0,287.0,29275.0,13.0
77,2020-07-18,2014.0,75.0,21.0,2.0,913.0,1080.0,-1.0,3621.0,38.0,41634.0,74848.0,Cabo Verde,Africa,116.0,556251.0,11.0,276.0,26488.0,13.0
78,2020-07-19,2045.0,31.0,21.0,-1.0,973.0,1051.0,-1.0,3676.0,38.0,41634.0,74845.0,Cabo Verde,Africa,115.0,556267.0,60.0,272.0,26489.0,13.0
79,2020-07-20,2071.0,26.0,21.0,-1.0,1063.0,987.0,-1.0,3723.0,38.0,41634.0,74843.0,Cabo Verde,Africa,115.0,556284.0,90.0,269.0,26490.0,13.0
80,2020-07-21,2107.0,36.0,21.0,-1.0,1100.0,986.0,-1.0,3788.0,38.0,41634.0,74841.0,Cabo Verde,Africa,115.0,556300.0,37.0,264.0,26490.0,13.0
81,2020-07-22,2154.0,47.0,21.0,-1.0,1132.0,1001.0,-1.0,3872.0,38.0,41634.0,74839.0,Cabo Verde,Africa,116.0,556317.0,32.0,258.0,26491.0,13.0
82,2020-07-23,2190.0,36.0,21.0,-1.0,1150.0,1019.0,-1.0,3936.0,38.0,41634.0,74834.0,Cabo Verde,Africa,117.0,556350.0,18.0,254.0,26493.0,13.0
83,2020-07-24,2220.0,30.0,22.0,1.0,1216.0,982.0,-1.0,3990.0,40.0,41634.0,74834.0,Cabo Verde,Africa,118.0,556350.0,66.0,251.0,25289.0,13.0
84,2020-07-25,2220.0,-1.0,22.0,-1.0,1216.0,982.0,-1.0,3990.0,40.0,41634.0,74832.0,Cabo Verde,Africa,118.0,556366.0,-1.0,251.0,25289.0,13.0
85,2020-07-26,2258.0,-1.0,22.0,-1.0,1363.0,873.0,-1.0,4058.0,40.0,41634.0,74830.0,Cabo Verde,Africa,118.0,556383.0,-1.0,246.0,25290.0,13.0
86,2020-07-27,2328.0,21.0,22.0,-1.0,1550.0,756.0,-1.0,4184.0,40.0,41634.0,74828.0,Cabo Verde,Africa,117.0,556399.0,103.0,239.0,25291.0,13.0
87,2020-07-28,2354.0,26.0,22.0,-1.0,1616.0,716.0,-1.0,4231.0,40.0,41634.0,74823.0,Cabo Verde,Africa,118.0,556432.0,66.0,236.0,25292.0,13.0
88,2020-07-29,2373.0,19.0,23.0,1.0,1694.0,656.0,-1.0,4265.0,41.0,41634.0,74823.0,Cabo Verde,Africa,118.0,556432.0,78.0,234.0,24193.0,13.0
89,2020-07-30,2418.0,45.0,23.0,-1.0,1694.0,701.0,-1.0,4345.0,41.0,41634.0,74821.0,Cabo Verde,Africa,118.0,556449.0,-1.0,230.0,24193.0,13.0
90,2020-07-31,2451.0,33.0,23.0,-1.0,1824.0,604.0,-1.0,4405.0,41.0,41634.0,74819.0,Cabo Verde,Africa,118.0,556465.0,130.0,227.0,24194.0,13.0
91,2020-08-01,2480.0,29.0,24.0,1.0,1837.0,619.0,-1.0,4457.0,43.0,41634.0,74816.0,Cabo Verde,Africa,118.0,556482.0,13.0,224.0,23187.0,13.0
92,2020-08-02,2547.0,67.0,24.0,-1.0,1860.0,663.0,-1.0,4577.0,43.0,41634.0,74814.0,Cabo Verde,Africa,117.0,556498.0,23.0,218.0,23187.0,13.0
