,Date,Tot cases,New cases,Tot Deaths,New Deaths,Total Recovered,Active Cases,Serious,Tot C par million,Deaths par million,Total Test,Tot T par million,Country,Continent,index,population,New Recov,col1,col2,col3
0,2020-05-02,1839.0,58.0,72.0,2.0,779.0,988.0,4.0,561.0,22.0,32783.0,9992.0,Bosnia and Herzegovina,Europe,,,0.0,,,
1,2020-05-03,1857.0,18.0,77.0,5.0,825.0,955.0,4.0,566.0,23.0,33928.0,10341.0,Bosnia and Herzegovina,Europe,,,0.0,,,
2,2020-05-04,1926.0,69.0,78.0,1.0,855.0,993.0,4.0,587.0,24.0,34378.0,10478.0,Bosnia and Herzegovina,Europe,,,0.0,,,
3,2020-05-05,1946.0,-1.0,79.0,-1.0,911.0,956.0,4.0,593.0,24.0,35296.0,10758.0,Bosnia and Herzegovina,Europe,,,0.0,,,
4,2020-05-06,1987.0,41.0,86.0,7.0,928.0,973.0,4.0,606.0,26.0,36492.0,11123.0,Bosnia and Herzegovina,Europe,,,0.0,,,
5,2020-05-07,2027.0,40.0,90.0,4.0,954.0,983.0,4.0,618.0,27.0,38187.0,11639.0,Bosnia and Herzegovina,Europe,,,0.0,,,
6,2020-05-08,2070.0,-1.0,98.0,-1.0,960.0,1012.0,4.0,631.0,30.0,38187.0,11639.0,Bosnia and Herzegovina,Europe,,,0.0,,,
7,2020-05-09,2090.0,-1.0,102.0,-1.0,1059.0,929.0,4.0,637.0,31.0,39989.0,12189.0,Bosnia and Herzegovina,Europe,,,0.0,,,
8,2020-05-10,2117.0,27.0,107.0,5.0,1106.0,904.0,4.0,645.0,33.0,41282.0,12583.0,Bosnia and Herzegovina,Europe,,,0.0,,,
9,2020-05-11,2141.0,24.0,113.0,6.0,1114.0,914.0,4.0,653.0,34.0,42318.0,12899.0,Bosnia and Herzegovina,Europe,,,0.0,,,
10,2020-05-12,2158.0,17.0,117.0,4.0,1168.0,873.0,4.0,658.0,36.0,43451.0,13244.0,Bosnia and Herzegovina,Europe,,,0.0,,,
11,2020-05-13,2181.0,23.0,120.0,3.0,1228.0,833.0,4.0,665.0,37.0,44380.0,13527.0,Bosnia and Herzegovina,Europe,,,0.0,,,
12,2020-05-14,2218.0,37.0,122.0,2.0,1272.0,824.0,4.0,676.0,37.0,45810.0,13963.0,Bosnia and Herzegovina,Europe,,,0.0,,,
13,2020-05-15,2236.0,18.0,128.0,6.0,1336.0,772.0,4.0,681.0,39.0,47149.0,14360.0,Bosnia and Herzegovina,Europe,75.0,3283308.0,0.0,,,
14,2020-05-16,2267.0,31.0,129.0,1.0,1355.0,783.0,4.0,690.0,39.0,48528.0,14780.0,Bosnia and Herzegovina,Europe,76.0,3283253.0,0.0,,,
15,2020-05-17,2290.0,23.0,133.0,4.0,1436.0,721.0,4.0,697.0,41.0,49832.0,15178.0,Bosnia and Herzegovina,Europe,75.0,3283197.0,0.0,,,
16,2020-05-18,2304.0,14.0,133.0,-1.0,1464.0,707.0,4.0,702.0,41.0,51320.0,15631.0,Bosnia and Herzegovina,Europe,76.0,3283142.0,0.0,,,
17,2020-05-19,2321.0,17.0,134.0,1.0,1522.0,665.0,4.0,707.0,41.0,53988.0,16444.0,Bosnia and Herzegovina,Europe,76.0,3283087.0,0.0,,,
18,2020-05-20,2338.0,17.0,136.0,2.0,1557.0,645.0,4.0,712.0,41.0,55624.0,16943.0,Bosnia and Herzegovina,Europe,76.0,3283031.0,0.0,,,
19,2020-05-21,2350.0,12.0,140.0,4.0,1596.0,614.0,4.0,716.0,43.0,56997.0,17361.0,Bosnia and Herzegovina,Europe,76.0,3282976.0,0.0,,,
20,2020-05-22,2372.0,22.0,141.0,1.0,1614.0,617.0,4.0,723.0,43.0,57507.0,17517.0,Bosnia and Herzegovina,Europe,78.0,3282920.0,0.0,,,
21,2020-05-23,2391.0,19.0,141.0,-1.0,1662.0,588.0,4.0,728.0,43.0,58694.0,17879.0,Bosnia and Herzegovina,Europe,79.0,3282865.0,0.0,,,
22,2020-05-24,2401.0,10.0,144.0,3.0,1680.0,577.0,4.0,731.0,44.0,59532.0,18134.0,Bosnia and Herzegovina,Europe,79.0,3282809.0,0.0,,,
23,2020-05-25,2406.0,5.0,146.0,2.0,1696.0,564.0,4.0,733.0,44.0,59934.0,18257.0,Bosnia and Herzegovina,Europe,81.0,3282754.0,0.0,,,
24,2020-05-26,2416.0,10.0,149.0,3.0,1721.0,546.0,4.0,736.0,45.0,60528.0,18438.0,Bosnia and Herzegovina,Europe,81.0,3282698.0,0.0,,,
25,2020-05-27,2435.0,-1.0,151.0,-1.0,1744.0,540.0,4.0,742.0,46.0,61111.0,18617.0,Bosnia and Herzegovina,Europe,82.0,3282587.0,0.0,,,
26,2020-05-28,2462.0,27.0,153.0,2.0,1781.0,528.0,4.0,750.0,47.0,62567.0,19060.0,Bosnia and Herzegovina,Europe,82.0,3282587.0,0.0,,,
27,2020-05-29,2485.0,23.0,153.0,-1.0,1803.0,529.0,4.0,757.0,47.0,63596.0,19374.0,Bosnia and Herzegovina,Europe,81.0,3282532.0,0.0,,,
28,2020-05-30,2494.0,9.0,153.0,-1.0,1831.0,510.0,4.0,760.0,47.0,64623.0,19687.0,Bosnia and Herzegovina,Europe,83.0,3282476.0,0.0,,,
29,2020-05-31,2510.0,16.0,153.0,-1.0,1862.0,495.0,4.0,765.0,47.0,65220.0,19869.0,Bosnia and Herzegovina,Europe,84.0,3282421.0,0.0,,,
30,2020-06-01,2524.0,14.0,154.0,1.0,1888.0,482.0,4.0,769.0,47.0,65900.0,20077.0,Bosnia and Herzegovina,Europe,83.0,3282366.0,0.0,,,
31,2020-06-02,2535.0,11.0,157.0,3.0,1910.0,468.0,4.0,772.0,48.0,66722.0,20328.0,Bosnia and Herzegovina,Europe,84.0,3282310.0,22.0,1295.0,20906.0,49.0
32,2020-06-03,2551.0,16.0,157.0,-1.0,1939.0,455.0,4.0,777.0,48.0,67952.0,20703.0,Bosnia and Herzegovina,Europe,84.0,3282255.0,29.0,1287.0,20906.0,48.0
33,2020-06-04,2594.0,43.0,159.0,2.0,1951.0,484.0,4.0,790.0,48.0,68706.0,20933.0,Bosnia and Herzegovina,Europe,86.0,3282199.0,12.0,1265.0,20643.0,48.0
34,2020-06-05,2606.0,12.0,159.0,-1.0,1968.0,479.0,4.0,794.0,48.0,69654.0,21222.0,Bosnia and Herzegovina,Europe,87.0,3282144.0,17.0,1259.0,20642.0,47.0
35,2020-06-06,2606.0,-1.0,159.0,-1.0,1968.0,479.0,4.0,794.0,48.0,69654.0,21222.0,Bosnia and Herzegovina,Europe,87.0,3282088.0,-1.0,1259.0,20642.0,47.0
36,2020-06-07,2606.0,-1.0,159.0,-1.0,1968.0,479.0,4.0,794.0,48.0,69654.0,21223.0,Bosnia and Herzegovina,Europe,88.0,3282033.0,-1.0,1259.0,20642.0,47.0
37,2020-06-08,2704.0,31.0,160.0,1.0,2023.0,521.0,4.0,824.0,49.0,71820.0,21883.0,Bosnia and Herzegovina,Europe,88.0,3281977.0,55.0,1214.0,20512.0,46.0
38,2020-06-09,2728.0,24.0,160.0,-1.0,2049.0,519.0,4.0,831.0,49.0,72514.0,22095.0,Bosnia and Herzegovina,Europe,88.0,3281922.0,26.0,1203.0,20512.0,45.0
39,2020-06-10,2775.0,47.0,161.0,1.0,2063.0,551.0,4.0,846.0,49.0,73379.0,22359.0,Bosnia and Herzegovina,Europe,88.0,3281866.0,14.0,1183.0,20384.0,45.0
40,2020-06-11,2832.0,57.0,161.0,-1.0,2100.0,571.0,4.0,863.0,49.0,74379.0,22664.0,Bosnia and Herzegovina,Europe,88.0,3281811.0,37.0,1159.0,20384.0,44.0
41,2020-06-12,2893.0,61.0,163.0,2.0,2119.0,611.0,4.0,882.0,50.0,75171.0,22906.0,Bosnia and Herzegovina,Europe,89.0,3281756.0,19.0,1134.0,20133.0,44.0
42,2020-06-13,2893.0,-1.0,163.0,-1.0,2119.0,611.0,4.0,882.0,50.0,75171.0,22906.0,Bosnia and Herzegovina,Europe,89.0,3281700.0,-1.0,1134.0,20133.0,44.0
43,2020-06-14,2893.0,-1.0,163.0,-1.0,2119.0,611.0,4.0,882.0,50.0,75171.0,22906.0,Bosnia and Herzegovina,Europe,90.0,3281645.0,-1.0,1134.0,20133.0,44.0
44,2020-06-15,3040.0,147.0,165.0,2.0,2162.0,713.0,4.0,926.0,50.0,77494.0,23615.0,Bosnia and Herzegovina,Europe,89.0,3281589.0,43.0,1079.0,19888.0,42.0
45,2020-06-16,3085.0,45.0,168.0,3.0,2178.0,739.0,4.0,940.0,51.0,77494.0,23615.0,Bosnia and Herzegovina,Europe,89.0,3281534.0,16.0,1064.0,19533.0,42.0
46,2020-06-17,3141.0,56.0,168.0,-1.0,2197.0,776.0,4.0,957.0,51.0,79079.0,24099.0,Bosnia and Herzegovina,Europe,89.0,3281478.0,19.0,1045.0,19533.0,41.0
47,2020-06-18,3174.0,33.0,168.0,-1.0,2219.0,787.0,4.0,967.0,51.0,79079.0,24099.0,Bosnia and Herzegovina,Europe,89.0,3281423.0,22.0,1034.0,19532.0,41.0
48,2020-06-19,3273.0,99.0,169.0,1.0,2241.0,863.0,4.0,997.0,52.0,81030.0,24694.0,Bosnia and Herzegovina,Europe,88.0,3281367.0,22.0,1003.0,19416.0,40.0
49,2020-06-20,3273.0,-1.0,169.0,-1.0,2241.0,863.0,4.0,997.0,52.0,81030.0,24695.0,Bosnia and Herzegovina,Europe,88.0,3281256.0,-1.0,1003.0,19416.0,40.0
50,2020-06-21,3273.0,-1.0,169.0,-1.0,2241.0,863.0,4.0,997.0,52.0,81030.0,24695.0,Bosnia and Herzegovina,Europe,88.0,3281256.0,-1.0,1003.0,19416.0,40.0
51,2020-06-22,3525.0,94.0,171.0,2.0,2270.0,1084.0,4.0,1074.0,52.0,81030.0,24695.0,Bosnia and Herzegovina,Europe,88.0,3281201.0,29.0,931.0,19188.0,40.0
52,2020-06-23,3588.0,63.0,172.0,1.0,2285.0,1131.0,4.0,1094.0,52.0,84958.0,25893.0,Bosnia and Herzegovina,Europe,88.0,3281145.0,15.0,914.0,19076.0,39.0
53,2020-06-24,3676.0,88.0,173.0,1.0,2297.0,1206.0,4.0,1120.0,53.0,84958.0,25893.0,Bosnia and Herzegovina,Europe,89.0,3281090.0,12.0,893.0,18966.0,39.0
54,2020-06-25,3796.0,120.0,175.0,2.0,2322.0,1299.0,4.0,1157.0,53.0,87418.0,26643.0,Bosnia and Herzegovina,Europe,89.0,3281035.0,25.0,864.0,18749.0,38.0
55,2020-06-26,3935.0,139.0,178.0,3.0,2338.0,1419.0,4.0,1199.0,54.0,88548.0,26988.0,Bosnia and Herzegovina,Europe,89.0,3280979.0,16.0,834.0,18432.0,37.0
56,2020-06-27,3935.0,-1.0,178.0,-1.0,2338.0,1419.0,4.0,1199.0,54.0,88548.0,26989.0,Bosnia and Herzegovina,Europe,90.0,3280924.0,-1.0,834.0,18432.0,37.0
57,2020-06-28,3935.0,-1.0,178.0,-1.0,2338.0,1419.0,4.0,1199.0,54.0,88548.0,26989.0,Bosnia and Herzegovina,Europe,90.0,3280868.0,-1.0,834.0,18432.0,37.0
58,2020-06-29,4325.0,390.0,184.0,6.0,2366.0,1775.0,4.0,1318.0,56.0,91792.0,27978.0,Bosnia and Herzegovina,Europe,87.0,3280813.0,28.0,759.0,17831.0,36.0
59,2020-06-30,4453.0,128.0,186.0,2.0,2402.0,1865.0,4.0,1357.0,57.0,92969.0,28338.0,Bosnia and Herzegovina,Europe,87.0,3280757.0,36.0,737.0,17638.0,35.0
60,2020-07-01,4606.0,153.0,188.0,2.0,2432.0,1986.0,4.0,1404.0,57.0,94126.0,28691.0,Bosnia and Herzegovina,Europe,87.0,3280702.0,30.0,712.0,17451.0,35.0
61,2020-07-02,4788.0,182.0,189.0,1.0,2515.0,2084.0,4.0,1459.0,58.0,95885.0,29227.0,Bosnia and Herzegovina,Europe,86.0,3280646.0,83.0,685.0,17358.0,34.0
62,2020-07-03,4962.0,174.0,191.0,2.0,2550.0,2221.0,4.0,1513.0,58.0,97736.0,29792.0,Bosnia and Herzegovina,Europe,86.0,3280591.0,35.0,661.0,17176.0,34.0
63,2020-07-04,4962.0,-1.0,191.0,-1.0,2550.0,2221.0,4.0,1513.0,58.0,97736.0,29793.0,Bosnia and Herzegovina,Europe,86.0,3280535.0,-1.0,661.0,17176.0,34.0
64,2020-07-05,4962.0,-1.0,191.0,-1.0,2550.0,2221.0,4.0,1513.0,58.0,97736.0,29793.0,Bosnia and Herzegovina,Europe,87.0,3280480.0,-1.0,661.0,17175.0,34.0
65,2020-07-06,5458.0,496.0,199.0,8.0,2598.0,2661.0,4.0,1664.0,61.0,101386.0,30906.0,Bosnia and Herzegovina,Europe,86.0,3280424.0,48.0,601.0,16485.0,32.0
66,2020-07-07,5621.0,163.0,207.0,8.0,2693.0,2721.0,4.0,1714.0,63.0,102715.0,31312.0,Bosnia and Herzegovina,Europe,85.0,3280369.0,95.0,584.0,15847.0,32.0
67,2020-07-08,5869.0,248.0,209.0,2.0,2769.0,2891.0,4.0,1789.0,64.0,104343.0,31809.0,Bosnia and Herzegovina,Europe,85.0,3280314.0,76.0,559.0,15695.0,31.0
68,2020-07-09,6086.0,217.0,214.0,5.0,2815.0,3057.0,4.0,1855.0,65.0,106214.0,32380.0,Bosnia and Herzegovina,Europe,85.0,3280258.0,46.0,539.0,15328.0,31.0
69,2020-07-10,6402.0,316.0,216.0,2.0,3037.0,3149.0,4.0,1952.0,66.0,108010.0,32928.0,Bosnia and Herzegovina,Europe,85.0,3280203.0,222.0,512.0,15186.0,30.0
70,2020-07-11,6719.0,317.0,219.0,3.0,3078.0,3422.0,4.0,2048.0,67.0,109620.0,33419.0,Bosnia and Herzegovina,Europe,83.0,3280147.0,41.0,488.0,14978.0,30.0
71,2020-07-12,6877.0,158.0,221.0,2.0,3115.0,3541.0,4.0,2097.0,67.0,110773.0,33772.0,Bosnia and Herzegovina,Europe,83.0,3280036.0,37.0,477.0,14842.0,30.0
72,2020-07-13,6981.0,104.0,226.0,5.0,3179.0,3576.0,4.0,2128.0,69.0,111536.0,34005.0,Bosnia and Herzegovina,Europe,83.0,3280036.0,64.0,470.0,14513.0,29.0
73,2020-07-14,6981.0,-1.0,226.0,-1.0,3179.0,3576.0,4.0,2128.0,69.0,111536.0,34005.0,Bosnia and Herzegovina,Europe,83.0,3279981.0,-1.0,470.0,14513.0,29.0
74,2020-07-15,7411.0,306.0,235.0,8.0,3335.0,3841.0,-1.0,2260.0,72.0,114344.0,34862.0,Bosnia and Herzegovina,Europe,82.0,3279925.0,156.0,443.0,13957.0,29.0
75,2020-07-16,7681.0,270.0,240.0,5.0,3534.0,3907.0,-1.0,2342.0,73.0,116067.0,35388.0,Bosnia and Herzegovina,Europe,82.0,3279870.0,199.0,427.0,13666.0,28.0
76,2020-07-17,7908.0,227.0,245.0,5.0,3612.0,4051.0,-1.0,2411.0,75.0,117902.0,35948.0,Bosnia and Herzegovina,Europe,82.0,3279814.0,78.0,415.0,13387.0,28.0
77,2020-07-18,8161.0,253.0,246.0,1.0,3648.0,4267.0,-1.0,2488.0,75.0,119550.0,36451.0,Bosnia and Herzegovina,Europe,83.0,3279759.0,36.0,402.0,13332.0,27.0
78,2020-07-19,8340.0,179.0,249.0,3.0,3669.0,4422.0,-1.0,2543.0,76.0,120388.0,36707.0,Bosnia and Herzegovina,Europe,83.0,3279703.0,21.0,393.0,13171.0,27.0
79,2020-07-20,8479.0,139.0,255.0,6.0,3755.0,4469.0,-1.0,2585.0,78.0,121529.0,37056.0,Bosnia and Herzegovina,Europe,82.0,3279648.0,86.0,387.0,12861.0,27.0
80,2020-07-21,8787.0,308.0,264.0,9.0,4003.0,4520.0,-1.0,2679.0,80.0,123645.0,37701.0,Bosnia and Herzegovina,Europe,82.0,3279593.0,248.0,373.0,12423.0,27.0
81,2020-07-22,9115.0,328.0,268.0,4.0,4159.0,4688.0,-1.0,2779.0,82.0,125518.0,38273.0,Bosnia and Herzegovina,Europe,80.0,3279537.0,156.0,360.0,12237.0,26.0
82,2020-07-23,9462.0,347.0,274.0,6.0,4367.0,4821.0,-1.0,2885.0,84.0,127302.0,38818.0,Bosnia and Herzegovina,Europe,79.0,3279426.0,208.0,347.0,11969.0,26.0
83,2020-07-24,9767.0,305.0,280.0,6.0,4555.0,4932.0,-1.0,2978.0,85.0,128933.0,39316.0,Bosnia and Herzegovina,Europe,79.0,3279426.0,188.0,336.0,11712.0,25.0
84,2020-07-25,9767.0,-1.0,280.0,-1.0,4555.0,4932.0,-1.0,2978.0,85.0,128933.0,39316.0,Bosnia and Herzegovina,Europe,79.0,3279371.0,-1.0,336.0,11712.0,25.0
85,2020-07-26,9767.0,-1.0,280.0,-1.0,4555.0,4932.0,-1.0,2978.0,85.0,128933.0,39317.0,Bosnia and Herzegovina,Europe,79.0,3279315.0,-1.0,336.0,11712.0,25.0
86,2020-07-27,10498.0,183.0,294.0,7.0,4930.0,5274.0,-1.0,3201.0,90.0,132646.0,40450.0,Bosnia and Herzegovina,Europe,77.0,3279260.0,375.0,312.0,11154.0,25.0
87,2020-07-28,10766.0,268.0,297.0,3.0,5220.0,5249.0,-1.0,3283.0,91.0,132646.0,40451.0,Bosnia and Herzegovina,Europe,78.0,3279149.0,290.0,305.0,11041.0,25.0
88,2020-07-29,11127.0,361.0,316.0,19.0,5441.0,5370.0,-1.0,3393.0,96.0,135760.0,41401.0,Bosnia and Herzegovina,Europe,78.0,3279149.0,221.0,295.0,10377.0,24.0
89,2020-07-30,11444.0,317.0,328.0,12.0,5586.0,5530.0,-1.0,3490.0,100.0,137604.0,41964.0,Bosnia and Herzegovina,Europe,77.0,3279093.0,145.0,287.0,9997.0,24.0
90,2020-07-31,11876.0,432.0,339.0,11.0,5959.0,5578.0,-1.0,3622.0,103.0,139343.0,42495.0,Bosnia and Herzegovina,Europe,75.0,3279038.0,373.0,276.0,9673.0,24.0
91,2020-08-01,11876.0,-1.0,339.0,-1.0,5959.0,5578.0,-1.0,3622.0,103.0,139343.0,42496.0,Bosnia and Herzegovina,Europe,76.0,3278983.0,-1.0,276.0,9673.0,24.0
92,2020-08-02,12296.0,420.0,352.0,13.0,6312.0,5632.0,-1.0,3750.0,107.0,139343.0,42497.0,Bosnia and Herzegovina,Europe,76.0,3278927.0,353.0,267.0,9315.0,24.0
