,Date,Tot cases,New cases,Tot Deaths,New Deaths,Total Recovered,Active Cases,Serious,Tot C par million,Deaths par million,Total Test,Tot T par million,Country,Continent,index,population,New Recov,col1,col2,col3
0,2020-05-02,353.0,-1.0,2.0,-1.0,76.0,275.0,-1.0,69.0,0.4,32200.0,6312.0,Palestine,Asia,,,0.0,,,
1,2020-05-03,353.0,-1.0,2.0,-1.0,77.0,274.0,-1.0,69.0,0.4,32200.0,6312.0,Palestine,Asia,,,0.0,,,
2,2020-05-04,362.0,9.0,2.0,-1.0,102.0,258.0,-1.0,71.0,0.4,32200.0,6312.0,Palestine,Asia,,,0.0,,,
3,2020-05-05,371.0,-1.0,2.0,-1.0,127.0,242.0,-1.0,73.0,0.4,32200.0,6312.0,Palestine,Asia,,,0.0,,,
4,2020-05-06,371.0,-1.0,2.0,-1.0,127.0,242.0,-1.0,73.0,0.4,32200.0,6312.0,Palestine,Asia,,,0.0,,,
5,2020-05-07,375.0,1.0,2.0,-1.0,176.0,197.0,-1.0,74.0,0.4,34511.0,6765.0,Palestine,Asia,,,0.0,,,
6,2020-05-08,375.0,-1.0,2.0,-1.0,228.0,145.0,-1.0,74.0,0.4,34511.0,6765.0,Palestine,Asia,,,0.0,,,
7,2020-05-09,375.0,-1.0,2.0,-1.0,228.0,145.0,-1.0,74.0,0.4,34511.0,6765.0,Palestine,Asia,,,0.0,,,
8,2020-05-10,375.0,-1.0,2.0,-1.0,263.0,110.0,-1.0,74.0,0.4,34511.0,6765.0,Palestine,Asia,,,0.0,,,
9,2020-05-11,375.0,-1.0,2.0,-1.0,301.0,72.0,-1.0,74.0,0.4,34511.0,6765.0,Palestine,Asia,,,0.0,,,
10,2020-05-12,375.0,-1.0,2.0,-1.0,316.0,57.0,-1.0,74.0,0.4,43566.0,8540.0,Palestine,Asia,,,0.0,,,
11,2020-05-13,375.0,-1.0,2.0,-1.0,310.0,63.0,-1.0,74.0,0.4,43566.0,8540.0,Palestine,Asia,,,0.0,,,
12,2020-05-14,375.0,-1.0,2.0,-1.0,310.0,63.0,-1.0,74.0,0.4,43566.0,8540.0,Palestine,Asia,,,0.0,,,
13,2020-05-15,375.0,-1.0,2.0,-1.0,315.0,58.0,-1.0,74.0,0.4,43566.0,8567.0,Palestine,Asia,130.0,5085052.0,0.0,,,
14,2020-05-16,376.0,1.0,2.0,-1.0,329.0,45.0,-1.0,74.0,0.4,44876.0,8825.0,Palestine,Asia,130.0,5085377.0,0.0,,,
15,2020-05-17,381.0,5.0,2.0,-1.0,335.0,44.0,-1.0,75.0,0.4,44876.0,8824.0,Palestine,Asia,130.0,5085701.0,0.0,,,
16,2020-05-18,386.0,5.0,2.0,-1.0,337.0,47.0,-1.0,76.0,0.4,44876.0,8823.0,Palestine,Asia,131.0,5086026.0,0.0,,,
17,2020-05-19,391.0,3.0,2.0,-1.0,346.0,43.0,-1.0,77.0,0.4,44876.0,8823.0,Palestine,Asia,132.0,5086351.0,0.0,,,
18,2020-05-20,398.0,7.0,2.0,-1.0,346.0,50.0,-1.0,78.0,0.4,44876.0,8822.0,Palestine,Asia,132.0,5086676.0,0.0,,,
19,2020-05-21,423.0,25.0,2.0,-1.0,346.0,75.0,-1.0,83.0,0.4,44876.0,8822.0,Palestine,Asia,134.0,5087001.0,0.0,,,
20,2020-05-22,423.0,-1.0,2.0,-1.0,346.0,75.0,-1.0,83.0,0.4,44876.0,8821.0,Palestine,Asia,136.0,5087326.0,0.0,,,
21,2020-05-23,423.0,-1.0,3.0,1.0,346.0,74.0,-1.0,83.0,0.6,44876.0,8821.0,Palestine,Asia,136.0,5087651.0,0.0,,,
22,2020-05-24,423.0,-1.0,3.0,-1.0,357.0,63.0,-1.0,83.0,0.6,44876.0,8820.0,Palestine,Asia,136.0,5087975.0,0.0,,,
23,2020-05-25,423.0,-1.0,3.0,-1.0,357.0,63.0,-1.0,83.0,0.6,44876.0,8819.0,Palestine,Asia,136.0,5088300.0,0.0,,,
24,2020-05-26,426.0,3.0,3.0,-1.0,365.0,58.0,-1.0,84.0,0.6,44876.0,8819.0,Palestine,Asia,136.0,5088625.0,0.0,,,
25,2020-05-27,434.0,-1.0,3.0,-1.0,365.0,66.0,-1.0,85.0,0.6,44876.0,8818.0,Palestine,Asia,138.0,5089275.0,0.0,,,
26,2020-05-28,446.0,12.0,3.0,-1.0,368.0,75.0,-1.0,88.0,0.6,44876.0,8818.0,Palestine,Asia,137.0,5089275.0,0.0,,,
27,2020-05-29,446.0,-1.0,3.0,-1.0,368.0,75.0,-1.0,88.0,0.6,44876.0,8817.0,Palestine,Asia,137.0,5089600.0,0.0,,,
28,2020-05-30,447.0,1.0,3.0,-1.0,368.0,76.0,-1.0,88.0,0.6,44876.0,8817.0,Palestine,Asia,139.0,5089925.0,0.0,,,
29,2020-05-31,448.0,1.0,3.0,-1.0,368.0,77.0,-1.0,88.0,0.6,44876.0,8816.0,Palestine,Asia,139.0,5090250.0,0.0,,,
30,2020-06-01,449.0,1.0,3.0,-1.0,372.0,74.0,-1.0,88.0,0.6,44876.0,8816.0,Palestine,Asia,141.0,5090574.0,0.0,,,
31,2020-06-02,451.0,2.0,3.0,-1.0,372.0,76.0,-1.0,89.0,0.6,44876.0,8815.0,Palestine,Asia,141.0,5090899.0,-1.0,11288.0,1696966.0,113.0
32,2020-06-03,457.0,6.0,3.0,-1.0,372.0,82.0,-1.0,90.0,0.6,44876.0,8814.0,Palestine,Asia,141.0,5091224.0,-1.0,11141.0,1697075.0,113.0
33,2020-06-04,464.0,7.0,3.0,-1.0,377.0,84.0,-1.0,91.0,0.6,44876.0,8814.0,Palestine,Asia,142.0,5091549.0,5.0,10973.0,1697183.0,113.0
34,2020-06-05,464.0,-1.0,3.0,-1.0,377.0,84.0,-1.0,91.0,0.6,44876.0,8813.0,Palestine,Asia,143.0,5091874.0,-1.0,10974.0,1697291.0,113.0
35,2020-06-06,464.0,-1.0,3.0,-1.0,400.0,61.0,-1.0,91.0,0.6,44876.0,8813.0,Palestine,Asia,143.0,5092199.0,23.0,10975.0,1697400.0,113.0
36,2020-06-07,472.0,8.0,3.0,-1.0,403.0,66.0,-1.0,93.0,0.6,44876.0,8812.0,Palestine,Asia,143.0,5092524.0,3.0,10789.0,1697508.0,113.0
37,2020-06-08,473.0,1.0,3.0,-1.0,404.0,66.0,-1.0,93.0,0.6,44876.0,8812.0,Palestine,Asia,143.0,5092848.0,1.0,10767.0,1697616.0,113.0
38,2020-06-09,481.0,8.0,3.0,-1.0,404.0,74.0,-1.0,94.0,0.6,44876.0,8811.0,Palestine,Asia,142.0,5093173.0,-1.0,10589.0,1697724.0,113.0
39,2020-06-10,484.0,3.0,3.0,-1.0,410.0,71.0,-1.0,95.0,0.6,44876.0,8810.0,Palestine,Asia,143.0,5093498.0,6.0,10524.0,1697833.0,114.0
40,2020-06-11,487.0,2.0,3.0,-1.0,410.0,74.0,-1.0,96.0,0.6,44876.0,8810.0,Palestine,Asia,144.0,5093823.0,-1.0,10460.0,1697941.0,114.0
41,2020-06-12,489.0,2.0,3.0,-1.0,414.0,72.0,-1.0,96.0,0.6,44876.0,8809.0,Palestine,Asia,144.0,5094148.0,4.0,10417.0,1698049.0,114.0
42,2020-06-13,489.0,-1.0,3.0,-1.0,414.0,72.0,-1.0,96.0,0.6,44876.0,8809.0,Palestine,Asia,145.0,5094473.0,-1.0,10418.0,1698158.0,114.0
43,2020-06-14,492.0,3.0,3.0,-1.0,415.0,74.0,-1.0,97.0,0.6,44876.0,8808.0,Palestine,Asia,146.0,5094798.0,-1.0,10355.0,1698266.0,114.0
44,2020-06-15,505.0,13.0,3.0,-1.0,415.0,87.0,-1.0,99.0,0.6,44876.0,8808.0,Palestine,Asia,146.0,5095122.0,-1.0,10089.0,1698374.0,114.0
45,2020-06-16,514.0,9.0,3.0,-1.0,415.0,96.0,-1.0,101.0,0.6,44876.0,8807.0,Palestine,Asia,146.0,5095447.0,-1.0,9913.0,1698482.0,114.0
46,2020-06-17,555.0,41.0,3.0,-1.0,415.0,137.0,-1.0,109.0,0.6,44876.0,8807.0,Palestine,Asia,145.0,5095772.0,-1.0,9182.0,1698591.0,114.0
47,2020-06-18,600.0,45.0,3.0,-1.0,415.0,182.0,-1.0,118.0,0.6,44876.0,8806.0,Palestine,Asia,141.0,5096097.0,-1.0,8493.0,1698699.0,114.0
48,2020-06-19,675.0,75.0,3.0,-1.0,437.0,235.0,-1.0,132.0,0.6,44876.0,8805.0,Palestine,Asia,137.0,5096422.0,22.0,7550.0,1698807.0,114.0
49,2020-06-20,784.0,109.0,3.0,-1.0,437.0,344.0,-1.0,154.0,0.6,44876.0,8804.0,Palestine,Asia,133.0,5097072.0,-1.0,6501.0,1699024.0,114.0
50,2020-06-21,833.0,49.0,3.0,-1.0,439.0,391.0,-1.0,163.0,0.6,44876.0,8804.0,Palestine,Asia,133.0,5097072.0,2.0,6119.0,1699024.0,114.0
51,2020-06-22,1001.0,168.0,3.0,-1.0,442.0,556.0,-1.0,196.0,0.6,44876.0,8804.0,Palestine,Asia,125.0,5097397.0,3.0,5092.0,1699132.0,114.0
52,2020-06-23,1169.0,168.0,3.0,-1.0,442.0,724.0,-1.0,229.0,0.6,77631.0,15229.0,Palestine,Asia,120.0,5097721.0,-1.0,4361.0,1699240.0,66.0
53,2020-06-24,1328.0,159.0,3.0,-1.0,442.0,883.0,-1.0,260.0,0.6,77631.0,15228.0,Palestine,Asia,119.0,5098046.0,-1.0,3839.0,1699349.0,66.0
54,2020-06-25,1382.0,54.0,3.0,-1.0,446.0,933.0,-1.0,271.0,0.6,77631.0,15227.0,Palestine,Asia,118.0,5098371.0,4.0,3689.0,1699457.0,66.0
55,2020-06-26,1557.0,175.0,3.0,-1.0,446.0,1108.0,-1.0,305.0,0.6,84621.0,16597.0,Palestine,Asia,115.0,5098696.0,-1.0,3275.0,1699565.0,60.0
56,2020-06-27,1815.0,258.0,4.0,1.0,446.0,1365.0,-1.0,356.0,0.8,84621.0,16596.0,Palestine,Asia,110.0,5099021.0,-1.0,2809.0,1274755.0,60.0
57,2020-06-28,1990.0,175.0,4.0,-1.0,447.0,1539.0,-1.0,390.0,0.8,84621.0,16594.0,Palestine,Asia,108.0,5099346.0,1.0,2562.0,1274837.0,60.0
58,2020-06-29,2185.0,195.0,5.0,1.0,447.0,1733.0,-1.0,428.0,1.0,84621.0,16593.0,Palestine,Asia,103.0,5099671.0,-1.0,2334.0,1019934.0,60.0
59,2020-06-30,2428.0,243.0,8.0,3.0,451.0,1969.0,-1.0,476.0,2.0,84621.0,16592.0,Palestine,Asia,100.0,5099995.0,4.0,2100.0,637499.0,60.0
60,2020-07-01,2758.0,330.0,8.0,-1.0,460.0,2290.0,-1.0,541.0,2.0,84621.0,16591.0,Palestine,Asia,98.0,5100320.0,9.0,1849.0,637540.0,60.0
61,2020-07-02,3080.0,322.0,8.0,-1.0,460.0,2612.0,-1.0,604.0,2.0,84621.0,16590.0,Palestine,Asia,96.0,5100645.0,-1.0,1656.0,637581.0,60.0
62,2020-07-03,3334.0,254.0,11.0,2.0,463.0,2860.0,-1.0,654.0,2.0,84621.0,16589.0,Palestine,Asia,95.0,5100970.0,3.0,1530.0,463725.0,60.0
63,2020-07-04,3835.0,501.0,12.0,1.0,463.0,3360.0,-1.0,752.0,2.0,84621.0,16588.0,Palestine,Asia,94.0,5101295.0,-1.0,1330.0,425108.0,60.0
64,2020-07-05,4277.0,442.0,16.0,3.0,491.0,3770.0,-1.0,838.0,3.0,84621.0,16587.0,Palestine,Asia,92.0,5101620.0,28.0,1193.0,318851.0,60.0
65,2020-07-06,4341.0,64.0,17.0,1.0,491.0,3833.0,-1.0,851.0,3.0,84621.0,16586.0,Palestine,Asia,92.0,5101945.0,-1.0,1175.0,300114.0,60.0
66,2020-07-07,4647.0,306.0,18.0,1.0,494.0,4135.0,-1.0,911.0,4.0,122555.0,24020.0,Palestine,Asia,91.0,5102269.0,3.0,1098.0,283459.0,42.0
67,2020-07-08,5029.0,382.0,20.0,2.0,494.0,4515.0,-1.0,986.0,4.0,122555.0,24018.0,Palestine,Asia,90.0,5102594.0,-1.0,1015.0,255130.0,42.0
68,2020-07-09,5220.0,191.0,24.0,4.0,525.0,4671.0,-1.0,1023.0,5.0,122555.0,24017.0,Palestine,Asia,89.0,5102919.0,31.0,978.0,212622.0,42.0
69,2020-07-10,5551.0,331.0,27.0,3.0,536.0,4988.0,-1.0,1088.0,5.0,122555.0,24015.0,Palestine,Asia,89.0,5103244.0,11.0,919.0,189009.0,42.0
70,2020-07-11,5931.0,380.0,32.0,5.0,536.0,5363.0,-1.0,1162.0,6.0,122555.0,24014.0,Palestine,Asia,89.0,5103569.0,-1.0,860.0,159487.0,42.0
71,2020-07-12,6230.0,299.0,36.0,3.0,942.0,5252.0,-1.0,1221.0,7.0,122555.0,24011.0,Palestine,Asia,86.0,5104219.0,406.0,819.0,141784.0,42.0
72,2020-07-13,6566.0,336.0,39.0,3.0,1084.0,5443.0,-1.0,1286.0,8.0,122555.0,24011.0,Palestine,Asia,86.0,5104219.0,142.0,777.0,130877.0,42.0
73,2020-07-14,6764.0,198.0,44.0,5.0,1084.0,5636.0,-1.0,1325.0,9.0,141444.0,27709.0,Palestine,Asia,84.0,5104544.0,-1.0,755.0,116012.0,36.0
74,2020-07-15,7064.0,300.0,44.0,-1.0,1084.0,5936.0,-1.0,1384.0,9.0,141444.0,27708.0,Palestine,Asia,84.0,5104868.0,-1.0,723.0,116020.0,36.0
75,2020-07-16,7412.0,348.0,51.0,7.0,1313.0,6048.0,-1.0,1452.0,10.0,141444.0,27706.0,Palestine,Asia,83.0,5105193.0,229.0,689.0,100102.0,36.0
76,2020-07-17,7764.0,352.0,53.0,2.0,1492.0,6219.0,-1.0,1521.0,10.0,141444.0,27704.0,Palestine,Asia,83.0,5105518.0,179.0,658.0,96331.0,36.0
77,2020-07-18,8204.0,440.0,59.0,6.0,1596.0,6549.0,-1.0,1607.0,12.0,155355.0,30427.0,Palestine,Asia,82.0,5105843.0,104.0,622.0,86540.0,33.0
78,2020-07-19,8549.0,345.0,62.0,3.0,1921.0,6566.0,-1.0,1674.0,12.0,155355.0,30425.0,Palestine,Asia,81.0,5106168.0,325.0,597.0,82358.0,33.0
79,2020-07-20,8916.0,367.0,63.0,1.0,1921.0,6932.0,-1.0,1746.0,12.0,155355.0,30423.0,Palestine,Asia,79.0,5106493.0,-1.0,573.0,81055.0,33.0
80,2020-07-21,9228.0,312.0,64.0,1.0,1932.0,7232.0,-1.0,1807.0,13.0,155355.0,30421.0,Palestine,Asia,78.0,5106818.0,11.0,553.0,79794.0,33.0
81,2020-07-22,9398.0,170.0,66.0,2.0,1950.0,7382.0,-1.0,1840.0,13.0,155355.0,30419.0,Palestine,Asia,77.0,5107142.0,18.0,543.0,77381.0,33.0
82,2020-07-23,9744.0,346.0,67.0,1.0,2720.0,6957.0,-1.0,1908.0,13.0,155355.0,30415.0,Palestine,Asia,77.0,5107792.0,770.0,524.0,76236.0,33.0
83,2020-07-24,10093.0,349.0,70.0,3.0,2720.0,7303.0,-1.0,1976.0,14.0,155355.0,30415.0,Palestine,Asia,76.0,5107792.0,-1.0,506.0,72968.0,33.0
84,2020-07-25,10306.0,213.0,75.0,5.0,3282.0,6949.0,-1.0,2018.0,15.0,155355.0,30413.0,Palestine,Asia,77.0,5108117.0,562.0,496.0,68108.0,33.0
85,2020-07-26,10469.0,163.0,76.0,1.0,3752.0,6641.0,-1.0,2049.0,15.0,155355.0,30411.0,Palestine,Asia,76.0,5108442.0,470.0,488.0,67216.0,33.0
86,2020-07-27,10621.0,152.0,78.0,2.0,3752.0,6791.0,-1.0,2079.0,15.0,155355.0,30409.0,Palestine,Asia,76.0,5108767.0,-1.0,481.0,65497.0,33.0
87,2020-07-28,10938.0,317.0,79.0,1.0,3752.0,7107.0,-1.0,2141.0,15.0,155355.0,30406.0,Palestine,Asia,76.0,5109416.0,-1.0,467.0,64676.0,33.0
88,2020-07-29,11284.0,346.0,80.0,1.0,4833.0,6371.0,-1.0,2208.0,16.0,155355.0,30406.0,Palestine,Asia,76.0,5109416.0,1081.0,453.0,63868.0,33.0
89,2020-07-30,11548.0,264.0,81.0,1.0,5016.0,6451.0,-1.0,2260.0,16.0,155355.0,30404.0,Palestine,Asia,75.0,5109741.0,183.0,442.0,63083.0,33.0
90,2020-07-31,11837.0,289.0,82.0,1.0,5077.0,6678.0,-1.0,2316.0,16.0,155355.0,30402.0,Palestine,Asia,76.0,5110066.0,61.0,432.0,62318.0,33.0
91,2020-08-01,12160.0,323.0,83.0,1.0,5324.0,6753.0,-1.0,2379.0,16.0,155355.0,30400.0,Palestine,Asia,75.0,5110391.0,247.0,420.0,61571.0,33.0
92,2020-08-02,12297.0,137.0,84.0,1.0,5390.0,6823.0,-1.0,2406.0,16.0,155355.0,30398.0,Palestine,Asia,75.0,5110716.0,66.0,416.0,60842.0,33.0
