,Date,Tot cases,New cases,Tot Deaths,New Deaths,Total Recovered,Active Cases,Serious,Tot C par million,Deaths par million,Total Test,Tot T par million,Country,Continent,index,population,New Recov,col1,col2,col3
0,2020-05-02,2469.0,134.0,72.0,4.0,331.0,2066.0,7.0,63.0,2.0,11068.0,284.0,Afghanistan,Asia,,,0.0,,,
1,2020-05-03,2704.0,235.0,85.0,13.0,345.0,2274.0,7.0,69.0,2.0,11068.0,284.0,Afghanistan,Asia,,,0.0,,,
2,2020-05-04,2894.0,190.0,90.0,5.0,397.0,2407.0,7.0,74.0,2.0,11068.0,284.0,Afghanistan,Asia,,,0.0,,,
3,2020-05-05,3224.0,-1.0,95.0,-1.0,421.0,2708.0,7.0,83.0,2.0,13076.0,336.0,Afghanistan,Asia,,,0.0,,,
4,2020-05-06,3392.0,168.0,104.0,9.0,458.0,2830.0,7.0,87.0,3.0,13777.0,354.0,Afghanistan,Asia,,,0.0,,,
5,2020-05-07,3563.0,171.0,106.0,2.0,468.0,2989.0,7.0,92.0,3.0,14389.0,370.0,Afghanistan,Asia,,,0.0,,,
6,2020-05-08,3778.0,-1.0,109.0,-1.0,472.0,3197.0,7.0,97.0,3.0,14389.0,370.0,Afghanistan,Asia,,,0.0,,,
7,2020-05-09,4033.0,-1.0,115.0,-1.0,502.0,3416.0,7.0,104.0,3.0,15560.0,400.0,Afghanistan,Asia,,,0.0,,,
8,2020-05-10,4402.0,369.0,120.0,5.0,558.0,3724.0,7.0,113.0,3.0,15560.0,400.0,Afghanistan,Asia,,,0.0,,,
9,2020-05-11,4687.0,285.0,122.0,2.0,558.0,4007.0,7.0,120.0,3.0,15560.0,400.0,Afghanistan,Asia,,,0.0,,,
10,2020-05-12,4963.0,276.0,127.0,5.0,610.0,4226.0,7.0,127.0,3.0,18098.0,465.0,Afghanistan,Asia,,,0.0,,,
11,2020-05-13,5226.0,263.0,132.0,5.0,648.0,4446.0,7.0,134.0,3.0,18724.0,481.0,Afghanistan,Asia,,,0.0,,,
12,2020-05-14,5639.0,413.0,136.0,4.0,691.0,4812.0,7.0,145.0,3.0,19732.0,507.0,Afghanistan,Asia,,,0.0,,,
13,2020-05-15,6053.0,414.0,153.0,17.0,745.0,5155.0,7.0,156.0,4.0,20854.0,537.0,Afghanistan,Asia,56.0,38807744.0,0.0,,,
14,2020-05-16,6402.0,349.0,168.0,15.0,745.0,5489.0,19.0,165.0,4.0,21967.0,566.0,Afghanistan,Asia,55.0,38810145.0,0.0,,,
15,2020-05-17,6664.0,262.0,169.0,1.0,778.0,5717.0,19.0,172.0,4.0,22639.0,583.0,Afghanistan,Asia,55.0,38812546.0,0.0,,,
16,2020-05-18,7072.0,408.0,173.0,4.0,801.0,6098.0,19.0,182.0,4.0,23497.0,605.0,Afghanistan,Asia,52.0,38814948.0,0.0,,,
17,2020-05-19,7653.0,581.0,178.0,5.0,850.0,6625.0,19.0,197.0,5.0,24697.0,636.0,Afghanistan,Asia,50.0,38817349.0,0.0,,,
18,2020-05-20,8145.0,492.0,187.0,9.0,930.0,7028.0,19.0,210.0,5.0,25700.0,662.0,Afghanistan,Asia,50.0,38819750.0,0.0,,,
19,2020-05-21,8676.0,531.0,193.0,6.0,938.0,7545.0,19.0,223.0,5.0,26707.0,688.0,Afghanistan,Asia,49.0,38822151.0,0.0,,,
20,2020-05-22,9216.0,540.0,205.0,12.0,996.0,8015.0,19.0,237.0,5.0,27889.0,718.0,Afghanistan,Asia,48.0,38824552.0,0.0,,,
21,2020-05-23,9998.0,782.0,216.0,11.0,1040.0,8742.0,19.0,258.0,6.0,29417.0,758.0,Afghanistan,Asia,48.0,38826954.0,0.0,,,
22,2020-05-24,10582.0,584.0,218.0,2.0,1075.0,9289.0,19.0,273.0,6.0,30052.0,774.0,Afghanistan,Asia,47.0,38829355.0,0.0,,,
23,2020-05-25,11173.0,591.0,219.0,1.0,1097.0,9857.0,19.0,288.0,6.0,31718.0,817.0,Afghanistan,Asia,47.0,38831756.0,0.0,,,
24,2020-05-26,11831.0,658.0,220.0,1.0,1128.0,10483.0,19.0,305.0,6.0,32870.0,846.0,Afghanistan,Asia,44.0,38834157.0,0.0,,,
25,2020-05-27,12456.0,-1.0,227.0,-1.0,1138.0,11091.0,19.0,321.0,6.0,33864.0,872.0,Afghanistan,Asia,44.0,38838960.0,0.0,,,
26,2020-05-28,13036.0,580.0,235.0,8.0,1209.0,11592.0,19.0,336.0,6.0,34903.0,899.0,Afghanistan,Asia,44.0,38838960.0,0.0,,,
27,2020-05-29,13659.0,623.0,246.0,11.0,1259.0,12154.0,19.0,352.0,6.0,35923.0,925.0,Afghanistan,Asia,44.0,38841361.0,0.0,,,
28,2020-05-30,14525.0,866.0,249.0,3.0,1303.0,12973.0,19.0,374.0,6.0,37348.0,961.0,Afghanistan,Asia,44.0,38843762.0,0.0,,,
29,2020-05-31,15205.0,680.0,257.0,8.0,1328.0,13620.0,19.0,391.0,7.0,38460.0,990.0,Afghanistan,Asia,44.0,38846163.0,0.0,,,
30,2020-06-01,15750.0,545.0,265.0,8.0,1428.0,14057.0,19.0,405.0,7.0,39628.0,1020.0,Afghanistan,Asia,44.0,38848565.0,0.0,,,
31,2020-06-02,16492.0,742.0,270.0,5.0,1450.0,14772.0,19.0,424.0,7.0,40950.0,1054.0,Afghanistan,Asia,44.0,38850966.0,22.0,2356.0,143892.0,949.0
32,2020-06-03,17267.0,758.0,294.0,24.0,1522.0,15451.0,19.0,444.0,8.0,42273.0,1088.0,Afghanistan,Asia,42.0,38853367.0,72.0,2250.0,132154.0,919.0
33,2020-06-04,18054.0,787.0,300.0,6.0,1585.0,16169.0,19.0,465.0,8.0,43569.0,1121.0,Afghanistan,Asia,41.0,38855768.0,63.0,2152.0,129519.0,892.0
34,2020-06-05,18969.0,915.0,309.0,9.0,1762.0,16898.0,19.0,488.0,8.0,45139.0,1162.0,Afghanistan,Asia,40.0,38858170.0,177.0,2049.0,125755.0,861.0
35,2020-06-06,19551.0,582.0,320.0,11.0,1820.0,17411.0,19.0,503.0,8.0,45900.0,1181.0,Afghanistan,Asia,40.0,38860571.0,58.0,1988.0,121439.0,847.0
36,2020-06-07,20342.0,791.0,357.0,30.0,1875.0,18110.0,19.0,523.0,9.0,47327.0,1218.0,Afghanistan,Asia,40.0,38862972.0,45.0,1910.0,108860.0,821.0
37,2020-06-08,20917.0,575.0,369.0,12.0,2171.0,18377.0,19.0,538.0,9.0,48305.0,1243.0,Afghanistan,Asia,39.0,38865373.0,296.0,1858.0,105326.0,805.0
38,2020-06-09,21459.0,542.0,384.0,15.0,2651.0,18424.0,19.0,552.0,10.0,49530.0,1274.0,Afghanistan,Asia,39.0,38867774.0,480.0,1811.0,101218.0,785.0
39,2020-06-10,22142.0,683.0,405.0,21.0,3013.0,18724.0,19.0,570.0,10.0,50658.0,1303.0,Afghanistan,Asia,39.0,38870176.0,362.0,1755.0,95976.0,767.0
40,2020-06-11,22890.0,748.0,426.0,21.0,3326.0,19138.0,19.0,589.0,11.0,52546.0,1352.0,Afghanistan,Asia,39.0,38872577.0,313.0,1698.0,91250.0,740.0
41,2020-06-12,23546.0,656.0,446.0,20.0,3928.0,19172.0,19.0,606.0,11.0,53705.0,1381.0,Afghanistan,Asia,39.0,38874978.0,602.0,1651.0,87164.0,724.0
42,2020-06-13,24102.0,556.0,451.0,5.0,4201.0,19450.0,19.0,620.0,12.0,54770.0,1409.0,Afghanistan,Asia,39.0,38877379.0,273.0,1613.0,86203.0,710.0
43,2020-06-14,24766.0,664.0,471.0,20.0,4725.0,19570.0,19.0,637.0,12.0,55981.0,1440.0,Afghanistan,Asia,39.0,38879781.0,524.0,1570.0,82547.0,695.0
44,2020-06-15,25527.0,761.0,478.0,7.0,5164.0,19885.0,19.0,657.0,12.0,57532.0,1480.0,Afghanistan,Asia,38.0,38882182.0,439.0,1523.0,81343.0,676.0
45,2020-06-16,26310.0,783.0,491.0,13.0,5508.0,20311.0,19.0,677.0,13.0,59172.0,1522.0,Afghanistan,Asia,38.0,38884583.0,344.0,1478.0,79195.0,657.0
46,2020-06-17,26874.0,564.0,504.0,13.0,6158.0,20212.0,19.0,691.0,13.0,60298.0,1551.0,Afghanistan,Asia,38.0,38886984.0,650.0,1447.0,77157.0,645.0
47,2020-06-18,27532.0,658.0,546.0,42.0,7660.0,19326.0,19.0,708.0,14.0,61599.0,1584.0,Afghanistan,Asia,38.0,38889385.0,1502.0,1413.0,71226.0,631.0
48,2020-06-19,27878.0,346.0,548.0,2.0,7962.0,19368.0,19.0,717.0,14.0,62492.0,1607.0,Afghanistan,Asia,38.0,38891787.0,302.0,1395.0,70970.0,622.0
49,2020-06-20,28424.0,546.0,569.0,21.0,8292.0,19563.0,19.0,731.0,15.0,63951.0,1644.0,Afghanistan,Asia,40.0,38896589.0,330.0,1368.0,68360.0,608.0
50,2020-06-21,28833.0,409.0,581.0,12.0,8764.0,19488.0,19.0,741.0,15.0,64958.0,1670.0,Afghanistan,Asia,40.0,38896589.0,472.0,1349.0,66948.0,599.0
51,2020-06-22,29143.0,310.0,598.0,17.0,8841.0,19704.0,19.0,749.0,15.0,65847.0,1693.0,Afghanistan,Asia,40.0,38898990.0,77.0,1335.0,65048.0,591.0
52,2020-06-23,29481.0,324.0,618.0,20.0,9260.0,19603.0,19.0,758.0,16.0,66800.0,1717.0,Afghanistan,Asia,40.0,38901392.0,419.0,1320.0,62947.0,582.0
53,2020-06-24,29640.0,159.0,639.0,21.0,9869.0,19132.0,19.0,762.0,16.0,67282.0,1729.0,Afghanistan,Asia,40.0,38903793.0,609.0,1313.0,60882.0,578.0
54,2020-06-25,30175.0,535.0,675.0,36.0,10174.0,19326.0,19.0,776.0,17.0,68626.0,1764.0,Afghanistan,Asia,40.0,38906194.0,305.0,1289.0,57639.0,567.0
55,2020-06-26,30451.0,276.0,683.0,8.0,10306.0,19462.0,19.0,783.0,18.0,69558.0,1788.0,Afghanistan,Asia,40.0,38908595.0,132.0,1278.0,56967.0,559.0
56,2020-06-27,30616.0,165.0,703.0,20.0,10674.0,19239.0,19.0,787.0,18.0,70087.0,1801.0,Afghanistan,Asia,41.0,38910996.0,368.0,1271.0,55350.0,555.0
57,2020-06-28,30967.0,351.0,721.0,18.0,12604.0,17642.0,19.0,796.0,19.0,70788.0,1819.0,Afghanistan,Asia,41.0,38913398.0,1930.0,1257.0,53971.0,550.0
58,2020-06-29,31238.0,271.0,733.0,12.0,13934.0,16571.0,19.0,803.0,19.0,71549.0,1839.0,Afghanistan,Asia,43.0,38915799.0,1330.0,1246.0,53091.0,544.0
59,2020-06-30,31517.0,279.0,746.0,13.0,14131.0,16640.0,19.0,810.0,19.0,72318.0,1858.0,Afghanistan,Asia,43.0,38918200.0,197.0,1235.0,52169.0,538.0
60,2020-07-01,31836.0,319.0,774.0,28.0,15651.0,15411.0,19.0,818.0,20.0,72906.0,1873.0,Afghanistan,Asia,43.0,38920601.0,1520.0,1223.0,50285.0,534.0
61,2020-07-02,32022.0,186.0,807.0,33.0,16041.0,15174.0,19.0,823.0,21.0,73515.0,1889.0,Afghanistan,Asia,43.0,38923003.0,390.0,1216.0,48232.0,529.0
62,2020-07-03,32324.0,302.0,819.0,12.0,17331.0,14174.0,25.0,830.0,21.0,74287.0,1908.0,Afghanistan,Asia,43.0,38925404.0,1290.0,1204.0,47528.0,524.0
63,2020-07-04,32672.0,348.0,826.0,7.0,19164.0,12682.0,29.0,839.0,21.0,75155.0,1931.0,Afghanistan,Asia,43.0,38927805.0,1833.0,1191.0,47128.0,518.0
64,2020-07-05,32951.0,279.0,864.0,38.0,19366.0,12721.0,30.0,846.0,22.0,75747.0,1946.0,Afghanistan,Asia,43.0,38930206.0,202.0,1181.0,45058.0,514.0
65,2020-07-06,33190.0,239.0,898.0,34.0,20103.0,12189.0,31.0,852.0,23.0,76415.0,1963.0,Afghanistan,Asia,43.0,38932607.0,737.0,1173.0,43355.0,509.0
66,2020-07-07,33384.0,194.0,920.0,22.0,20179.0,12285.0,31.0,857.0,24.0,76910.0,1975.0,Afghanistan,Asia,43.0,38935009.0,76.0,1166.0,42321.0,506.0
67,2020-07-08,33594.0,210.0,936.0,16.0,20700.0,11958.0,31.0,863.0,24.0,77501.0,1990.0,Afghanistan,Asia,43.0,38937410.0,521.0,1159.0,41600.0,502.0
68,2020-07-09,33908.0,314.0,957.0,21.0,20847.0,12104.0,31.0,871.0,25.0,78217.0,2009.0,Afghanistan,Asia,44.0,38939811.0,147.0,1148.0,40689.0,498.0
69,2020-07-10,34194.0,286.0,971.0,14.0,20882.0,12341.0,31.0,878.0,25.0,78959.0,2028.0,Afghanistan,Asia,44.0,38942212.0,35.0,1139.0,40105.0,493.0
70,2020-07-11,34366.0,172.0,994.0,23.0,21135.0,12237.0,31.0,882.0,26.0,79354.0,2038.0,Afghanistan,Asia,44.0,38944614.0,253.0,1133.0,39180.0,491.0
71,2020-07-12,34451.0,85.0,1010.0,16.0,21216.0,12225.0,31.0,885.0,26.0,79732.0,2047.0,Afghanistan,Asia,44.0,38949416.0,81.0,1131.0,38564.0,489.0
72,2020-07-13,34455.0,4.0,1012.0,2.0,21254.0,12189.0,31.0,885.0,26.0,79804.0,2049.0,Afghanistan,Asia,44.0,38949416.0,38.0,1130.0,38488.0,488.0
73,2020-07-14,34740.0,285.0,1048.0,36.0,21454.0,12238.0,31.0,892.0,27.0,81252.0,2086.0,Afghanistan,Asia,44.0,38951817.0,200.0,1121.0,37168.0,479.0
74,2020-07-15,34994.0,254.0,1094.0,46.0,22456.0,11444.0,31.0,898.0,28.0,81934.0,2103.0,Afghanistan,Asia,44.0,38954218.0,1002.0,1113.0,35607.0,475.0
75,2020-07-16,35070.0,76.0,1113.0,19.0,22824.0,11133.0,31.0,900.0,29.0,82352.0,2114.0,Afghanistan,Asia,45.0,38956620.0,368.0,1111.0,35001.0,473.0
76,2020-07-17,35229.0,159.0,1147.0,34.0,23151.0,10931.0,31.0,904.0,29.0,82924.0,2128.0,Afghanistan,Asia,46.0,38959021.0,327.0,1106.0,33966.0,470.0
77,2020-07-18,35301.0,72.0,1164.0,17.0,23273.0,10864.0,31.0,906.0,30.0,83138.0,2134.0,Afghanistan,Asia,47.0,38961422.0,122.0,1104.0,33472.0,469.0
78,2020-07-19,35475.0,174.0,1181.0,17.0,23634.0,10660.0,31.0,910.0,30.0,83771.0,2150.0,Afghanistan,Asia,48.0,38963823.0,361.0,1098.0,32992.0,465.0
79,2020-07-20,35526.0,51.0,1185.0,4.0,23741.0,10600.0,31.0,912.0,30.0,83937.0,2154.0,Afghanistan,Asia,48.0,38966225.0,107.0,1097.0,32883.0,464.0
80,2020-07-21,35615.0,89.0,1186.0,1.0,23741.0,10688.0,31.0,914.0,30.0,84202.0,2161.0,Afghanistan,Asia,48.0,38968626.0,-1.0,1094.0,32857.0,463.0
81,2020-07-22,35727.0,112.0,1190.0,4.0,23924.0,10613.0,31.0,917.0,31.0,84579.0,2170.0,Afghanistan,Asia,48.0,38971027.0,183.0,1091.0,32749.0,461.0
82,2020-07-23,35928.0,201.0,1211.0,21.0,24550.0,10167.0,31.0,922.0,31.0,85413.0,2191.0,Afghanistan,Asia,50.0,38975829.0,626.0,1085.0,32185.0,456.0
83,2020-07-24,35981.0,53.0,1225.0,14.0,24602.0,10154.0,31.0,923.0,31.0,85970.0,2206.0,Afghanistan,Asia,50.0,38975829.0,52.0,1083.0,31817.0,453.0
84,2020-07-25,36036.0,55.0,1248.0,23.0,24793.0,9995.0,31.0,925.0,32.0,86166.0,2211.0,Afghanistan,Asia,50.0,38978231.0,191.0,1082.0,31233.0,452.0
85,2020-07-26,36157.0,121.0,1259.0,11.0,25180.0,9718.0,31.0,928.0,32.0,86907.0,2229.0,Afghanistan,Asia,50.0,38980632.0,387.0,1078.0,30962.0,449.0
86,2020-07-27,36263.0,106.0,1269.0,10.0,25198.0,9796.0,31.0,930.0,33.0,87378.0,2241.0,Afghanistan,Asia,50.0,38983033.0,18.0,1075.0,30719.0,446.0
87,2020-07-28,36368.0,105.0,1270.0,1.0,25358.0,9740.0,31.0,933.0,33.0,87794.0,2252.0,Afghanistan,Asia,50.0,38987836.0,160.0,1072.0,30699.0,444.0
88,2020-07-29,36471.0,103.0,1271.0,1.0,25389.0,9811.0,31.0,935.0,33.0,88199.0,2262.0,Afghanistan,Asia,50.0,38987836.0,31.0,1069.0,30675.0,442.0
89,2020-07-30,36542.0,71.0,1271.0,-1.0,25471.0,9800.0,31.0,937.0,33.0,88524.0,2270.0,Afghanistan,Asia,50.0,38990237.0,82.0,1067.0,30677.0,440.0
90,2020-07-31,36675.0,133.0,1272.0,1.0,25509.0,9894.0,31.0,941.0,33.0,89066.0,2284.0,Afghanistan,Asia,50.0,38992638.0,38.0,1063.0,30655.0,438.0
91,2020-08-01,36710.0,35.0,1283.0,11.0,25509.0,9918.0,31.0,941.0,33.0,89255.0,2289.0,Afghanistan,Asia,50.0,38995039.0,-1.0,1062.0,30394.0,437.0
92,2020-08-02,36710.0,-1.0,1284.0,1.0,25510.0,9916.0,31.0,941.0,33.0,89255.0,2289.0,Afghanistan,Asia,52.0,38997440.0,1.0,1062.0,30372.0,437.0
