,Date,Tot cases,New cases,Tot Deaths,New Deaths,Total Recovered,Active Cases,Serious,Tot C par million,Deaths par million,Total Test,Tot T par million,Country,Continent,index,population,New Recov,col1,col2,col3
0,2020-05-02,1229.0,62.0,66.0,4.0,134.0,1029.0,3.0,105.0,6.0,5791.0,496.0,Bolivia,South America,,,0.0,,,
1,2020-05-03,1470.0,241.0,71.0,5.0,159.0,1240.0,3.0,126.0,6.0,7651.0,655.0,Bolivia,South America,,,0.0,,,
2,2020-05-04,1594.0,124.0,76.0,5.0,166.0,1352.0,3.0,137.0,7.0,7651.0,655.0,Bolivia,South America,,,0.0,,,
3,2020-05-05,1802.0,121.0,86.0,4.0,187.0,1529.0,3.0,154.0,7.0,7651.0,655.0,Bolivia,South America,,,0.0,,,
4,2020-05-06,1802.0,121.0,86.0,4.0,187.0,1529.0,3.0,154.0,7.0,7651.0,655.0,Bolivia,South America,,,0.0,,,
5,2020-05-07,1886.0,84.0,91.0,5.0,198.0,1597.0,3.0,162.0,8.0,7651.0,655.0,Bolivia,South America,,,0.0,,,
6,2020-05-08,2266.0,185.0,106.0,4.0,237.0,1923.0,3.0,194.0,9.0,7651.0,655.0,Bolivia,South America,,,0.0,,,
7,2020-05-09,2437.0,171.0,114.0,8.0,258.0,2065.0,3.0,209.0,10.0,7651.0,655.0,Bolivia,South America,,,0.0,,,
8,2020-05-10,2437.0,171.0,114.0,8.0,258.0,2065.0,3.0,209.0,10.0,7651.0,655.0,Bolivia,South America,,,0.0,,,
9,2020-05-11,2556.0,119.0,118.0,4.0,273.0,2165.0,3.0,219.0,10.0,7651.0,655.0,Bolivia,South America,,,0.0,,,
10,2020-05-12,2831.0,275.0,122.0,4.0,299.0,2410.0,3.0,243.0,10.0,7651.0,655.0,Bolivia,South America,,,0.0,,,
11,2020-05-13,2964.0,133.0,128.0,6.0,313.0,2523.0,3.0,254.0,11.0,7651.0,655.0,Bolivia,South America,,,0.0,,,
12,2020-05-14,3148.0,184.0,142.0,14.0,339.0,2667.0,3.0,270.0,12.0,7651.0,655.0,Bolivia,South America,,,0.0,,,
13,2020-05-15,3372.0,224.0,152.0,10.0,356.0,2864.0,3.0,289.0,13.0,7651.0,657.0,Bolivia,South America,65.0,11651907.0,0.0,,,
14,2020-05-16,3577.0,205.0,164.0,12.0,434.0,2979.0,3.0,307.0,14.0,14803.0,1270.0,Bolivia,South America,64.0,11652343.0,0.0,,,
15,2020-05-17,3826.0,249.0,165.0,1.0,473.0,3188.0,3.0,328.0,14.0,14803.0,1270.0,Bolivia,South America,64.0,11652778.0,0.0,,,
16,2020-05-18,4088.0,262.0,169.0,4.0,493.0,3426.0,3.0,351.0,15.0,14803.0,1270.0,Bolivia,South America,63.0,11653213.0,0.0,,,
17,2020-05-19,4263.0,175.0,174.0,5.0,503.0,3586.0,3.0,366.0,15.0,14803.0,1270.0,Bolivia,South America,63.0,11653648.0,0.0,,,
18,2020-05-20,4481.0,218.0,189.0,15.0,533.0,3759.0,3.0,385.0,16.0,14803.0,1270.0,Bolivia,South America,63.0,11654083.0,0.0,,,
19,2020-05-21,4919.0,438.0,199.0,10.0,553.0,4167.0,3.0,422.0,17.0,14803.0,1270.0,Bolivia,South America,63.0,11654518.0,0.0,,,
20,2020-05-22,5187.0,268.0,215.0,16.0,561.0,4411.0,3.0,445.0,18.0,14803.0,1270.0,Bolivia,South America,63.0,11654953.0,0.0,,,
21,2020-05-23,5579.0,392.0,230.0,15.0,575.0,4774.0,3.0,479.0,20.0,14803.0,1270.0,Bolivia,South America,63.0,11655388.0,0.0,,,
22,2020-05-24,5915.0,336.0,240.0,10.0,609.0,5066.0,3.0,507.0,21.0,14803.0,1270.0,Bolivia,South America,63.0,11655824.0,0.0,,,
23,2020-05-25,6263.0,348.0,250.0,10.0,629.0,5384.0,3.0,537.0,21.0,22294.0,1913.0,Bolivia,South America,63.0,11656259.0,0.0,,,
24,2020-05-26,6660.0,397.0,261.0,11.0,647.0,5752.0,3.0,571.0,22.0,22294.0,1913.0,Bolivia,South America,62.0,11656694.0,0.0,,,
25,2020-05-27,7136.0,-1.0,274.0,-1.0,677.0,6185.0,3.0,612.0,24.0,22294.0,1912.0,Bolivia,South America,62.0,11657564.0,0.0,,,
26,2020-05-28,7768.0,632.0,280.0,6.0,689.0,6799.0,3.0,666.0,24.0,22294.0,1912.0,Bolivia,South America,57.0,11657564.0,0.0,,,
27,2020-05-29,8387.0,619.0,293.0,13.0,738.0,7356.0,3.0,719.0,25.0,22294.0,1912.0,Bolivia,South America,57.0,11657999.0,0.0,,,
28,2020-05-30,8731.0,344.0,300.0,7.0,749.0,7682.0,3.0,749.0,26.0,22294.0,1912.0,Bolivia,South America,56.0,11658434.0,0.0,,,
29,2020-05-31,9592.0,861.0,310.0,10.0,889.0,8393.0,3.0,823.0,27.0,28239.0,2422.0,Bolivia,South America,53.0,11658870.0,0.0,,,
30,2020-06-01,9982.0,390.0,313.0,3.0,968.0,8701.0,3.0,856.0,27.0,28239.0,2422.0,Bolivia,South America,53.0,11659305.0,0.0,,,
31,2020-06-02,10531.0,549.0,343.0,30.0,1137.0,9051.0,3.0,903.0,29.0,28239.0,2422.0,Bolivia,South America,53.0,11659740.0,169.0,1107.0,33993.0,413.0
32,2020-06-03,10991.0,460.0,376.0,33.0,1298.0,9317.0,3.0,943.0,32.0,28239.0,2422.0,Bolivia,South America,52.0,11660175.0,161.0,1061.0,31011.0,413.0
33,2020-06-04,11638.0,647.0,400.0,24.0,1507.0,9731.0,3.0,998.0,34.0,28239.0,2422.0,Bolivia,South America,50.0,11660610.0,209.0,1002.0,29152.0,413.0
34,2020-06-05,12245.0,607.0,415.0,15.0,1658.0,10172.0,3.0,1050.0,36.0,28239.0,2422.0,Bolivia,South America,49.0,11661045.0,151.0,952.0,28099.0,413.0
35,2020-06-06,12728.0,483.0,427.0,12.0,1739.0,10562.0,3.0,1091.0,37.0,28239.0,2422.0,Bolivia,South America,48.0,11661480.0,81.0,916.0,27310.0,413.0
36,2020-06-07,13358.0,630.0,454.0,27.0,1902.0,11002.0,3.0,1145.0,39.0,28239.0,2421.0,Bolivia,South America,48.0,11661915.0,163.0,873.0,25687.0,413.0
37,2020-06-08,13643.0,285.0,465.0,11.0,2086.0,11092.0,3.0,1170.0,40.0,37276.0,3196.0,Bolivia,South America,48.0,11662351.0,184.0,855.0,25080.0,313.0
38,2020-06-09,13949.0,306.0,475.0,10.0,2159.0,11315.0,3.0,1196.0,41.0,38092.0,3266.0,Bolivia,South America,49.0,11662786.0,73.0,836.0,24553.0,306.0
39,2020-06-10,14644.0,695.0,487.0,12.0,2190.0,11967.0,3.0,1256.0,42.0,39610.0,3396.0,Bolivia,South America,49.0,11663221.0,31.0,796.0,23949.0,294.0
40,2020-06-11,15281.0,637.0,512.0,25.0,2261.0,12508.0,71.0,1310.0,44.0,39610.0,3396.0,Bolivia,South America,49.0,11663656.0,71.0,763.0,22781.0,294.0
41,2020-06-12,16165.0,884.0,533.0,21.0,2372.0,13260.0,71.0,1386.0,46.0,42741.0,3664.0,Bolivia,South America,49.0,11664091.0,111.0,722.0,21884.0,273.0
42,2020-06-13,16929.0,764.0,559.0,26.0,2431.0,13939.0,71.0,1451.0,48.0,42741.0,3664.0,Bolivia,South America,49.0,11664526.0,59.0,689.0,20867.0,273.0
43,2020-06-14,17842.0,913.0,585.0,26.0,2768.0,14489.0,71.0,1530.0,50.0,46069.0,3949.0,Bolivia,South America,47.0,11664961.0,337.0,654.0,19940.0,253.0
44,2020-06-15,18459.0,617.0,611.0,26.0,3113.0,14735.0,71.0,1582.0,52.0,46069.0,3949.0,Bolivia,South America,47.0,11665397.0,345.0,632.0,19092.0,253.0
45,2020-06-16,19073.0,614.0,632.0,21.0,3430.0,15011.0,71.0,1635.0,54.0,47372.0,4061.0,Bolivia,South America,47.0,11665832.0,317.0,612.0,18459.0,246.0
46,2020-06-17,19883.0,810.0,659.0,27.0,3752.0,15472.0,71.0,1704.0,56.0,47372.0,4061.0,Bolivia,South America,46.0,11666267.0,322.0,587.0,17703.0,246.0
47,2020-06-18,20685.0,802.0,679.0,20.0,4002.0,16004.0,71.0,1773.0,58.0,51336.0,4400.0,Bolivia,South America,45.0,11666702.0,250.0,564.0,17182.0,227.0
48,2020-06-19,21499.0,814.0,697.0,18.0,4002.0,16800.0,71.0,1843.0,60.0,52756.0,4522.0,Bolivia,South America,45.0,11667137.0,-1.0,543.0,16739.0,221.0
49,2020-06-20,22476.0,977.0,715.0,18.0,4670.0,17091.0,71.0,1926.0,61.0,55114.0,4724.0,Bolivia,South America,45.0,11668007.0,668.0,519.0,16319.0,212.0
50,2020-06-21,23512.0,1036.0,740.0,25.0,5086.0,17686.0,71.0,2015.0,63.0,56964.0,4882.0,Bolivia,South America,45.0,11668007.0,416.0,496.0,15768.0,205.0
51,2020-06-22,24388.0,876.0,773.0,33.0,5454.0,18161.0,71.0,2090.0,66.0,58789.0,5038.0,Bolivia,South America,44.0,11668442.0,368.0,478.0,15095.0,198.0
52,2020-06-23,25493.0,1105.0,820.0,47.0,5857.0,18816.0,71.0,2185.0,70.0,61455.0,5267.0,Bolivia,South America,43.0,11668878.0,403.0,458.0,14230.0,190.0
53,2020-06-24,26389.0,896.0,846.0,26.0,6300.0,19243.0,71.0,2261.0,72.0,63211.0,5417.0,Bolivia,South America,43.0,11669313.0,443.0,442.0,13794.0,185.0
54,2020-06-25,27487.0,1098.0,876.0,30.0,6795.0,19816.0,71.0,2355.0,75.0,64946.0,5565.0,Bolivia,South America,43.0,11669748.0,495.0,425.0,13322.0,180.0
55,2020-06-26,28503.0,1016.0,913.0,37.0,7338.0,20252.0,71.0,2442.0,78.0,66597.0,5707.0,Bolivia,South America,43.0,11670183.0,543.0,409.0,12782.0,175.0
56,2020-06-27,29423.0,920.0,934.0,21.0,7736.0,20753.0,71.0,2521.0,80.0,68630.0,5881.0,Bolivia,South America,43.0,11670618.0,398.0,397.0,12495.0,170.0
57,2020-06-28,30676.0,1253.0,970.0,36.0,8158.0,21548.0,71.0,2628.0,83.0,70872.0,6072.0,Bolivia,South America,42.0,11671053.0,422.0,380.0,12032.0,165.0
58,2020-06-29,31524.0,848.0,1014.0,44.0,8517.0,21993.0,71.0,2701.0,87.0,70872.0,6072.0,Bolivia,South America,42.0,11671488.0,359.0,370.0,11510.0,165.0
59,2020-06-30,32125.0,601.0,1071.0,57.0,8928.0,22126.0,71.0,2752.0,92.0,73272.0,6278.0,Bolivia,South America,41.0,11671924.0,411.0,363.0,10898.0,159.0
60,2020-07-01,33219.0,1094.0,1123.0,52.0,9340.0,22756.0,71.0,2846.0,96.0,75466.0,6465.0,Bolivia,South America,41.0,11672359.0,412.0,351.0,10394.0,155.0
61,2020-07-02,34227.0,1008.0,1201.0,78.0,9764.0,23262.0,71.0,2932.0,103.0,77413.0,6632.0,Bolivia,South America,41.0,11672794.0,424.0,341.0,9719.0,151.0
62,2020-07-03,35528.0,1301.0,1271.0,70.0,10358.0,23899.0,71.0,3044.0,109.0,79567.0,6816.0,Bolivia,South America,39.0,11673229.0,594.0,329.0,9184.0,147.0
63,2020-07-04,36818.0,1290.0,1320.0,49.0,10766.0,24732.0,71.0,3154.0,113.0,81786.0,7006.0,Bolivia,South America,39.0,11673664.0,408.0,317.0,8844.0,143.0
64,2020-07-05,38071.0,1253.0,1378.0,58.0,11272.0,25421.0,71.0,3261.0,118.0,83958.0,7192.0,Bolivia,South America,39.0,11674099.0,506.0,307.0,8472.0,139.0
65,2020-07-06,39297.0,1226.0,1434.0,56.0,11667.0,26196.0,71.0,3366.0,123.0,86878.0,7442.0,Bolivia,South America,39.0,11674534.0,395.0,297.0,8141.0,134.0
66,2020-07-07,40509.0,1212.0,1476.0,42.0,11929.0,27104.0,71.0,3470.0,126.0,88818.0,7608.0,Bolivia,South America,39.0,11674969.0,262.0,288.0,7910.0,131.0
67,2020-07-08,41545.0,1036.0,1530.0,54.0,12398.0,27617.0,71.0,3558.0,131.0,90651.0,7764.0,Bolivia,South America,39.0,11675405.0,469.0,281.0,7631.0,129.0
68,2020-07-09,42984.0,1439.0,1577.0,47.0,12883.0,28524.0,71.0,3681.0,135.0,97202.0,8325.0,Bolivia,South America,39.0,11675840.0,485.0,272.0,7404.0,120.0
69,2020-07-10,44113.0,1129.0,1638.0,61.0,13354.0,29121.0,71.0,3778.0,140.0,99212.0,8497.0,Bolivia,South America,39.0,11676275.0,471.0,265.0,7128.0,118.0
70,2020-07-11,45565.0,1452.0,1702.0,64.0,13918.0,29945.0,71.0,3902.0,146.0,102477.0,8776.0,Bolivia,South America,39.0,11676710.0,564.0,256.0,6861.0,114.0
71,2020-07-12,47200.0,1635.0,1754.0,52.0,14333.0,31113.0,71.0,4042.0,150.0,105257.0,9014.0,Bolivia,South America,37.0,11677580.0,415.0,247.0,6658.0,111.0
72,2020-07-13,48187.0,987.0,1807.0,53.0,14843.0,31537.0,71.0,4126.0,155.0,107190.0,9179.0,Bolivia,South America,37.0,11677580.0,510.0,242.0,6462.0,109.0
73,2020-07-14,49250.0,1063.0,1866.0,59.0,15294.0,32090.0,71.0,4217.0,160.0,108897.0,9325.0,Bolivia,South America,37.0,11678015.0,451.0,237.0,6258.0,107.0
74,2020-07-15,50867.0,1617.0,1898.0,32.0,15819.0,33150.0,71.0,4356.0,163.0,111416.0,9540.0,Bolivia,South America,37.0,11678450.0,525.0,230.0,6153.0,105.0
75,2020-07-16,52218.0,1351.0,1942.0,44.0,16357.0,33919.0,71.0,4471.0,166.0,114270.0,9784.0,Bolivia,South America,36.0,11678886.0,538.0,224.0,6014.0,102.0
76,2020-07-17,54156.0,1938.0,1984.0,42.0,16979.0,35193.0,71.0,4637.0,170.0,117111.0,10027.0,Bolivia,South America,36.0,11679321.0,622.0,216.0,5887.0,100.0
77,2020-07-18,56102.0,1946.0,2049.0,65.0,17882.0,36171.0,71.0,4803.0,175.0,120004.0,10275.0,Bolivia,South America,36.0,11679756.0,903.0,208.0,5700.0,97.0
78,2020-07-19,58138.0,2036.0,2106.0,57.0,18200.0,37832.0,71.0,4977.0,180.0,126510.0,10831.0,Bolivia,South America,35.0,11680191.0,318.0,201.0,5546.0,92.0
79,2020-07-20,59582.0,1444.0,2151.0,45.0,18553.0,38878.0,71.0,5101.0,184.0,128410.0,10993.0,Bolivia,South America,34.0,11680626.0,353.0,196.0,5430.0,91.0
80,2020-07-21,60991.0,1409.0,2218.0,67.0,18875.0,39898.0,71.0,5221.0,190.0,132254.0,11322.0,Bolivia,South America,33.0,11681061.0,322.0,192.0,5266.0,88.0
81,2020-07-22,62357.0,1366.0,2273.0,55.0,19290.0,40794.0,71.0,5338.0,195.0,135760.0,11622.0,Bolivia,South America,33.0,11681496.0,415.0,187.0,5139.0,86.0
82,2020-07-23,64135.0,1778.0,2328.0,55.0,19721.0,42086.0,71.0,5490.0,199.0,139337.0,11927.0,Bolivia,South America,33.0,11682367.0,431.0,182.0,5018.0,84.0
83,2020-07-24,65252.0,1117.0,2407.0,79.0,20030.0,42815.0,71.0,5586.0,206.0,142168.0,12169.0,Bolivia,South America,32.0,11682367.0,309.0,179.0,4853.0,82.0
84,2020-07-25,66456.0,1204.0,2473.0,66.0,20614.0,43369.0,71.0,5688.0,212.0,144045.0,12330.0,Bolivia,South America,32.0,11682802.0,584.0,176.0,4724.0,81.0
85,2020-07-26,68281.0,1825.0,2535.0,62.0,20951.0,44795.0,71.0,5844.0,217.0,147173.0,12597.0,Bolivia,South America,31.0,11683237.0,337.0,171.0,4609.0,79.0
86,2020-07-27,69429.0,1148.0,2583.0,48.0,21169.0,45677.0,71.0,5942.0,221.0,148857.0,12741.0,Bolivia,South America,31.0,11683672.0,218.0,168.0,4523.0,78.0
87,2020-07-28,71181.0,1752.0,2647.0,64.0,21478.0,47056.0,71.0,6092.0,227.0,152606.0,13061.0,Bolivia,South America,31.0,11684542.0,309.0,164.0,4414.0,77.0
88,2020-07-29,72327.0,1146.0,2720.0,73.0,21971.0,47636.0,71.0,6190.0,233.0,155994.0,13350.0,Bolivia,South America,31.0,11684542.0,493.0,162.0,4296.0,75.0
89,2020-07-30,73534.0,1207.0,2808.0,88.0,22506.0,48220.0,71.0,6293.0,240.0,158497.0,13564.0,Bolivia,South America,31.0,11684977.0,535.0,159.0,4161.0,74.0
90,2020-07-31,75234.0,1700.0,2894.0,86.0,23305.0,49035.0,71.0,6438.0,248.0,161929.0,13857.0,Bolivia,South America,31.0,11685413.0,799.0,155.0,4038.0,72.0
91,2020-08-01,76789.0,1555.0,2977.0,83.0,23582.0,50230.0,71.0,6571.0,255.0,165429.0,14156.0,Bolivia,South America,31.0,11685848.0,277.0,152.0,3925.0,71.0
92,2020-08-02,78793.0,2004.0,3064.0,87.0,23968.0,51761.0,71.0,6742.0,262.0,168175.0,14391.0,Bolivia,South America,31.0,11686283.0,386.0,148.0,3814.0,69.0
