,Date,Tot cases,New cases,Tot Deaths,New Deaths,Total Recovered,Active Cases,Serious,Tot C par million,Deaths par million,Total Test,Tot T par million,Country,Continent,index,population,New Recov,col1,col2,col3
0,2020-05-02,6783.0,16.0,93.0,-1.0,5789.0,901.0,28.0,266.0,4.0,611583.0,23984.0,Australia,Australia/Oceania,,,0.0,,,
1,2020-05-03,6801.0,20.0,95.0,2.0,5817.0,889.0,29.0,267.0,4.0,633107.0,24828.0,Australia,Australia/Oceania,,,0.0,,,
2,2020-05-04,6825.0,24.0,95.0,-1.0,5859.0,871.0,28.0,268.0,4.0,650214.0,25499.0,Australia,Australia/Oceania,,,0.0,,,
3,2020-05-05,6875.0,26.0,97.0,1.0,5975.0,803.0,27.0,270.0,4.0,684615.0,26848.0,Australia,Australia/Oceania,,,0.0,,,
4,2020-05-06,6875.0,26.0,97.0,1.0,5984.0,794.0,27.0,270.0,4.0,688656.0,27006.0,Australia,Australia/Oceania,,,0.0,,,
5,2020-05-07,6896.0,21.0,97.0,-1.0,6040.0,759.0,23.0,270.0,4.0,722549.0,28335.0,Australia,Australia/Oceania,,,0.0,,,
6,2020-05-08,6927.0,13.0,97.0,-1.0,6124.0,706.0,21.0,272.0,4.0,775080.0,30395.0,Australia,Australia/Oceania,,,0.0,,,
7,2020-05-09,6929.0,-1.0,97.0,-1.0,6135.0,697.0,19.0,272.0,4.0,795456.0,31194.0,Australia,Australia/Oceania,,,0.0,,,
8,2020-05-10,6941.0,12.0,97.0,-1.0,6163.0,681.0,17.0,272.0,4.0,827872.0,32466.0,Australia,Australia/Oceania,,,0.0,,,
9,2020-05-11,6948.0,7.0,97.0,-1.0,6179.0,672.0,16.0,272.0,4.0,855119.0,33534.0,Australia,Australia/Oceania,,,0.0,,,
10,2020-05-12,6964.0,16.0,97.0,-1.0,6229.0,638.0,16.0,273.0,4.0,877927.0,34429.0,Australia,Australia/Oceania,,,0.0,,,
11,2020-05-13,6980.0,16.0,98.0,1.0,6271.0,611.0,17.0,274.0,4.0,909025.0,35648.0,Australia,Australia/Oceania,,,0.0,,,
12,2020-05-14,6989.0,9.0,98.0,-1.0,6301.0,590.0,18.0,274.0,4.0,943480.0,36999.0,Australia,Australia/Oceania,,,0.0,,,
13,2020-05-15,7019.0,30.0,98.0,-1.0,6337.0,584.0,17.0,276.0,4.0,983816.0,38640.0,Australia,Australia/Oceania,50.0,25460983.0,0.0,,,
14,2020-05-16,7036.0,17.0,98.0,-1.0,6362.0,576.0,16.0,276.0,4.0,1015652.0,39889.0,Australia,Australia/Oceania,50.0,25461791.0,0.0,,,
15,2020-05-17,7045.0,9.0,98.0,-1.0,6367.0,580.0,16.0,277.0,4.0,1042126.0,40928.0,Australia,Australia/Oceania,50.0,25462599.0,0.0,,,
16,2020-05-18,7060.0,15.0,99.0,1.0,6392.0,569.0,12.0,277.0,4.0,1062034.0,41708.0,Australia,Australia/Oceania,53.0,25463408.0,0.0,,,
17,2020-05-19,7068.0,8.0,100.0,1.0,6413.0,555.0,11.0,278.0,4.0,1085870.0,42643.0,Australia,Australia/Oceania,53.0,25464216.0,0.0,,,
18,2020-05-20,7079.0,11.0,100.0,-1.0,6444.0,535.0,9.0,278.0,4.0,1111567.0,43651.0,Australia,Australia/Oceania,54.0,25465024.0,0.0,,,
19,2020-05-21,7081.0,2.0,100.0,-1.0,6472.0,509.0,9.0,278.0,4.0,1137684.0,44675.0,Australia,Australia/Oceania,55.0,25465832.0,0.0,,,
20,2020-05-22,7095.0,14.0,101.0,1.0,6479.0,515.0,7.0,279.0,4.0,1170682.0,45969.0,Australia,Australia/Oceania,56.0,25466640.0,0.0,,,
21,2020-05-23,7111.0,16.0,102.0,1.0,6494.0,515.0,5.0,279.0,4.0,1192262.0,46815.0,Australia,Australia/Oceania,58.0,25467448.0,0.0,,,
22,2020-05-24,7114.0,3.0,102.0,-1.0,6508.0,504.0,5.0,279.0,4.0,1224627.0,48084.0,Australia,Australia/Oceania,58.0,25468256.0,0.0,,,
23,2020-05-25,7118.0,4.0,102.0,-1.0,6531.0,485.0,5.0,279.0,4.0,1245062.0,48885.0,Australia,Australia/Oceania,59.0,25469064.0,0.0,,,
24,2020-05-26,7133.0,15.0,102.0,-1.0,6553.0,478.0,5.0,280.0,4.0,1288223.0,50578.0,Australia,Australia/Oceania,60.0,25469872.0,0.0,,,
25,2020-05-27,7139.0,-1.0,103.0,-1.0,6566.0,470.0,6.0,280.0,4.0,1338321.0,52542.0,Australia,Australia/Oceania,61.0,25471489.0,0.0,,,
26,2020-05-28,7150.0,11.0,103.0,-1.0,6580.0,467.0,5.0,281.0,4.0,1367444.0,53685.0,Australia,Australia/Oceania,62.0,25471489.0,0.0,,,
27,2020-05-29,7173.0,23.0,103.0,-1.0,6582.0,488.0,4.0,282.0,4.0,1397622.0,54868.0,Australia,Australia/Oceania,62.0,25472297.0,0.0,,,
28,2020-05-30,7185.0,12.0,103.0,-1.0,6606.0,476.0,4.0,282.0,4.0,1428538.0,56080.0,Australia,Australia/Oceania,62.0,25473105.0,0.0,,,
29,2020-05-31,7195.0,10.0,103.0,-1.0,6614.0,478.0,4.0,282.0,4.0,1454568.0,57100.0,Australia,Australia/Oceania,62.0,25473913.0,0.0,,,
30,2020-06-01,7204.0,9.0,103.0,-1.0,6619.0,482.0,3.0,283.0,4.0,1472220.0,57791.0,Australia,Australia/Oceania,62.0,25474721.0,0.0,,,
31,2020-06-02,7221.0,17.0,102.0,-1.0,6626.0,493.0,4.0,283.0,4.0,1494692.0,58672.0,Australia,Australia/Oceania,63.0,25475529.0,7.0,3528.0,249760.0,17.0
32,2020-06-03,7229.0,8.0,102.0,-1.0,6640.0,487.0,5.0,284.0,4.0,1512700.0,59377.0,Australia,Australia/Oceania,63.0,25476337.0,14.0,3524.0,249768.0,17.0
33,2020-06-04,7240.0,11.0,102.0,-1.0,6648.0,490.0,4.0,284.0,4.0,1533852.0,60205.0,Australia,Australia/Oceania,63.0,25477145.0,8.0,3519.0,249776.0,17.0
34,2020-06-05,7251.0,11.0,102.0,-1.0,6683.0,466.0,2.0,285.0,4.0,1579192.0,61983.0,Australia,Australia/Oceania,64.0,25477953.0,35.0,3514.0,249784.0,16.0
35,2020-06-06,7255.0,4.0,102.0,-1.0,6690.0,463.0,2.0,285.0,4.0,1603027.0,62916.0,Australia,Australia/Oceania,64.0,25478762.0,7.0,3512.0,249792.0,16.0
36,2020-06-07,7260.0,5.0,102.0,-1.0,6703.0,455.0,3.0,285.0,4.0,1619490.0,63560.0,Australia,Australia/Oceania,65.0,25479570.0,13.0,3510.0,249800.0,16.0
37,2020-06-08,7265.0,5.0,102.0,-1.0,6706.0,457.0,3.0,285.0,4.0,1633515.0,64109.0,Australia,Australia/Oceania,65.0,25480378.0,3.0,3507.0,249808.0,16.0
38,2020-06-09,7267.0,2.0,102.0,-1.0,6720.0,445.0,2.0,285.0,4.0,1650684.0,64781.0,Australia,Australia/Oceania,66.0,25481186.0,14.0,3506.0,249816.0,15.0
39,2020-06-10,7276.0,9.0,102.0,-1.0,6744.0,430.0,3.0,286.0,4.0,1679954.0,65927.0,Australia,Australia/Oceania,66.0,25481994.0,24.0,3502.0,249823.0,15.0
40,2020-06-11,7285.0,9.0,102.0,-1.0,6761.0,422.0,2.0,286.0,4.0,1711223.0,67152.0,Australia,Australia/Oceania,67.0,25482802.0,17.0,3498.0,249831.0,15.0
41,2020-06-12,7290.0,5.0,102.0,-1.0,6783.0,405.0,2.0,286.0,4.0,1746635.0,68540.0,Australia,Australia/Oceania,67.0,25483610.0,22.0,3496.0,249839.0,15.0
42,2020-06-13,7302.0,12.0,102.0,-1.0,6812.0,388.0,2.0,287.0,4.0,1782651.0,69951.0,Australia,Australia/Oceania,67.0,25484418.0,29.0,3490.0,249847.0,14.0
43,2020-06-14,7320.0,18.0,102.0,-1.0,6838.0,380.0,3.0,287.0,4.0,1812353.0,71114.0,Australia,Australia/Oceania,67.0,25485226.0,26.0,3482.0,249855.0,14.0
44,2020-06-15,7335.0,15.0,102.0,-1.0,6851.0,382.0,4.0,288.0,4.0,1830665.0,71830.0,Australia,Australia/Oceania,67.0,25486034.0,13.0,3475.0,249863.0,14.0
45,2020-06-16,7347.0,12.0,102.0,-1.0,6853.0,392.0,4.0,288.0,4.0,1844126.0,72356.0,Australia,Australia/Oceania,68.0,25486843.0,2.0,3469.0,249871.0,14.0
46,2020-06-17,7370.0,23.0,102.0,-1.0,6859.0,409.0,3.0,289.0,4.0,1877702.0,73671.0,Australia,Australia/Oceania,68.0,25487651.0,6.0,3458.0,249879.0,14.0
47,2020-06-18,7391.0,21.0,102.0,-1.0,6877.0,412.0,2.0,290.0,4.0,1908154.0,74863.0,Australia,Australia/Oceania,69.0,25488459.0,18.0,3449.0,249887.0,13.0
48,2020-06-19,7409.0,18.0,102.0,-1.0,6878.0,429.0,2.0,291.0,4.0,1964271.0,77063.0,Australia,Australia/Oceania,69.0,25489267.0,1.0,3440.0,249895.0,13.0
49,2020-06-20,7436.0,27.0,102.0,-1.0,6881.0,453.0,2.0,292.0,4.0,2002246.0,78548.0,Australia,Australia/Oceania,69.0,25490883.0,3.0,3428.0,249911.0,13.0
50,2020-06-21,7461.0,25.0,102.0,-1.0,6896.0,463.0,2.0,293.0,4.0,2044093.0,80189.0,Australia,Australia/Oceania,70.0,25490883.0,15.0,3417.0,249911.0,12.0
51,2020-06-22,7474.0,13.0,102.0,-1.0,6903.0,469.0,2.0,293.0,4.0,2105974.0,82614.0,Australia,Australia/Oceania,70.0,25491691.0,7.0,3411.0,249919.0,12.0
52,2020-06-23,7492.0,18.0,102.0,-1.0,6904.0,486.0,2.0,294.0,4.0,2119795.0,83154.0,Australia,Australia/Oceania,70.0,25492499.0,1.0,3403.0,249926.0,12.0
53,2020-06-24,7521.0,29.0,103.0,1.0,6915.0,503.0,3.0,295.0,4.0,2153127.0,84459.0,Australia,Australia/Oceania,70.0,25493307.0,11.0,3390.0,247508.0,12.0
54,2020-06-25,7558.0,37.0,104.0,1.0,6931.0,523.0,2.0,296.0,4.0,2227559.0,87375.0,Australia,Australia/Oceania,70.0,25494116.0,16.0,3373.0,245136.0,11.0
55,2020-06-26,7595.0,37.0,104.0,-1.0,6958.0,533.0,1.0,298.0,4.0,2281839.0,89502.0,Australia,Australia/Oceania,70.0,25494924.0,27.0,3357.0,245144.0,11.0
56,2020-06-27,7641.0,46.0,104.0,-1.0,6979.0,558.0,1.0,300.0,4.0,2333296.0,91517.0,Australia,Australia/Oceania,71.0,25495732.0,21.0,3337.0,245151.0,11.0
57,2020-06-28,7686.0,45.0,104.0,-1.0,6979.0,603.0,1.0,301.0,4.0,2354175.0,92333.0,Australia,Australia/Oceania,71.0,25496540.0,-1.0,3317.0,245159.0,11.0
58,2020-06-29,7767.0,81.0,104.0,-1.0,7008.0,655.0,1.0,305.0,4.0,2414416.0,94693.0,Australia,Australia/Oceania,71.0,25497348.0,29.0,3283.0,245167.0,11.0
59,2020-06-30,7836.0,69.0,104.0,-1.0,7008.0,724.0,1.0,307.0,4.0,2433468.0,95437.0,Australia,Australia/Oceania,71.0,25498156.0,-1.0,3254.0,245175.0,10.0
60,2020-07-01,7920.0,84.0,104.0,-1.0,7040.0,776.0,2.0,311.0,4.0,2499276.0,98015.0,Australia,Australia/Oceania,71.0,25498964.0,32.0,3220.0,245182.0,10.0
61,2020-07-02,8001.0,81.0,104.0,-1.0,7090.0,807.0,5.0,314.0,4.0,2561143.0,100438.0,Australia,Australia/Oceania,71.0,25499772.0,50.0,3187.0,245190.0,10.0
62,2020-07-03,8255.0,254.0,104.0,-1.0,7319.0,832.0,7.0,324.0,4.0,2617860.0,102659.0,Australia,Australia/Oceania,71.0,25500580.0,229.0,3089.0,245198.0,10.0
63,2020-07-04,8362.0,107.0,104.0,-1.0,7355.0,903.0,4.0,328.0,4.0,2667064.0,104585.0,Australia,Australia/Oceania,71.0,25501388.0,36.0,3050.0,245206.0,10.0
64,2020-07-05,8449.0,87.0,104.0,-1.0,7399.0,946.0,4.0,331.0,4.0,2711849.0,106338.0,Australia,Australia/Oceania,71.0,25502197.0,44.0,3018.0,245213.0,9.0
65,2020-07-06,8586.0,137.0,106.0,2.0,7420.0,1060.0,6.0,337.0,4.0,2751473.0,107888.0,Australia,Australia/Oceania,71.0,25503005.0,21.0,2970.0,240594.0,9.0
66,2020-07-07,8755.0,169.0,106.0,-1.0,7455.0,1194.0,10.0,343.0,4.0,2800030.0,109789.0,Australia,Australia/Oceania,70.0,25503813.0,35.0,2913.0,240602.0,9.0
67,2020-07-08,8886.0,131.0,106.0,-1.0,7487.0,1293.0,8.0,348.0,4.0,2853342.0,111875.0,Australia,Australia/Oceania,70.0,25504621.0,32.0,2870.0,240610.0,9.0
68,2020-07-09,9059.0,173.0,106.0,-1.0,7573.0,1380.0,10.0,355.0,4.0,2905324.0,113910.0,Australia,Australia/Oceania,69.0,25505429.0,86.0,2815.0,240617.0,9.0
69,2020-07-10,9359.0,300.0,106.0,-1.0,7576.0,1677.0,13.0,367.0,4.0,2965729.0,116275.0,Australia,Australia/Oceania,70.0,25506237.0,3.0,2725.0,240625.0,9.0
70,2020-07-11,9553.0,194.0,107.0,1.0,7730.0,1716.0,16.0,375.0,4.0,3019317.0,118372.0,Australia,Australia/Oceania,71.0,25507045.0,154.0,2670.0,238384.0,8.0
71,2020-07-12,9796.0,243.0,108.0,1.0,7727.0,1961.0,17.0,384.0,4.0,3053860.0,119719.0,Australia,Australia/Oceania,71.0,25508661.0,-1.0,2604.0,236191.0,8.0
72,2020-07-13,9980.0,184.0,108.0,-1.0,7768.0,2104.0,18.0,391.0,4.0,3111390.0,121974.0,Australia,Australia/Oceania,71.0,25508661.0,41.0,2556.0,236191.0,8.0
73,2020-07-14,10250.0,270.0,108.0,-1.0,7835.0,2307.0,28.0,402.0,4.0,3156624.0,123743.0,Australia,Australia/Oceania,72.0,25509470.0,67.0,2489.0,236199.0,8.0
74,2020-07-15,10487.0,237.0,111.0,3.0,7928.0,2448.0,28.0,411.0,4.0,3213715.0,125977.0,Australia,Australia/Oceania,72.0,25510278.0,93.0,2433.0,229822.0,8.0
75,2020-07-16,10810.0,323.0,113.0,2.0,8035.0,2662.0,30.0,424.0,4.0,3284182.0,128735.0,Australia,Australia/Oceania,71.0,25511086.0,107.0,2360.0,225762.0,8.0
76,2020-07-17,11235.0,425.0,116.0,3.0,8117.0,3002.0,32.0,440.0,5.0,3350444.0,131329.0,Australia,Australia/Oceania,70.0,25511894.0,82.0,2271.0,219930.0,8.0
77,2020-07-18,11441.0,206.0,118.0,2.0,8161.0,3162.0,26.0,448.0,5.0,3413831.0,133809.0,Australia,Australia/Oceania,71.0,25512702.0,44.0,2230.0,216209.0,7.0
78,2020-07-19,11802.0,361.0,122.0,4.0,8273.0,3407.0,29.0,463.0,5.0,3473457.0,136142.0,Australia,Australia/Oceania,72.0,25513510.0,112.0,2162.0,209127.0,7.0
79,2020-07-20,12069.0,267.0,123.0,1.0,8444.0,3502.0,32.0,473.0,5.0,3527011.0,138237.0,Australia,Australia/Oceania,71.0,25514318.0,171.0,2114.0,207433.0,7.0
80,2020-07-21,12428.0,359.0,126.0,3.0,8444.0,3858.0,38.0,487.0,5.0,3584339.0,140479.0,Australia,Australia/Oceania,72.0,25515126.0,-1.0,2053.0,202501.0,7.0
81,2020-07-22,12894.0,466.0,128.0,2.0,8545.0,4221.0,42.0,505.0,5.0,3641780.0,142726.0,Australia,Australia/Oceania,71.0,25515934.0,101.0,1979.0,199343.0,7.0
82,2020-07-23,13302.0,406.0,133.0,5.0,8656.0,4513.0,41.0,521.0,5.0,3710460.0,145408.0,Australia,Australia/Oceania,71.0,25517551.0,3.0,1918.0,191861.0,7.0
83,2020-07-24,13595.0,289.0,139.0,6.0,8775.0,4681.0,42.0,533.0,5.0,3787545.0,148429.0,Australia,Australia/Oceania,72.0,25517551.0,-1.0,1877.0,183580.0,7.0
84,2020-07-25,13948.0,353.0,145.0,6.0,9017.0,4786.0,46.0,547.0,6.0,3854223.0,151037.0,Australia,Australia/Oceania,72.0,25518359.0,88.0,1830.0,175989.0,7.0
85,2020-07-26,14403.0,453.0,155.0,10.0,9019.0,5229.0,46.0,564.0,6.0,3932866.0,154114.0,Australia,Australia/Oceania,71.0,25519167.0,2.0,1772.0,164640.0,6.0
86,2020-07-27,14935.0,532.0,161.0,6.0,9171.0,5603.0,48.0,585.0,6.0,3977904.0,155874.0,Australia,Australia/Oceania,71.0,25519975.0,1.0,1709.0,158509.0,6.0
87,2020-07-28,15302.0,367.0,167.0,6.0,9311.0,5824.0,50.0,600.0,7.0,4026554.0,157770.0,Australia,Australia/Oceania,71.0,25521591.0,-1.0,1668.0,152824.0,6.0
88,2020-07-29,15580.0,276.0,176.0,9.0,9431.0,5973.0,46.0,610.0,7.0,4069613.0,159458.0,Australia,Australia/Oceania,72.0,25521591.0,-1.0,1638.0,145009.0,6.0
89,2020-07-30,16303.0,721.0,189.0,13.0,10619.0,5495.0,39.0,639.0,7.0,4153568.0,162742.0,Australia,Australia/Oceania,70.0,25522399.0,1000.0,1566.0,135039.0,6.0
90,2020-07-31,16905.0,602.0,197.0,8.0,9982.0,6726.0,45.0,662.0,8.0,4237260.0,166016.0,Australia,Australia/Oceania,69.0,25523207.0,224.0,1510.0,129559.0,6.0
91,2020-08-01,17282.0,377.0,201.0,4.0,10202.0,6879.0,50.0,677.0,8.0,4306200.0,168712.0,Australia,Australia/Oceania,68.0,25524015.0,220.0,1477.0,126985.0,6.0
92,2020-08-02,17923.0,641.0,208.0,7.0,10420.0,7295.0,46.0,702.0,8.0,4359636.0,170800.0,Australia,Australia/Oceania,68.0,25524823.0,218.0,1424.0,122715.0,6.0
