,Date,Tot cases,New cases,Tot Deaths,New Deaths,Total Recovered,Active Cases,Serious,Tot C par million,Deaths par million,Total Test,Tot T par million,Country,Continent,index,population,New Recov,col1,col2,col3
0,2020-05-02,4052.0,72.0,124.0,2.0,1334.0,2594.0,237.0,1004.0,31.0,11763.0,2916.0,Moldova,Europe,,,0.0,,,
1,2020-05-03,4121.0,69.0,125.0,1.0,1382.0,2614.0,237.0,1022.0,31.0,20447.0,5069.0,Moldova,Europe,,,0.0,,,
2,2020-05-04,4248.0,127.0,132.0,7.0,1423.0,2693.0,237.0,1053.0,33.0,20447.0,5069.0,Moldova,Europe,,,0.0,,,
3,2020-05-05,4363.0,-1.0,136.0,-1.0,1544.0,2683.0,237.0,1082.0,34.0,20447.0,5069.0,Moldova,Europe,,,0.0,,,
4,2020-05-06,4476.0,113.0,143.0,7.0,1658.0,2675.0,237.0,1110.0,35.0,20447.0,5069.0,Moldova,Europe,,,0.0,,,
5,2020-05-07,4605.0,129.0,145.0,2.0,1747.0,2713.0,237.0,1142.0,36.0,20447.0,5069.0,Moldova,Europe,,,0.0,,,
6,2020-05-08,4728.0,-1.0,150.0,-1.0,1826.0,2752.0,237.0,1172.0,37.0,20447.0,5069.0,Moldova,Europe,,,0.0,,,
7,2020-05-09,4867.0,-1.0,161.0,-1.0,1925.0,2781.0,237.0,1207.0,40.0,20447.0,5069.0,Moldova,Europe,,,0.0,,,
8,2020-05-10,4927.0,60.0,169.0,8.0,1958.0,2800.0,237.0,1221.0,42.0,20447.0,5069.0,Moldova,Europe,,,0.0,,,
9,2020-05-11,4995.0,68.0,175.0,6.0,1980.0,2840.0,251.0,1238.0,43.0,20447.0,5069.0,Moldova,Europe,,,0.0,,,
10,2020-05-12,5154.0,159.0,182.0,7.0,2069.0,2903.0,251.0,1278.0,45.0,20447.0,5069.0,Moldova,Europe,,,0.0,,,
11,2020-05-13,5406.0,252.0,185.0,3.0,2176.0,3045.0,251.0,1340.0,46.0,20447.0,5069.0,Moldova,Europe,,,0.0,,,
12,2020-05-14,5553.0,147.0,194.0,9.0,2228.0,3131.0,251.0,1377.0,48.0,20447.0,5069.0,Moldova,Europe,,,0.0,,,
13,2020-05-15,5745.0,192.0,202.0,8.0,2228.0,3315.0,251.0,1424.0,50.0,20447.0,5067.0,Moldova,Europe,57.0,4035126.0,0.0,,,
14,2020-05-16,5934.0,189.0,207.0,5.0,2344.0,3383.0,251.0,1471.0,51.0,20447.0,5067.0,Moldova,Europe,57.0,4035100.0,0.0,,,
15,2020-05-17,6060.0,126.0,211.0,4.0,2344.0,3505.0,251.0,1502.0,52.0,20447.0,5067.0,Moldova,Europe,58.0,4035075.0,0.0,,,
16,2020-05-18,6138.0,78.0,217.0,6.0,2425.0,3496.0,251.0,1521.0,54.0,20447.0,5067.0,Moldova,Europe,58.0,4035049.0,0.0,,,
17,2020-05-19,6340.0,202.0,221.0,4.0,2508.0,3611.0,251.0,1571.0,55.0,20447.0,5067.0,Moldova,Europe,58.0,4035024.0,0.0,,,
18,2020-05-20,6553.0,213.0,228.0,7.0,2953.0,3372.0,251.0,1624.0,57.0,40565.0,10053.0,Moldova,Europe,57.0,4034998.0,0.0,,,
19,2020-05-21,6704.0,151.0,233.0,5.0,2953.0,3518.0,251.0,1661.0,58.0,40565.0,10053.0,Moldova,Europe,57.0,4034973.0,0.0,,,
20,2020-05-22,6847.0,143.0,237.0,4.0,3369.0,3241.0,251.0,1697.0,59.0,40565.0,10053.0,Moldova,Europe,58.0,4034947.0,0.0,,,
21,2020-05-23,6994.0,147.0,242.0,5.0,3452.0,3300.0,286.0,1733.0,60.0,40565.0,10053.0,Moldova,Europe,59.0,4034922.0,0.0,,,
22,2020-05-24,7093.0,99.0,250.0,8.0,3713.0,3130.0,286.0,1758.0,62.0,40565.0,10054.0,Moldova,Europe,59.0,4034896.0,0.0,,,
23,2020-05-25,7147.0,54.0,261.0,11.0,3802.0,3084.0,286.0,1771.0,65.0,40565.0,10054.0,Moldova,Europe,58.0,4034871.0,0.0,,,
24,2020-05-26,7305.0,158.0,267.0,6.0,3884.0,3154.0,256.0,1810.0,66.0,40565.0,10054.0,Moldova,Europe,59.0,4034845.0,0.0,,,
25,2020-05-27,7537.0,-1.0,274.0,-1.0,3884.0,3379.0,256.0,1868.0,68.0,40565.0,10054.0,Moldova,Europe,59.0,4034794.0,0.0,,,
26,2020-05-28,7725.0,188.0,282.0,8.0,4123.0,3320.0,256.0,1915.0,70.0,40565.0,10054.0,Moldova,Europe,58.0,4034794.0,0.0,,,
27,2020-05-29,7896.0,171.0,288.0,6.0,4278.0,3330.0,256.0,1957.0,71.0,40565.0,10054.0,Moldova,Europe,58.0,4034769.0,0.0,,,
28,2020-05-30,8098.0,202.0,291.0,3.0,4455.0,3352.0,256.0,2007.0,72.0,40565.0,10054.0,Moldova,Europe,58.0,4034743.0,0.0,,,
29,2020-05-31,8251.0,153.0,295.0,4.0,4581.0,3375.0,251.0,2045.0,73.0,40565.0,10054.0,Moldova,Europe,58.0,4034718.0,0.0,,,
30,2020-06-01,8360.0,109.0,305.0,10.0,4622.0,3433.0,251.0,2072.0,76.0,55582.0,13776.0,Moldova,Europe,58.0,4034692.0,0.0,,,
31,2020-06-02,8548.0,188.0,307.0,2.0,4738.0,3503.0,255.0,2119.0,76.0,57003.0,14128.0,Moldova,Europe,57.0,4034667.0,116.0,472.0,13142.0,71.0
32,2020-06-03,8795.0,247.0,310.0,3.0,4863.0,3622.0,248.0,2180.0,77.0,57003.0,14128.0,Moldova,Europe,57.0,4034641.0,125.0,459.0,13015.0,71.0
33,2020-06-04,9018.0,223.0,315.0,5.0,5009.0,3694.0,265.0,2235.0,78.0,57003.0,14128.0,Moldova,Europe,57.0,4034616.0,146.0,447.0,12808.0,71.0
34,2020-06-05,9247.0,229.0,323.0,8.0,5240.0,3684.0,274.0,2292.0,80.0,58521.0,14505.0,Moldova,Europe,58.0,4034590.0,231.0,436.0,12491.0,69.0
35,2020-06-06,9511.0,264.0,331.0,8.0,5450.0,3730.0,306.0,2357.0,82.0,58521.0,14505.0,Moldova,Europe,58.0,4034565.0,210.0,424.0,12189.0,69.0
36,2020-06-07,9700.0,189.0,341.0,10.0,5638.0,3721.0,335.0,2404.0,85.0,63328.0,15696.0,Moldova,Europe,57.0,4034539.0,188.0,416.0,11831.0,64.0
37,2020-06-08,9807.0,107.0,353.0,12.0,5738.0,3716.0,318.0,2431.0,87.0,63328.0,15697.0,Moldova,Europe,58.0,4034514.0,100.0,411.0,11429.0,64.0
38,2020-06-09,10025.0,218.0,365.0,12.0,5797.0,3863.0,305.0,2485.0,90.0,63328.0,15697.0,Moldova,Europe,57.0,4034488.0,59.0,402.0,11053.0,64.0
39,2020-06-10,10321.0,296.0,371.0,6.0,5930.0,4020.0,308.0,2558.0,92.0,63328.0,15697.0,Moldova,Europe,57.0,4034462.0,133.0,391.0,10875.0,64.0
40,2020-06-11,10727.0,406.0,375.0,4.0,6072.0,4280.0,339.0,2659.0,93.0,63328.0,15697.0,Moldova,Europe,56.0,4034437.0,142.0,376.0,10758.0,64.0
41,2020-06-12,11093.0,366.0,385.0,10.0,6229.0,4479.0,344.0,2750.0,95.0,63328.0,15697.0,Moldova,Europe,56.0,4034411.0,157.0,364.0,10479.0,64.0
42,2020-06-13,11459.0,366.0,398.0,13.0,6421.0,4640.0,378.0,2840.0,99.0,63328.0,15697.0,Moldova,Europe,56.0,4034386.0,192.0,352.0,10137.0,64.0
43,2020-06-14,11740.0,281.0,406.0,8.0,6623.0,4711.0,378.0,2910.0,101.0,63328.0,15697.0,Moldova,Europe,56.0,4034360.0,202.0,344.0,9937.0,64.0
44,2020-06-15,11879.0,139.0,411.0,5.0,6794.0,4674.0,378.0,2944.0,102.0,63328.0,15697.0,Moldova,Europe,57.0,4034335.0,171.0,340.0,9816.0,64.0
45,2020-06-16,12254.0,375.0,423.0,12.0,6901.0,4930.0,378.0,3037.0,105.0,63328.0,15697.0,Moldova,Europe,54.0,4034309.0,107.0,329.0,9537.0,64.0
46,2020-06-17,12732.0,478.0,433.0,10.0,7077.0,5222.0,417.0,3156.0,107.0,63328.0,15697.0,Moldova,Europe,53.0,4034284.0,176.0,317.0,9317.0,64.0
47,2020-06-18,13106.0,374.0,444.0,11.0,7252.0,5410.0,444.0,3249.0,110.0,63328.0,15698.0,Moldova,Europe,53.0,4034258.0,175.0,308.0,9086.0,64.0
48,2020-06-19,13556.0,450.0,450.0,6.0,7525.0,5581.0,455.0,3360.0,112.0,63328.0,15698.0,Moldova,Europe,53.0,4034233.0,273.0,298.0,8965.0,64.0
49,2020-06-20,13953.0,397.0,464.0,14.0,7745.0,5744.0,440.0,3459.0,115.0,63328.0,15698.0,Moldova,Europe,53.0,4034182.0,220.0,289.0,8694.0,64.0
50,2020-06-21,14200.0,247.0,473.0,9.0,7896.0,5831.0,440.0,3520.0,117.0,63328.0,15698.0,Moldova,Europe,53.0,4034182.0,151.0,284.0,8529.0,64.0
51,2020-06-22,14363.0,163.0,480.0,7.0,8019.0,5864.0,465.0,3560.0,119.0,63328.0,15698.0,Moldova,Europe,53.0,4034156.0,123.0,281.0,8404.0,64.0
52,2020-06-23,14714.0,351.0,490.0,10.0,8212.0,6012.0,476.0,3647.0,121.0,63328.0,15698.0,Moldova,Europe,53.0,4034131.0,193.0,274.0,8233.0,64.0
53,2020-06-24,15078.0,364.0,495.0,5.0,8400.0,6183.0,476.0,3738.0,123.0,63328.0,15698.0,Moldova,Europe,53.0,4034105.0,188.0,268.0,8150.0,64.0
54,2020-06-25,15453.0,375.0,502.0,7.0,8599.0,6352.0,455.0,3831.0,124.0,63328.0,15698.0,Moldova,Europe,54.0,4034080.0,199.0,261.0,8036.0,64.0
55,2020-06-26,15776.0,323.0,515.0,13.0,8765.0,6496.0,455.0,3911.0,128.0,63328.0,15698.0,Moldova,Europe,54.0,4034054.0,166.0,256.0,7833.0,64.0
56,2020-06-27,16080.0,304.0,521.0,6.0,8963.0,6596.0,455.0,3986.0,129.0,63328.0,15698.0,Moldova,Europe,54.0,4034029.0,198.0,251.0,7743.0,64.0
57,2020-06-28,16250.0,170.0,530.0,9.0,9081.0,6639.0,469.0,4028.0,131.0,63328.0,15699.0,Moldova,Europe,57.0,4034003.0,118.0,248.0,7611.0,64.0
58,2020-06-29,16357.0,107.0,536.0,6.0,9229.0,6592.0,469.0,4055.0,133.0,63328.0,15699.0,Moldova,Europe,57.0,4033978.0,148.0,247.0,7526.0,64.0
59,2020-06-30,16613.0,256.0,545.0,9.0,9382.0,6686.0,469.0,4118.0,135.0,63328.0,15699.0,Moldova,Europe,57.0,4033952.0,153.0,243.0,7402.0,64.0
60,2020-07-01,16898.0,285.0,549.0,4.0,9594.0,6755.0,469.0,4189.0,136.0,98934.0,24525.0,Moldova,Europe,57.0,4033927.0,212.0,239.0,7348.0,41.0
61,2020-07-02,17150.0,252.0,560.0,11.0,9846.0,6744.0,438.0,4251.0,139.0,101180.0,25082.0,Moldova,Europe,57.0,4033901.0,252.0,235.0,7203.0,40.0
62,2020-07-03,17445.0,295.0,572.0,12.0,10093.0,6780.0,438.0,4325.0,142.0,101180.0,25083.0,Moldova,Europe,57.0,4033876.0,247.0,231.0,7052.0,40.0
63,2020-07-04,17672.0,227.0,580.0,8.0,10396.0,6696.0,438.0,4381.0,144.0,101180.0,25083.0,Moldova,Europe,57.0,4033850.0,303.0,228.0,6955.0,40.0
64,2020-07-05,17814.0,142.0,585.0,5.0,10718.0,6511.0,438.0,4416.0,145.0,101180.0,25083.0,Moldova,Europe,57.0,4033825.0,322.0,226.0,6895.0,40.0
65,2020-07-06,17906.0,92.0,592.0,7.0,11047.0,6267.0,438.0,4439.0,147.0,101180.0,25083.0,Moldova,Europe,57.0,4033799.0,329.0,225.0,6814.0,40.0
66,2020-07-07,18141.0,235.0,603.0,11.0,11241.0,6297.0,391.0,4497.0,149.0,101180.0,25083.0,Moldova,Europe,57.0,4033774.0,194.0,222.0,6690.0,40.0
67,2020-07-08,18471.0,330.0,614.0,11.0,11549.0,6308.0,391.0,4579.0,152.0,101180.0,25083.0,Moldova,Europe,57.0,4033748.0,308.0,218.0,6570.0,40.0
68,2020-07-09,18666.0,195.0,624.0,10.0,11936.0,6106.0,391.0,4627.0,155.0,101180.0,25084.0,Moldova,Europe,56.0,4033723.0,387.0,216.0,6464.0,40.0
69,2020-07-10,18924.0,258.0,635.0,11.0,12188.0,6101.0,391.0,4691.0,157.0,101180.0,25084.0,Moldova,Europe,56.0,4033697.0,252.0,213.0,6352.0,40.0
70,2020-07-11,19208.0,284.0,640.0,5.0,12456.0,6112.0,373.0,4762.0,159.0,101180.0,25084.0,Moldova,Europe,56.0,4033672.0,268.0,210.0,6303.0,40.0
71,2020-07-12,19382.0,174.0,642.0,2.0,12667.0,6073.0,373.0,4805.0,159.0,101180.0,25084.0,Moldova,Europe,56.0,4033621.0,211.0,208.0,6283.0,40.0
72,2020-07-13,19439.0,57.0,649.0,7.0,12793.0,5997.0,373.0,4819.0,161.0,101180.0,25084.0,Moldova,Europe,57.0,4033621.0,126.0,208.0,6215.0,40.0
73,2020-07-14,19708.0,269.0,655.0,6.0,13033.0,6020.0,358.0,4886.0,162.0,101180.0,25084.0,Moldova,Europe,57.0,4033595.0,240.0,205.0,6158.0,40.0
74,2020-07-15,20040.0,332.0,659.0,4.0,13298.0,6083.0,358.0,4968.0,163.0,101180.0,25084.0,Moldova,Europe,57.0,4033570.0,265.0,201.0,6121.0,40.0
75,2020-07-16,20264.0,224.0,666.0,7.0,13640.0,5958.0,358.0,5024.0,165.0,101180.0,25085.0,Moldova,Europe,57.0,4033544.0,342.0,199.0,6056.0,40.0
76,2020-07-17,20494.0,230.0,675.0,9.0,13913.0,5906.0,358.0,5081.0,167.0,101180.0,25085.0,Moldova,Europe,57.0,4033519.0,273.0,197.0,5976.0,40.0
77,2020-07-18,20794.0,300.0,680.0,5.0,14183.0,5931.0,362.0,5155.0,169.0,128076.0,31753.0,Moldova,Europe,57.0,4033493.0,270.0,194.0,5932.0,31.0
78,2020-07-19,20980.0,186.0,684.0,4.0,14376.0,5920.0,362.0,5201.0,170.0,128076.0,31753.0,Moldova,Europe,58.0,4033468.0,193.0,192.0,5897.0,31.0
