,Date,Tot cases,New cases,Tot Deaths,New Deaths,Total Recovered,Active Cases,Serious,Tot C par million,Deaths par million,Total Test,Tot T par million,Country,Continent,index,population,New Recov,col1,col2,col3
0,2020-05-02,49517.0,485.0,7765.0,62.0,12211.0,29541.0,689.0,4273.0,670.0,260996.0,22520.0,Belgium,Europe,,,0.0,,,
1,2020-05-03,49906.0,389.0,7844.0,79.0,12309.0,29753.0,674.0,4306.0,677.0,423971.0,36582.0,Belgium,Europe,,,0.0,,,
2,2020-05-04,50267.0,361.0,7924.0,80.0,12378.0,29965.0,655.0,4337.0,684.0,440700.0,38025.0,Belgium,Europe,,,0.0,,,
3,2020-05-05,50509.0,-1.0,8016.0,-1.0,12441.0,30052.0,646.0,4358.0,692.0,456194.0,39362.0,Belgium,Europe,,,0.0,,,
4,2020-05-06,50781.0,272.0,8339.0,323.0,12731.0,29711.0,646.0,4382.0,720.0,474176.0,40914.0,Belgium,Europe,,,0.0,,,
5,2020-05-07,51420.0,639.0,8415.0,76.0,12980.0,30025.0,538.0,4437.0,726.0,493325.0,42566.0,Belgium,Europe,,,0.0,,,
6,2020-05-08,52011.0,-1.0,8521.0,-1.0,13201.0,30289.0,508.0,4488.0,735.0,515233.0,44456.0,Belgium,Europe,,,0.0,,,
7,2020-05-09,52596.0,-1.0,8581.0,-1.0,13411.0,30604.0,502.0,4538.0,740.0,540643.0,46649.0,Belgium,Europe,,,0.0,,,
8,2020-05-10,53081.0,485.0,8656.0,75.0,13642.0,30783.0,476.0,4580.0,747.0,566101.0,48846.0,Belgium,Europe,,,0.0,,,
9,2020-05-11,53449.0,368.0,8707.0,51.0,13697.0,31045.0,478.0,4612.0,751.0,584707.0,50451.0,Belgium,Europe,,,0.0,,,
10,2020-05-12,53779.0,330.0,8761.0,54.0,13732.0,31286.0,465.0,4640.0,756.0,595531.0,51385.0,Belgium,Europe,,,0.0,,,
11,2020-05-13,53981.0,202.0,8843.0,82.0,13937.0,31201.0,420.0,4658.0,763.0,605237.0,52222.0,Belgium,Europe,,,0.0,,,
12,2020-05-14,54288.0,307.0,8903.0,60.0,14111.0,31274.0,407.0,4684.0,768.0,623628.0,53809.0,Belgium,Europe,,,0.0,,,
13,2020-05-15,54644.0,356.0,8959.0,56.0,14301.0,31384.0,380.0,4718.0,773.0,645314.0,55711.0,Belgium,Europe,14.0,11583189.0,0.0,,,
14,2020-05-16,54989.0,345.0,9005.0,46.0,14460.0,31524.0,364.0,4747.0,777.0,663755.0,57303.0,Belgium,Europe,14.0,11583327.0,0.0,,,
15,2020-05-17,55280.0,291.0,9052.0,47.0,14630.0,31598.0,371.0,4772.0,781.0,682980.0,58962.0,Belgium,Europe,14.0,11583464.0,0.0,,,
16,2020-05-18,55559.0,279.0,9080.0,28.0,14657.0,31822.0,342.0,4796.0,784.0,696840.0,60157.0,Belgium,Europe,15.0,11583602.0,0.0,,,
17,2020-05-19,55791.0,232.0,9108.0,28.0,14687.0,31996.0,345.0,4816.0,786.0,709818.0,61277.0,Belgium,Europe,15.0,11583739.0,0.0,,,
18,2020-05-20,55983.0,192.0,9150.0,42.0,14847.0,31986.0,313.0,4833.0,790.0,720228.0,62175.0,Belgium,Europe,15.0,11583877.0,0.0,,,
19,2020-05-21,56235.0,252.0,9186.0,36.0,14988.0,32061.0,277.0,4855.0,793.0,739146.0,63807.0,Belgium,Europe,17.0,11584014.0,0.0,,,
20,2020-05-22,56511.0,276.0,9212.0,26.0,15123.0,32176.0,268.0,4878.0,795.0,757328.0,65376.0,Belgium,Europe,17.0,11584152.0,0.0,,,
21,2020-05-23,56810.0,299.0,9237.0,25.0,15155.0,32418.0,259.0,4904.0,797.0,768706.0,66358.0,Belgium,Europe,17.0,11584289.0,0.0,,,
22,2020-05-24,57092.0,282.0,9280.0,43.0,15272.0,32540.0,256.0,4928.0,801.0,781284.0,67443.0,Belgium,Europe,17.0,11584427.0,0.0,,,
23,2020-05-25,57342.0,250.0,9312.0,32.0,15297.0,32733.0,251.0,4950.0,804.0,788110.0,68031.0,Belgium,Europe,17.0,11584564.0,0.0,,,
24,2020-05-26,57455.0,113.0,9334.0,22.0,15320.0,32801.0,249.0,4960.0,806.0,795447.0,68664.0,Belgium,Europe,18.0,11584702.0,0.0,,,
25,2020-05-27,57592.0,-1.0,9364.0,-1.0,15465.0,32763.0,220.0,4971.0,808.0,804890.0,69477.0,Belgium,Europe,18.0,11584977.0,0.0,,,
26,2020-05-28,57849.0,257.0,9388.0,24.0,15572.0,32889.0,208.0,4993.0,810.0,818807.0,70678.0,Belgium,Europe,18.0,11584977.0,0.0,,,
27,2020-05-29,58061.0,212.0,9430.0,42.0,15682.0,32949.0,187.0,5012.0,814.0,836879.0,72237.0,Belgium,Europe,18.0,11585114.0,0.0,,,
28,2020-05-30,58186.0,125.0,9453.0,23.0,15769.0,32964.0,173.0,5022.0,816.0,848065.0,73202.0,Belgium,Europe,18.0,11585252.0,0.0,,,
29,2020-05-31,58381.0,195.0,9467.0,14.0,15887.0,33027.0,168.0,5039.0,817.0,866497.0,74792.0,Belgium,Europe,18.0,11585389.0,0.0,,,
30,2020-06-01,58517.0,136.0,9486.0,19.0,15919.0,33112.0,163.0,5051.0,819.0,876306.0,75638.0,Belgium,Europe,18.0,11585527.0,0.0,,,
31,2020-06-02,58615.0,98.0,9505.0,19.0,15934.0,33176.0,166.0,5059.0,820.0,884386.0,76335.0,Belgium,Europe,19.0,11585664.0,15.0,198.0,1219.0,13.0
32,2020-06-03,58685.0,70.0,9522.0,17.0,15959.0,33204.0,172.0,5065.0,822.0,884386.0,76334.0,Belgium,Europe,19.0,11585802.0,25.0,197.0,1217.0,13.0
33,2020-06-04,58767.0,82.0,9548.0,26.0,16048.0,33171.0,143.0,5072.0,824.0,900282.0,77705.0,Belgium,Europe,19.0,11585939.0,89.0,197.0,1213.0,13.0
34,2020-06-05,58907.0,140.0,9566.0,18.0,16112.0,33229.0,137.0,5084.0,826.0,912165.0,78729.0,Belgium,Europe,20.0,11586077.0,64.0,197.0,1211.0,13.0
35,2020-06-06,59072.0,165.0,9580.0,14.0,16190.0,33302.0,121.0,5098.0,827.0,923820.0,79734.0,Belgium,Europe,20.0,11586214.0,78.0,196.0,1209.0,13.0
36,2020-06-07,59226.0,154.0,9595.0,15.0,16291.0,33340.0,111.0,5112.0,828.0,935670.0,80756.0,Belgium,Europe,20.0,11586352.0,101.0,196.0,1208.0,12.0
37,2020-06-08,59348.0,122.0,9606.0,11.0,16315.0,33427.0,116.0,5122.0,829.0,949675.0,81964.0,Belgium,Europe,20.0,11586489.0,24.0,195.0,1206.0,12.0
38,2020-06-09,59437.0,89.0,9619.0,13.0,16324.0,33494.0,115.0,5130.0,830.0,958513.0,82726.0,Belgium,Europe,20.0,11586627.0,9.0,195.0,1205.0,12.0
39,2020-06-10,59569.0,132.0,9629.0,10.0,16392.0,33548.0,102.0,5141.0,831.0,969619.0,83683.0,Belgium,Europe,20.0,11586764.0,68.0,195.0,1203.0,12.0
40,2020-06-11,59711.0,142.0,9636.0,7.0,16453.0,33622.0,99.0,5153.0,832.0,983670.0,84895.0,Belgium,Europe,20.0,11586902.0,61.0,194.0,1202.0,12.0
41,2020-06-12,59819.0,108.0,9646.0,10.0,16498.0,33675.0,89.0,5163.0,832.0,996785.0,86026.0,Belgium,Europe,21.0,11587039.0,45.0,194.0,1201.0,12.0
42,2020-06-13,59918.0,99.0,9650.0,4.0,16547.0,33721.0,88.0,5171.0,833.0,1010059.0,87170.0,Belgium,Europe,21.0,11587177.0,49.0,193.0,1201.0,11.0
43,2020-06-14,60029.0,111.0,9655.0,5.0,16589.0,33785.0,82.0,5181.0,833.0,1024302.0,88399.0,Belgium,Europe,21.0,11587314.0,42.0,193.0,1200.0,11.0
44,2020-06-15,60100.0,71.0,9661.0,6.0,16610.0,33829.0,84.0,5187.0,834.0,1036321.0,89435.0,Belgium,Europe,21.0,11587452.0,21.0,193.0,1199.0,11.0
45,2020-06-16,60155.0,55.0,9663.0,2.0,16625.0,33867.0,76.0,5191.0,834.0,1045014.0,90184.0,Belgium,Europe,21.0,11587589.0,15.0,193.0,1199.0,11.0
46,2020-06-17,60244.0,89.0,9675.0,12.0,16684.0,33885.0,67.0,5199.0,835.0,1056075.0,91137.0,Belgium,Europe,21.0,11587727.0,59.0,192.0,1198.0,11.0
47,2020-06-18,60348.0,104.0,9683.0,8.0,16724.0,33941.0,60.0,5208.0,836.0,1056075.0,91136.0,Belgium,Europe,21.0,11587864.0,40.0,192.0,1197.0,11.0
48,2020-06-19,60476.0,128.0,9695.0,12.0,16751.0,34030.0,55.0,5219.0,837.0,1087369.0,93836.0,Belgium,Europe,21.0,11588002.0,27.0,192.0,1195.0,11.0
49,2020-06-20,60550.0,74.0,9696.0,1.0,16771.0,34083.0,50.0,5225.0,837.0,1098910.0,94829.0,Belgium,Europe,22.0,11588277.0,20.0,191.0,1195.0,11.0
50,2020-06-21,60550.0,-1.0,9696.0,-1.0,16771.0,34083.0,50.0,5225.0,837.0,1098910.0,94829.0,Belgium,Europe,22.0,11588277.0,-1.0,191.0,1195.0,11.0
51,2020-06-22,60550.0,-1.0,9696.0,-1.0,16771.0,34083.0,50.0,5225.0,837.0,1098910.0,94828.0,Belgium,Europe,22.0,11588414.0,-1.0,191.0,1195.0,11.0
52,2020-06-23,60810.0,260.0,9713.0,17.0,16771.0,34326.0,42.0,5247.0,838.0,1131883.0,97673.0,Belgium,Europe,23.0,11588552.0,-1.0,191.0,1193.0,10.0
53,2020-06-24,60898.0,88.0,9722.0,9.0,16771.0,34405.0,41.0,5255.0,839.0,1145258.0,98826.0,Belgium,Europe,23.0,11588689.0,-1.0,190.0,1192.0,10.0
54,2020-06-25,61007.0,109.0,9726.0,4.0,16890.0,34391.0,40.0,5264.0,839.0,1161971.0,100266.0,Belgium,Europe,24.0,11588827.0,119.0,190.0,1192.0,10.0
55,2020-06-26,61106.0,99.0,9731.0,5.0,16918.0,34457.0,38.0,5273.0,840.0,1178721.0,101711.0,Belgium,Europe,24.0,11588964.0,28.0,190.0,1191.0,10.0
56,2020-06-27,61209.0,103.0,9732.0,1.0,16941.0,34536.0,35.0,5282.0,840.0,1191959.0,102852.0,Belgium,Europe,24.0,11589102.0,23.0,189.0,1191.0,10.0
57,2020-06-28,61295.0,86.0,9732.0,-1.0,16941.0,34622.0,35.0,5289.0,840.0,1191959.0,102850.0,Belgium,Europe,25.0,11589239.0,-1.0,189.0,1191.0,10.0
58,2020-06-29,61361.0,66.0,9732.0,-1.0,16941.0,34688.0,35.0,5295.0,840.0,1191959.0,102849.0,Belgium,Europe,26.0,11589377.0,-1.0,189.0,1191.0,10.0
59,2020-06-30,61427.0,66.0,9747.0,15.0,16984.0,34696.0,41.0,5300.0,841.0,1226238.0,105806.0,Belgium,Europe,26.0,11589514.0,43.0,189.0,1189.0,9.0
60,2020-07-01,61509.0,82.0,9754.0,7.0,17021.0,34734.0,37.0,5307.0,842.0,1239232.0,106926.0,Belgium,Europe,26.0,11589652.0,37.0,188.0,1188.0,9.0
61,2020-07-02,61598.0,89.0,9761.0,7.0,17044.0,34793.0,37.0,5315.0,842.0,1251345.0,107970.0,Belgium,Europe,26.0,11589789.0,23.0,188.0,1187.0,9.0
62,2020-07-03,61727.0,129.0,9765.0,4.0,17073.0,34889.0,35.0,5326.0,843.0,1270677.0,109636.0,Belgium,Europe,26.0,11589926.0,29.0,188.0,1187.0,9.0
63,2020-07-04,61838.0,111.0,9771.0,6.0,17091.0,34976.0,32.0,5335.0,843.0,1284605.0,110837.0,Belgium,Europe,27.0,11590064.0,18.0,187.0,1186.0,9.0
64,2020-07-05,61838.0,-1.0,9771.0,-1.0,17091.0,34976.0,32.0,5335.0,843.0,1284605.0,110835.0,Belgium,Europe,27.0,11590201.0,-1.0,187.0,1186.0,9.0
65,2020-07-06,62016.0,107.0,9771.0,-1.0,17091.0,35154.0,32.0,5351.0,843.0,1284605.0,110834.0,Belgium,Europe,29.0,11590339.0,-1.0,187.0,1186.0,9.0
66,2020-07-07,62058.0,42.0,9774.0,3.0,17122.0,35162.0,27.0,5354.0,843.0,1313064.0,113288.0,Belgium,Europe,29.0,11590476.0,31.0,187.0,1186.0,9.0
67,2020-07-08,62123.0,65.0,9776.0,2.0,17138.0,35209.0,32.0,5360.0,843.0,1322052.0,114062.0,Belgium,Europe,29.0,11590614.0,16.0,187.0,1186.0,9.0
68,2020-07-09,62210.0,87.0,9778.0,2.0,17159.0,35273.0,32.0,5367.0,844.0,1335704.0,115239.0,Belgium,Europe,29.0,11590751.0,21.0,186.0,1185.0,9.0
69,2020-07-10,62357.0,147.0,9781.0,3.0,17179.0,35397.0,36.0,5380.0,844.0,1349831.0,116456.0,Belgium,Europe,29.0,11590889.0,20.0,186.0,1185.0,9.0
70,2020-07-11,62469.0,112.0,9782.0,1.0,17196.0,35491.0,32.0,5389.0,844.0,1361830.0,117490.0,Belgium,Europe,29.0,11591026.0,17.0,186.0,1185.0,9.0
71,2020-07-12,62606.0,137.0,9782.0,-1.0,17196.0,35628.0,32.0,5401.0,844.0,1361830.0,117487.0,Belgium,Europe,29.0,11591301.0,-1.0,185.0,1185.0,9.0
72,2020-07-13,62707.0,101.0,9782.0,-1.0,17196.0,35729.0,32.0,5410.0,844.0,1361830.0,117487.0,Belgium,Europe,29.0,11591301.0,-1.0,185.0,1185.0,9.0
73,2020-07-14,62781.0,74.0,9787.0,5.0,17223.0,35771.0,23.0,5416.0,844.0,1390593.0,119967.0,Belgium,Europe,29.0,11591439.0,27.0,185.0,1184.0,8.0
74,2020-07-15,62872.0,91.0,9788.0,1.0,17242.0,35842.0,27.0,5424.0,844.0,1398080.0,120612.0,Belgium,Europe,30.0,11591576.0,19.0,184.0,1184.0,8.0
75,2020-07-16,63039.0,167.0,9792.0,4.0,17253.0,35994.0,27.0,5438.0,845.0,1412925.0,121891.0,Belgium,Europe,30.0,11591714.0,11.0,184.0,1184.0,8.0
76,2020-07-17,63238.0,199.0,9795.0,3.0,17269.0,36174.0,28.0,5455.0,845.0,1429053.0,123281.0,Belgium,Europe,31.0,11591851.0,16.0,183.0,1183.0,8.0
77,2020-07-18,63499.0,261.0,9800.0,5.0,17289.0,36410.0,28.0,5478.0,845.0,1444885.0,124645.0,Belgium,Europe,32.0,11591989.0,20.0,183.0,1183.0,8.0
78,2020-07-19,63706.0,207.0,9800.0,-1.0,17289.0,36617.0,28.0,5496.0,845.0,1444885.0,124644.0,Belgium,Europe,32.0,11592126.0,-1.0,182.0,1183.0,8.0
79,2020-07-20,63893.0,187.0,9800.0,-1.0,17289.0,36804.0,28.0,5512.0,845.0,1444885.0,124642.0,Belgium,Europe,32.0,11592264.0,-1.0,181.0,1183.0,8.0
80,2020-07-21,64094.0,201.0,9805.0,5.0,17321.0,36968.0,36.0,5529.0,846.0,1444885.0,124641.0,Belgium,Europe,32.0,11592401.0,32.0,181.0,1182.0,8.0
81,2020-07-22,64258.0,164.0,9805.0,-1.0,17330.0,37123.0,35.0,5543.0,846.0,1484430.0,128050.0,Belgium,Europe,32.0,11592539.0,9.0,180.0,1182.0,8.0
82,2020-07-23,64627.0,369.0,9808.0,3.0,17347.0,37472.0,41.0,5575.0,846.0,1501396.0,129511.0,Belgium,Europe,32.0,11592814.0,17.0,179.0,1182.0,8.0
83,2020-07-24,64847.0,220.0,9812.0,4.0,17369.0,37666.0,40.0,5594.0,846.0,1514046.0,130602.0,Belgium,Europe,33.0,11592814.0,22.0,179.0,1181.0,8.0
84,2020-07-25,65199.0,352.0,9817.0,5.0,17394.0,37988.0,41.0,5624.0,847.0,1514046.0,130601.0,Belgium,Europe,33.0,11592951.0,25.0,178.0,1181.0,8.0
85,2020-07-26,65727.0,528.0,9821.0,4.0,17425.0,38481.0,45.0,5669.0,847.0,1514046.0,130599.0,Belgium,Europe,33.0,11593089.0,31.0,176.0,1180.0,8.0
86,2020-07-27,66026.0,299.0,9821.0,-1.0,17439.0,38766.0,47.0,5695.0,847.0,1562934.0,134814.0,Belgium,Europe,33.0,11593226.0,14.0,176.0,1180.0,7.0
87,2020-07-28,66428.0,402.0,9822.0,1.0,17452.0,39154.0,52.0,5730.0,847.0,1575452.0,135891.0,Belgium,Europe,34.0,11593501.0,13.0,175.0,1180.0,7.0
88,2020-07-29,66662.0,234.0,9833.0,11.0,17476.0,39353.0,49.0,5750.0,848.0,1588423.0,137010.0,Belgium,Europe,35.0,11593501.0,24.0,174.0,1179.0,7.0
89,2020-07-30,67335.0,673.0,9836.0,3.0,17492.0,40007.0,47.0,5808.0,848.0,1618788.0,139627.0,Belgium,Europe,36.0,11593639.0,16.0,172.0,1179.0,7.0
90,2020-07-31,68006.0,671.0,9840.0,4.0,17513.0,40653.0,42.0,5866.0,849.0,1644394.0,141834.0,Belgium,Europe,35.0,11593776.0,21.0,170.0,1178.0,7.0
91,2020-08-01,68751.0,745.0,9841.0,1.0,17546.0,41364.0,48.0,5930.0,849.0,1670785.0,144109.0,Belgium,Europe,35.0,11593914.0,33.0,169.0,1178.0,7.0
92,2020-08-02,69402.0,651.0,9845.0,4.0,17573.0,41984.0,56.0,5986.0,849.0,1694349.0,146140.0,Belgium,Europe,35.0,11594051.0,27.0,167.0,1178.0,7.0
