,Date,Tot cases,New cases,Tot Deaths,New Deaths,Total Recovered,Active Cases,Serious,Tot C par million,Deaths par million,Total Test,Tot T par million,Country,Continent,index,population,New Recov,col1,col2,col3
0,2020-05-02,435.0,24.0,22.0,1.0,152.0,261.0,2.0,8.0,0.4,21702.0,404.0,Kenya,Africa,,,0.0,,,
1,2020-05-03,465.0,30.0,24.0,2.0,167.0,274.0,2.0,9.0,0.4,23780.0,442.0,Kenya,Africa,,,0.0,,,
2,2020-05-04,490.0,25.0,24.0,-1.0,173.0,293.0,2.0,9.0,0.4,24784.0,461.0,Kenya,Africa,,,0.0,,,
3,2020-05-05,535.0,-1.0,24.0,-1.0,182.0,329.0,2.0,10.0,0.4,24784.0,461.0,Kenya,Africa,,,0.0,,,
4,2020-05-06,582.0,47.0,26.0,2.0,190.0,366.0,1.0,11.0,0.5,25861.0,481.0,Kenya,Africa,,,0.0,,,
5,2020-05-07,607.0,25.0,29.0,3.0,197.0,381.0,1.0,11.0,0.5,25861.0,481.0,Kenya,Africa,,,0.0,,,
6,2020-05-08,621.0,-1.0,29.0,-1.0,202.0,390.0,1.0,12.0,0.5,29430.0,547.0,Kenya,Africa,,,0.0,,,
7,2020-05-09,649.0,-1.0,30.0,-1.0,207.0,412.0,1.0,12.0,0.6,31041.0,577.0,Kenya,Africa,,,0.0,,,
8,2020-05-10,672.0,23.0,32.0,2.0,239.0,401.0,1.0,12.0,0.6,31041.0,577.0,Kenya,Africa,,,0.0,,,
9,2020-05-11,700.0,28.0,33.0,1.0,251.0,416.0,1.0,13.0,0.6,31041.0,577.0,Kenya,Africa,,,0.0,,,
10,2020-05-12,715.0,15.0,36.0,3.0,259.0,420.0,1.0,13.0,0.7,32938.0,613.0,Kenya,Africa,,,0.0,,,
11,2020-05-13,737.0,22.0,40.0,4.0,281.0,416.0,1.0,14.0,0.7,32938.0,613.0,Kenya,Africa,,,0.0,,,
12,2020-05-14,758.0,21.0,42.0,2.0,284.0,432.0,1.0,14.0,0.8,36918.0,687.0,Kenya,Africa,,,0.0,,,
13,2020-05-15,781.0,23.0,45.0,3.0,284.0,452.0,1.0,15.0,0.8,36918.0,689.0,Kenya,Africa,109.0,53608695.0,0.0,,,
14,2020-05-16,830.0,49.0,50.0,5.0,301.0,479.0,1.0,15.0,0.9,36918.0,689.0,Kenya,Africa,109.0,53611938.0,0.0,,,
15,2020-05-17,887.0,57.0,50.0,-1.0,313.0,524.0,1.0,17.0,0.9,43712.0,815.0,Kenya,Africa,107.0,53615182.0,0.0,,,
16,2020-05-18,912.0,25.0,50.0,-1.0,336.0,526.0,1.0,17.0,0.9,44851.0,836.0,Kenya,Africa,106.0,53618426.0,0.0,,,
17,2020-05-19,963.0,51.0,50.0,-1.0,358.0,555.0,1.0,18.0,0.9,46784.0,872.0,Kenya,Africa,103.0,53621669.0,0.0,,,
18,2020-05-20,1029.0,66.0,50.0,-1.0,366.0,613.0,1.0,19.0,0.9,49405.0,921.0,Kenya,Africa,101.0,53624913.0,0.0,,,
19,2020-05-21,1109.0,80.0,50.0,-1.0,366.0,693.0,1.0,21.0,0.9,52507.0,979.0,Kenya,Africa,98.0,53628156.0,0.0,,,
20,2020-05-22,1161.0,52.0,50.0,-1.0,380.0,731.0,1.0,22.0,0.9,55074.0,1027.0,Kenya,Africa,98.0,53631400.0,0.0,,,
21,2020-05-23,1192.0,31.0,50.0,-1.0,380.0,762.0,1.0,22.0,0.9,57650.0,1075.0,Kenya,Africa,98.0,53634644.0,0.0,,,
22,2020-05-24,1214.0,22.0,51.0,1.0,383.0,780.0,1.0,23.0,1.0,59260.0,1105.0,Kenya,Africa,98.0,53637887.0,0.0,,,
23,2020-05-25,1286.0,72.0,52.0,1.0,402.0,832.0,1.0,24.0,1.0,61971.0,1155.0,Kenya,Africa,98.0,53641131.0,0.0,,,
24,2020-05-26,1348.0,62.0,52.0,-1.0,405.0,891.0,1.0,25.0,1.0,64264.0,1198.0,Kenya,Africa,98.0,53644375.0,0.0,,,
25,2020-05-27,1471.0,-1.0,55.0,-1.0,408.0,1008.0,7.0,27.0,1.0,67341.0,1255.0,Kenya,Africa,97.0,53650862.0,0.0,,,
26,2020-05-28,1618.0,147.0,58.0,3.0,421.0,1139.0,7.0,30.0,1.0,70172.0,1308.0,Kenya,Africa,93.0,53650862.0,0.0,,,
27,2020-05-29,1745.0,127.0,62.0,4.0,438.0,1245.0,7.0,33.0,1.0,74003.0,1379.0,Kenya,Africa,91.0,53654106.0,0.0,,,
28,2020-05-30,1888.0,143.0,63.0,1.0,464.0,1361.0,7.0,35.0,1.0,76962.0,1434.0,Kenya,Africa,89.0,53657349.0,0.0,,,
29,2020-05-31,1962.0,74.0,64.0,1.0,478.0,1420.0,7.0,37.0,1.0,78536.0,1464.0,Kenya,Africa,89.0,53660593.0,0.0,,,
30,2020-06-01,2021.0,59.0,69.0,5.0,482.0,1470.0,7.0,38.0,1.0,80054.0,1492.0,Kenya,Africa,90.0,53663836.0,0.0,,,
31,2020-06-02,2093.0,72.0,71.0,2.0,499.0,1523.0,7.0,39.0,1.0,80054.0,1492.0,Kenya,Africa,89.0,53667080.0,17.0,25641.0,755874.0,670.0
32,2020-06-03,2216.0,123.0,74.0,3.0,553.0,1589.0,7.0,41.0,1.0,85058.0,1585.0,Kenya,Africa,89.0,53670324.0,54.0,24219.0,725275.0,631.0
33,2020-06-04,2340.0,124.0,78.0,4.0,592.0,1670.0,7.0,44.0,1.0,85058.0,1585.0,Kenya,Africa,88.0,53673567.0,39.0,22937.0,688123.0,631.0
34,2020-06-05,2474.0,134.0,79.0,1.0,643.0,1752.0,7.0,46.0,1.0,90875.0,1693.0,Kenya,Africa,88.0,53676811.0,51.0,21696.0,679453.0,591.0
35,2020-06-06,2600.0,126.0,83.0,4.0,706.0,1811.0,7.0,48.0,2.0,94507.0,1761.0,Kenya,Africa,88.0,53680055.0,63.0,20646.0,646748.0,568.0
36,2020-06-07,2767.0,167.0,84.0,1.0,752.0,1931.0,7.0,52.0,2.0,97340.0,1813.0,Kenya,Africa,86.0,53683298.0,46.0,19401.0,639087.0,552.0
37,2020-06-08,2872.0,105.0,85.0,1.0,849.0,1938.0,7.0,53.0,2.0,98439.0,1834.0,Kenya,Africa,86.0,53686542.0,97.0,18693.0,631606.0,545.0
38,2020-06-09,2989.0,127.0,88.0,3.0,873.0,2028.0,7.0,56.0,2.0,100683.0,1875.0,Kenya,Africa,86.0,53689786.0,24.0,17962.0,610111.0,533.0
39,2020-06-10,3094.0,105.0,89.0,1.0,1048.0,1957.0,7.0,58.0,2.0,102956.0,1917.0,Kenya,Africa,85.0,53693029.0,175.0,17354.0,603292.0,522.0
40,2020-06-11,3215.0,121.0,92.0,3.0,1092.0,2031.0,7.0,60.0,2.0,106247.0,1979.0,Kenya,Africa,84.0,53696273.0,44.0,16702.0,583655.0,505.0
41,2020-06-12,3305.0,90.0,96.0,4.0,1164.0,2045.0,7.0,62.0,2.0,108666.0,2024.0,Kenya,Africa,84.0,53699517.0,72.0,16248.0,559370.0,494.0
42,2020-06-13,3457.0,152.0,100.0,4.0,1221.0,2136.0,7.0,64.0,2.0,112171.0,2089.0,Kenya,Africa,84.0,53702760.0,57.0,15534.0,537028.0,479.0
43,2020-06-14,3594.0,137.0,103.0,3.0,1253.0,2238.0,7.0,67.0,2.0,112171.0,2089.0,Kenya,Africa,83.0,53706004.0,32.0,14943.0,521418.0,479.0
44,2020-06-15,3727.0,133.0,104.0,1.0,1286.0,2337.0,7.0,69.0,2.0,118701.0,2210.0,Kenya,Africa,83.0,53709247.0,33.0,14411.0,516435.0,452.0
45,2020-06-16,3860.0,133.0,105.0,1.0,1328.0,2427.0,7.0,72.0,2.0,121956.0,2271.0,Kenya,Africa,84.0,53712491.0,42.0,13915.0,511548.0,440.0
46,2020-06-17,4044.0,184.0,107.0,2.0,1353.0,2584.0,7.0,75.0,2.0,121956.0,2270.0,Kenya,Africa,84.0,53715735.0,25.0,13283.0,502016.0,440.0
47,2020-06-18,4257.0,213.0,117.0,10.0,1459.0,2681.0,7.0,79.0,2.0,130498.0,2429.0,Kenya,Africa,80.0,53718978.0,106.0,12619.0,459137.0,412.0
48,2020-06-19,4374.0,117.0,119.0,2.0,1550.0,2705.0,7.0,81.0,2.0,130498.0,2429.0,Kenya,Africa,80.0,53722222.0,91.0,12282.0,451447.0,412.0
49,2020-06-20,4478.0,104.0,121.0,2.0,1586.0,2771.0,7.0,83.0,2.0,130498.0,2429.0,Kenya,Africa,80.0,53728709.0,36.0,11998.0,444039.0,412.0
50,2020-06-21,4738.0,260.0,123.0,2.0,1607.0,3008.0,7.0,88.0,2.0,140012.0,2606.0,Kenya,Africa,79.0,53728709.0,21.0,11340.0,436819.0,384.0
51,2020-06-22,4797.0,59.0,125.0,2.0,1680.0,2992.0,7.0,89.0,2.0,142366.0,2650.0,Kenya,Africa,80.0,53731953.0,73.0,11201.0,429856.0,377.0
52,2020-06-23,4952.0,155.0,128.0,3.0,1782.0,3042.0,7.0,92.0,2.0,146537.0,2727.0,Kenya,Africa,80.0,53735197.0,102.0,10851.0,419806.0,367.0
53,2020-06-24,5206.0,254.0,130.0,2.0,1823.0,3253.0,7.0,97.0,2.0,151396.0,2817.0,Kenya,Africa,78.0,53738440.0,41.0,10322.0,413373.0,355.0
54,2020-06-25,5384.0,178.0,132.0,2.0,1857.0,3395.0,7.0,100.0,2.0,155314.0,2890.0,Kenya,Africa,78.0,53741684.0,34.0,9982.0,407134.0,346.0
55,2020-06-26,5533.0,149.0,137.0,5.0,1905.0,3491.0,7.0,103.0,3.0,158404.0,2947.0,Kenya,Africa,78.0,53744928.0,48.0,9714.0,392299.0,339.0
56,2020-06-27,5811.0,278.0,141.0,4.0,1936.0,3734.0,18.0,108.0,3.0,162478.0,3023.0,Kenya,Africa,76.0,53748171.0,31.0,9249.0,381193.0,331.0
57,2020-06-28,6070.0,259.0,143.0,2.0,1971.0,3956.0,18.0,113.0,3.0,165196.0,3073.0,Kenya,Africa,76.0,53751415.0,35.0,8855.0,375884.0,325.0
58,2020-06-29,6190.0,120.0,144.0,1.0,2013.0,4033.0,18.0,115.0,3.0,167417.0,3114.0,Kenya,Africa,76.0,53754658.0,42.0,8684.0,373296.0,321.0
59,2020-06-30,6366.0,176.0,148.0,4.0,2039.0,4179.0,18.0,118.0,3.0,169836.0,3159.0,Kenya,Africa,76.0,53757902.0,26.0,8445.0,363229.0,317.0
60,2020-07-01,6673.0,307.0,149.0,1.0,2089.0,4435.0,18.0,124.0,3.0,173355.0,3225.0,Kenya,Africa,76.0,53761146.0,50.0,8057.0,360813.0,310.0
61,2020-07-02,6941.0,268.0,152.0,3.0,2109.0,4680.0,18.0,129.0,3.0,176059.0,3275.0,Kenya,Africa,76.0,53764389.0,20.0,7746.0,353713.0,305.0
62,2020-07-03,7188.0,247.0,154.0,2.0,2148.0,4886.0,29.0,134.0,3.0,176059.0,3274.0,Kenya,Africa,75.0,53767633.0,39.0,7480.0,349140.0,305.0
63,2020-07-04,7577.0,389.0,159.0,5.0,2236.0,5182.0,29.0,141.0,3.0,185035.0,3441.0,Kenya,Africa,72.0,53770877.0,88.0,7097.0,338182.0,291.0
64,2020-07-05,7886.0,309.0,160.0,1.0,2287.0,5439.0,29.0,147.0,3.0,189263.0,3520.0,Kenya,Africa,72.0,53774120.0,51.0,6819.0,336088.0,284.0
65,2020-07-06,8067.0,181.0,164.0,4.0,2414.0,5489.0,29.0,150.0,3.0,191394.0,3559.0,Kenya,Africa,72.0,53777364.0,127.0,6666.0,327911.0,281.0
66,2020-07-07,8250.0,183.0,167.0,3.0,2504.0,5579.0,29.0,153.0,3.0,193455.0,3597.0,Kenya,Africa,73.0,53780608.0,90.0,6519.0,322040.0,278.0
67,2020-07-08,8528.0,278.0,169.0,2.0,2593.0,5766.0,29.0,159.0,3.0,196508.0,3654.0,Kenya,Africa,73.0,53783851.0,89.0,6307.0,318248.0,274.0
68,2020-07-09,8975.0,447.0,173.0,4.0,2657.0,6145.0,29.0,167.0,3.0,200311.0,3724.0,Kenya,Africa,70.0,53787095.0,64.0,5993.0,310908.0,269.0
69,2020-07-10,9448.0,473.0,181.0,8.0,2733.0,6534.0,29.0,176.0,3.0,206584.0,3841.0,Kenya,Africa,69.0,53790339.0,76.0,5693.0,297184.0,260.0
70,2020-07-11,9726.0,278.0,184.0,3.0,2832.0,6710.0,44.0,181.0,3.0,207987.0,3866.0,Kenya,Africa,70.0,53793582.0,99.0,5531.0,292356.0,259.0
71,2020-07-12,10105.0,379.0,185.0,1.0,2881.0,7039.0,44.0,188.0,3.0,215037.0,3997.0,Kenya,Africa,70.0,53800069.0,49.0,5324.0,290811.0,250.0
72,2020-07-13,10294.0,189.0,197.0,12.0,2946.0,7151.0,44.0,191.0,4.0,216242.0,4019.0,Kenya,Africa,70.0,53800069.0,65.0,5226.0,273097.0,249.0
73,2020-07-14,10791.0,497.0,202.0,5.0,3017.0,7572.0,44.0,201.0,4.0,221234.0,4112.0,Kenya,Africa,69.0,53803313.0,71.0,4986.0,266353.0,243.0
74,2020-07-15,11252.0,461.0,209.0,7.0,3068.0,7975.0,44.0,209.0,4.0,225495.0,4191.0,Kenya,Africa,69.0,53806557.0,51.0,4782.0,257448.0,239.0
75,2020-07-16,11673.0,421.0,217.0,8.0,3638.0,7818.0,44.0,217.0,4.0,229390.0,4263.0,Kenya,Africa,69.0,53809800.0,570.0,4610.0,247971.0,235.0
76,2020-07-17,12062.0,389.0,222.0,5.0,3983.0,7857.0,44.0,224.0,4.0,229390.0,4263.0,Kenya,Africa,69.0,53813044.0,345.0,4461.0,242401.0,235.0
77,2020-07-18,12750.0,688.0,225.0,3.0,4440.0,8085.0,44.0,237.0,4.0,238163.0,4425.0,Kenya,Africa,69.0,53816288.0,457.0,4221.0,239184.0,226.0
78,2020-07-19,13353.0,603.0,234.0,9.0,5122.0,7997.0,44.0,248.0,4.0,243887.0,4532.0,Kenya,Africa,68.0,53819531.0,682.0,4031.0,229998.0,221.0
