,Date,Tot cases,New cases,Tot Deaths,New Deaths,Total Recovered,Active Cases,Serious,Tot C par million,Deaths par million,Total Test,Tot T par million,Country,Continent,index,population,New Recov,col1,col2,col3
0,2020-05-02,789.0,7.0,31.0,-1.0,519.0,239.0,4.0,274.0,11.0,8669.0,3012.0,Albania,Europe,,,0.0,,,
1,2020-05-03,795.0,6.0,31.0,-1.0,531.0,233.0,7.0,276.0,11.0,8866.0,3081.0,Albania,Europe,,,0.0,,,
2,2020-05-04,803.0,8.0,31.0,-1.0,543.0,229.0,7.0,279.0,11.0,9006.0,3129.0,Albania,Europe,,,0.0,,,
3,2020-05-05,820.0,-1.0,31.0,-1.0,570.0,219.0,7.0,285.0,11.0,9276.0,3223.0,Albania,Europe,,,0.0,,,
4,2020-05-06,832.0,12.0,31.0,-1.0,595.0,206.0,7.0,289.0,11.0,9531.0,3312.0,Albania,Europe,,,0.0,,,
5,2020-05-07,842.0,10.0,31.0,-1.0,605.0,206.0,7.0,293.0,11.0,9806.0,3407.0,Albania,Europe,,,0.0,,,
6,2020-05-08,850.0,-1.0,31.0,-1.0,620.0,199.0,7.0,295.0,11.0,10044.0,3490.0,Albania,Europe,,,0.0,,,
7,2020-05-09,856.0,-1.0,31.0,-1.0,627.0,198.0,7.0,297.0,11.0,10268.0,3568.0,Albania,Europe,,,0.0,,,
8,2020-05-10,868.0,12.0,31.0,-1.0,650.0,187.0,7.0,302.0,11.0,10438.0,3627.0,Albania,Europe,,,0.0,,,
9,2020-05-11,872.0,4.0,31.0,-1.0,654.0,187.0,7.0,303.0,11.0,10559.0,3669.0,Albania,Europe,,,0.0,,,
10,2020-05-12,876.0,4.0,31.0,-1.0,682.0,163.0,1.0,304.0,11.0,10802.0,3754.0,Albania,Europe,,,0.0,,,
11,2020-05-13,880.0,4.0,31.0,-1.0,688.0,161.0,1.0,306.0,11.0,11048.0,3839.0,Albania,Europe,,,0.0,,,
12,2020-05-14,898.0,18.0,31.0,-1.0,694.0,173.0,1.0,312.0,11.0,11239.0,3905.0,Albania,Europe,,,0.0,,,
13,2020-05-15,916.0,18.0,31.0,-1.0,705.0,180.0,1.0,318.0,11.0,11458.0,3981.0,Albania,Europe,102.0,2878189.0,0.0,,,
14,2020-05-16,933.0,17.0,31.0,-1.0,714.0,188.0,1.0,324.0,11.0,11764.0,4087.0,Albania,Europe,102.0,2878180.0,0.0,,,
15,2020-05-17,946.0,13.0,31.0,-1.0,715.0,200.0,1.0,329.0,11.0,12024.0,4178.0,Albania,Europe,103.0,2878172.0,0.0,,,
16,2020-05-18,948.0,2.0,31.0,-1.0,727.0,190.0,1.0,329.0,11.0,12192.0,4236.0,Albania,Europe,103.0,2878163.0,0.0,,,
17,2020-05-19,949.0,1.0,31.0,-1.0,742.0,176.0,1.0,330.0,11.0,12369.0,4298.0,Albania,Europe,105.0,2878155.0,0.0,,,
18,2020-05-20,964.0,15.0,31.0,-1.0,758.0,175.0,1.0,335.0,11.0,12555.0,4362.0,Albania,Europe,104.0,2878146.0,0.0,,,
19,2020-05-21,969.0,5.0,31.0,-1.0,771.0,167.0,3.0,337.0,11.0,12759.0,4433.0,Albania,Europe,105.0,2878137.0,0.0,,,
20,2020-05-22,981.0,12.0,31.0,-1.0,777.0,173.0,3.0,341.0,11.0,12933.0,4494.0,Albania,Europe,105.0,2878129.0,0.0,,,
21,2020-05-23,989.0,8.0,31.0,-1.0,783.0,175.0,5.0,344.0,11.0,13133.0,4563.0,Albania,Europe,106.0,2878120.0,0.0,,,
22,2020-05-24,998.0,9.0,32.0,1.0,789.0,177.0,5.0,347.0,11.0,13279.0,4614.0,Albania,Europe,107.0,2878112.0,0.0,,,
23,2020-05-25,1004.0,6.0,32.0,-1.0,795.0,177.0,4.0,349.0,11.0,13333.0,4633.0,Albania,Europe,108.0,2878103.0,0.0,,,
24,2020-05-26,1029.0,25.0,33.0,1.0,803.0,193.0,3.0,358.0,11.0,13506.0,4693.0,Albania,Europe,109.0,2878095.0,0.0,,,
25,2020-05-27,1050.0,-1.0,33.0,-1.0,812.0,205.0,3.0,365.0,11.0,13768.0,4784.0,Albania,Europe,109.0,2878078.0,0.0,,,
26,2020-05-28,1076.0,26.0,33.0,-1.0,823.0,220.0,3.0,374.0,11.0,13993.0,4862.0,Albania,Europe,105.0,2878078.0,0.0,,,
27,2020-05-29,1099.0,23.0,33.0,-1.0,851.0,215.0,5.0,382.0,11.0,14269.0,4958.0,Albania,Europe,107.0,2878069.0,0.0,,,
28,2020-05-30,1122.0,23.0,33.0,-1.0,857.0,232.0,5.0,390.0,11.0,14498.0,5037.0,Albania,Europe,107.0,2878060.0,0.0,,,
29,2020-05-31,1137.0,15.0,33.0,-1.0,872.0,232.0,4.0,395.0,11.0,14723.0,5116.0,Albania,Europe,108.0,2878052.0,0.0,,,
30,2020-06-01,1143.0,6.0,33.0,-1.0,877.0,233.0,3.0,397.0,11.0,14825.0,5151.0,Albania,Europe,108.0,2878043.0,0.0,,,
31,2020-06-02,1164.0,21.0,33.0,-1.0,891.0,240.0,3.0,404.0,11.0,15068.0,5236.0,Albania,Europe,108.0,2878035.0,14.0,2473.0,87213.0,191.0
32,2020-06-03,1184.0,20.0,33.0,-1.0,898.0,253.0,4.0,411.0,11.0,15365.0,5339.0,Albania,Europe,108.0,2878026.0,7.0,2431.0,87213.0,187.0
33,2020-06-04,1197.0,13.0,33.0,-1.0,898.0,266.0,5.0,416.0,11.0,15647.0,5437.0,Albania,Europe,109.0,2878018.0,-1.0,2404.0,87213.0,184.0
34,2020-06-05,1212.0,15.0,33.0,-1.0,910.0,269.0,5.0,421.0,11.0,15810.0,5493.0,Albania,Europe,110.0,2878009.0,12.0,2375.0,87212.0,182.0
35,2020-06-06,1232.0,20.0,34.0,1.0,925.0,273.0,5.0,428.0,12.0,16063.0,5581.0,Albania,Europe,110.0,2878001.0,15.0,2336.0,84647.0,179.0
36,2020-06-07,1246.0,14.0,34.0,-1.0,938.0,274.0,5.0,433.0,12.0,16255.0,5648.0,Albania,Europe,111.0,2877992.0,13.0,2310.0,84647.0,177.0
37,2020-06-08,1263.0,17.0,34.0,-1.0,945.0,284.0,6.0,439.0,12.0,16357.0,5683.0,Albania,Europe,111.0,2877983.0,7.0,2279.0,84647.0,176.0
38,2020-06-09,1299.0,36.0,34.0,-1.0,960.0,305.0,6.0,451.0,12.0,16716.0,5808.0,Albania,Europe,112.0,2877975.0,15.0,2216.0,84646.0,172.0
39,2020-06-10,1341.0,42.0,34.0,-1.0,980.0,327.0,6.0,466.0,12.0,17027.0,5916.0,Albania,Europe,111.0,2877966.0,20.0,2146.0,84646.0,169.0
40,2020-06-11,1385.0,44.0,35.0,1.0,1001.0,349.0,8.0,481.0,12.0,17318.0,6017.0,Albania,Europe,112.0,2877958.0,21.0,2078.0,82227.0,166.0
41,2020-06-12,1416.0,31.0,36.0,1.0,1034.0,346.0,8.0,492.0,13.0,17618.0,6122.0,Albania,Europe,112.0,2877949.0,33.0,2032.0,79943.0,163.0
42,2020-06-13,1464.0,48.0,36.0,-1.0,1039.0,389.0,7.0,509.0,13.0,17888.0,6216.0,Albania,Europe,110.0,2877941.0,5.0,1966.0,79943.0,161.0
43,2020-06-14,1521.0,57.0,36.0,-1.0,1044.0,441.0,7.0,529.0,13.0,18250.0,6341.0,Albania,Europe,107.0,2877932.0,5.0,1892.0,79943.0,158.0
44,2020-06-15,1590.0,69.0,36.0,-1.0,1055.0,499.0,7.0,552.0,13.0,18569.0,6452.0,Albania,Europe,106.0,2877924.0,11.0,1810.0,79942.0,155.0
45,2020-06-16,1672.0,82.0,37.0,1.0,1064.0,571.0,8.0,581.0,13.0,18933.0,6579.0,Albania,Europe,107.0,2877915.0,9.0,1721.0,77781.0,152.0
46,2020-06-17,1722.0,50.0,38.0,1.0,1077.0,607.0,9.0,598.0,13.0,19266.0,6694.0,Albania,Europe,107.0,2877906.0,13.0,1671.0,75734.0,149.0
47,2020-06-18,1788.0,66.0,39.0,1.0,1086.0,663.0,9.0,621.0,14.0,19546.0,6792.0,Albania,Europe,106.0,2877898.0,9.0,1610.0,73792.0,147.0
48,2020-06-19,1838.0,50.0,42.0,3.0,1114.0,682.0,8.0,639.0,15.0,19876.0,6906.0,Albania,Europe,105.0,2877889.0,28.0,1566.0,68521.0,145.0
49,2020-06-20,1891.0,53.0,43.0,1.0,1126.0,722.0,7.0,657.0,15.0,20196.0,7018.0,Albania,Europe,104.0,2877872.0,12.0,1522.0,66927.0,142.0
50,2020-06-21,1962.0,71.0,44.0,1.0,1134.0,784.0,10.0,682.0,15.0,20523.0,7131.0,Albania,Europe,102.0,2877872.0,8.0,1467.0,65406.0,140.0
51,2020-06-22,1995.0,33.0,44.0,-1.0,1159.0,792.0,10.0,693.0,15.0,20762.0,7214.0,Albania,Europe,101.0,2877864.0,25.0,1443.0,65406.0,139.0
52,2020-06-23,2047.0,52.0,45.0,1.0,1195.0,807.0,11.0,711.0,16.0,21090.0,7328.0,Albania,Europe,102.0,2877855.0,36.0,1406.0,63952.0,136.0
53,2020-06-24,2114.0,67.0,47.0,2.0,1217.0,850.0,11.0,735.0,16.0,21437.0,7449.0,Albania,Europe,102.0,2877847.0,22.0,1361.0,61231.0,134.0
54,2020-06-25,2192.0,78.0,49.0,2.0,1250.0,893.0,14.0,762.0,17.0,21781.0,7569.0,Albania,Europe,101.0,2877838.0,33.0,1313.0,58731.0,132.0
55,2020-06-26,2269.0,77.0,51.0,2.0,1298.0,920.0,15.0,788.0,18.0,22183.0,7708.0,Albania,Europe,101.0,2877830.0,48.0,1268.0,56428.0,130.0
56,2020-06-27,2330.0,61.0,53.0,2.0,1346.0,931.0,12.0,810.0,18.0,22538.0,7832.0,Albania,Europe,100.0,2877821.0,48.0,1235.0,54299.0,128.0
57,2020-06-28,2402.0,72.0,55.0,2.0,1384.0,963.0,15.0,835.0,19.0,22912.0,7962.0,Albania,Europe,99.0,2877812.0,38.0,1198.0,52324.0,126.0
58,2020-06-29,2466.0,64.0,58.0,3.0,1438.0,970.0,15.0,857.0,20.0,23283.0,8091.0,Albania,Europe,99.0,2877804.0,54.0,1167.0,49617.0,124.0
59,2020-06-30,2535.0,69.0,62.0,4.0,1459.0,1014.0,11.0,881.0,22.0,23654.0,8219.0,Albania,Europe,99.0,2877795.0,21.0,1135.0,46416.0,122.0
60,2020-07-01,2580.0,45.0,65.0,3.0,1516.0,999.0,7.0,897.0,23.0,23869.0,8294.0,Albania,Europe,100.0,2877787.0,57.0,1115.0,44274.0,121.0
61,2020-07-02,2662.0,82.0,69.0,4.0,1559.0,1034.0,10.0,925.0,24.0,24237.0,8422.0,Albania,Europe,99.0,2877778.0,43.0,1081.0,41707.0,119.0
62,2020-07-03,2752.0,90.0,72.0,3.0,1592.0,1088.0,8.0,956.0,25.0,24601.0,8549.0,Albania,Europe,100.0,2877770.0,33.0,1046.0,39969.0,117.0
63,2020-07-04,2819.0,67.0,74.0,2.0,1637.0,1108.0,8.0,980.0,26.0,24601.0,8549.0,Albania,Europe,100.0,2877761.0,45.0,1021.0,38889.0,117.0
64,2020-07-05,2893.0,74.0,76.0,2.0,1657.0,1160.0,8.0,1005.0,26.0,24601.0,8549.0,Albania,Europe,101.0,2877753.0,20.0,995.0,37865.0,117.0
65,2020-07-06,2964.0,71.0,79.0,3.0,1702.0,1183.0,8.0,1030.0,27.0,25730.0,8941.0,Albania,Europe,101.0,2877744.0,45.0,971.0,36427.0,112.0
66,2020-07-07,3038.0,74.0,81.0,2.0,1744.0,1213.0,7.0,1056.0,28.0,26239.0,9118.0,Albania,Europe,100.0,2877735.0,42.0,947.0,35528.0,110.0
67,2020-07-08,3106.0,68.0,83.0,2.0,1791.0,1232.0,10.0,1079.0,29.0,26637.0,9256.0,Albania,Europe,99.0,2877727.0,47.0,927.0,34671.0,108.0
68,2020-07-09,3188.0,82.0,83.0,-1.0,1832.0,1273.0,11.0,1108.0,29.0,27038.0,9396.0,Albania,Europe,99.0,2877718.0,41.0,903.0,34671.0,106.0
69,2020-07-10,3278.0,90.0,85.0,2.0,1875.0,1318.0,11.0,1139.0,30.0,27458.0,9542.0,Albania,Europe,98.0,2877710.0,43.0,878.0,33855.0,105.0
70,2020-07-11,3371.0,93.0,89.0,4.0,1881.0,1401.0,8.0,1171.0,31.0,27878.0,9688.0,Albania,Europe,98.0,2877701.0,6.0,854.0,32334.0,103.0
71,2020-07-12,3454.0,83.0,93.0,4.0,1946.0,1415.0,8.0,1200.0,32.0,28298.0,9834.0,Albania,Europe,98.0,2877684.0,65.0,833.0,30943.0,102.0
72,2020-07-13,3571.0,117.0,95.0,2.0,2014.0,1462.0,10.0,1241.0,33.0,28883.0,10037.0,Albania,Europe,98.0,2877684.0,68.0,806.0,30291.0,100.0
73,2020-07-14,3667.0,96.0,97.0,2.0,2062.0,1508.0,10.0,1274.0,34.0,29334.0,10194.0,Albania,Europe,98.0,2877676.0,48.0,785.0,29667.0,98.0
74,2020-07-15,3752.0,85.0,101.0,4.0,2091.0,1560.0,10.0,1304.0,35.0,29695.0,10319.0,Albania,Europe,98.0,2877667.0,29.0,767.0,28492.0,97.0
75,2020-07-16,3851.0,99.0,104.0,3.0,2137.0,1610.0,11.0,1338.0,36.0,30120.0,10467.0,Albania,Europe,98.0,2877658.0,46.0,747.0,27670.0,96.0
76,2020-07-17,3906.0,55.0,107.0,3.0,2214.0,1585.0,9.0,1357.0,37.0,30551.0,10617.0,Albania,Europe,98.0,2877650.0,77.0,737.0,26894.0,94.0
77,2020-07-18,4008.0,102.0,111.0,4.0,2264.0,1633.0,14.0,1393.0,39.0,31052.0,10791.0,Albania,Europe,97.0,2877641.0,50.0,718.0,25925.0,93.0
78,2020-07-19,4090.0,82.0,112.0,1.0,2311.0,1667.0,17.0,1421.0,39.0,31383.0,10906.0,Albania,Europe,97.0,2877633.0,47.0,704.0,25693.0,92.0
