,Date,Tot cases,New cases,Tot Deaths,New Deaths,Total Recovered,Active Cases,Serious,Tot C par million,Deaths par million,Total Test,Tot T par million,Country,Continent,index,population,New Recov,col1,col2,col3
0,2020-05-02,8928.0,156.0,603.0,24.0,1124.0,7201.0,31.0,81.0,6.0,115012.0,1050.0,Philippines,Asia,,,0.0,,,
1,2020-05-03,9223.0,295.0,607.0,4.0,1214.0,7402.0,31.0,84.0,6.0,120736.0,1102.0,Philippines,Asia,,,0.0,,,
2,2020-05-04,9485.0,262.0,623.0,16.0,1315.0,7547.0,31.0,87.0,6.0,126164.0,1151.0,Philippines,Asia,,,0.0,,,
3,2020-05-05,9684.0,-1.0,637.0,-1.0,1408.0,7639.0,31.0,88.0,6.0,130889.0,1194.0,Philippines,Asia,,,0.0,,,
4,2020-05-06,10004.0,320.0,658.0,21.0,1506.0,7840.0,31.0,91.0,6.0,140134.0,1279.0,Philippines,Asia,,,0.0,,,
5,2020-05-07,10343.0,339.0,685.0,27.0,1618.0,8040.0,31.0,94.0,6.0,144583.0,1319.0,Philippines,Asia,,,0.0,,,
6,2020-05-08,10463.0,-1.0,696.0,-1.0,1734.0,8033.0,31.0,95.0,6.0,151080.0,1379.0,Philippines,Asia,,,0.0,,,
7,2020-05-09,10610.0,-1.0,704.0,-1.0,1842.0,8064.0,31.0,97.0,6.0,157730.0,1439.0,Philippines,Asia,,,0.0,,,
8,2020-05-10,10794.0,184.0,719.0,15.0,1924.0,8151.0,31.0,99.0,7.0,163177.0,1489.0,Philippines,Asia,,,0.0,,,
9,2020-05-11,11086.0,292.0,726.0,7.0,1999.0,8361.0,31.0,101.0,7.0,173144.0,1580.0,Philippines,Asia,,,0.0,,,
10,2020-05-12,11350.0,264.0,751.0,25.0,2106.0,8493.0,31.0,104.0,7.0,181668.0,1658.0,Philippines,Asia,,,0.0,,,
11,2020-05-13,11618.0,268.0,772.0,21.0,2251.0,8595.0,77.0,106.0,7.0,188649.0,1722.0,Philippines,Asia,,,0.0,,,
12,2020-05-14,11876.0,258.0,790.0,18.0,2337.0,8749.0,77.0,108.0,7.0,189469.0,1729.0,Philippines,Asia,,,0.0,,,
13,2020-05-15,12091.0,215.0,806.0,16.0,2460.0,8825.0,77.0,111.0,7.0,191963.0,1755.0,Philippines,Asia,40.0,109387948.0,0.0,,,
14,2020-05-16,12305.0,214.0,817.0,11.0,2561.0,8927.0,79.0,112.0,7.0,215060.0,1966.0,Philippines,Asia,40.0,109391934.0,0.0,,,
15,2020-05-17,12513.0,208.0,824.0,7.0,2635.0,9054.0,79.0,114.0,8.0,215060.0,1966.0,Philippines,Asia,40.0,109395919.0,0.0,,,
16,2020-05-18,12718.0,205.0,831.0,7.0,2729.0,9158.0,81.0,116.0,8.0,244800.0,2238.0,Philippines,Asia,42.0,109399904.0,0.0,,,
17,2020-05-19,12942.0,224.0,837.0,6.0,2843.0,9262.0,81.0,118.0,8.0,244800.0,2238.0,Philippines,Asia,42.0,109403890.0,0.0,,,
18,2020-05-20,13221.0,279.0,842.0,5.0,2932.0,9447.0,81.0,121.0,8.0,244800.0,2237.0,Philippines,Asia,42.0,109407875.0,0.0,,,
19,2020-05-21,13434.0,213.0,846.0,4.0,3000.0,9588.0,81.0,123.0,8.0,267417.0,2444.0,Philippines,Asia,42.0,109411860.0,0.0,,,
20,2020-05-22,13597.0,163.0,857.0,11.0,3092.0,9648.0,81.0,124.0,8.0,278041.0,2541.0,Philippines,Asia,42.0,109415846.0,0.0,,,
21,2020-05-23,13777.0,180.0,863.0,6.0,3177.0,9737.0,81.0,126.0,8.0,287294.0,2626.0,Philippines,Asia,42.0,109419831.0,0.0,,,
22,2020-05-24,14035.0,258.0,868.0,5.0,3249.0,9918.0,81.0,128.0,8.0,295593.0,2701.0,Philippines,Asia,42.0,109423817.0,0.0,,,
23,2020-05-25,14319.0,284.0,873.0,5.0,3323.0,10123.0,81.0,131.0,8.0,301677.0,2757.0,Philippines,Asia,42.0,109427802.0,0.0,,,
24,2020-05-26,14669.0,350.0,886.0,13.0,3412.0,10371.0,81.0,134.0,8.0,307434.0,2809.0,Philippines,Asia,42.0,109431787.0,0.0,,,
25,2020-05-27,15049.0,-1.0,904.0,-1.0,3506.0,10639.0,81.0,138.0,8.0,315363.0,2882.0,Philippines,Asia,42.0,109439758.0,0.0,,,
26,2020-05-28,15588.0,539.0,921.0,17.0,3598.0,11069.0,81.0,142.0,8.0,323819.0,2959.0,Philippines,Asia,42.0,109439758.0,0.0,,,
27,2020-05-29,16634.0,1046.0,942.0,21.0,3720.0,11972.0,81.0,152.0,9.0,332689.0,3040.0,Philippines,Asia,41.0,109443743.0,0.0,,,
28,2020-05-30,17224.0,590.0,950.0,8.0,3808.0,12466.0,56.0,157.0,9.0,340954.0,3115.0,Philippines,Asia,38.0,109447729.0,0.0,,,
29,2020-05-31,18086.0,862.0,957.0,7.0,3909.0,13220.0,73.0,165.0,9.0,347592.0,3176.0,Philippines,Asia,38.0,109451714.0,0.0,,,
30,2020-06-01,18638.0,552.0,960.0,3.0,3979.0,13699.0,73.0,170.0,9.0,358676.0,3277.0,Philippines,Asia,38.0,109455699.0,0.0,,,
31,2020-06-02,18997.0,359.0,966.0,6.0,4063.0,13968.0,78.0,174.0,9.0,366269.0,3346.0,Philippines,Asia,38.0,109459685.0,84.0,5762.0,113312.0,299.0
32,2020-06-03,19748.0,751.0,974.0,8.0,4153.0,14621.0,78.0,180.0,9.0,376800.0,3442.0,Philippines,Asia,37.0,109463670.0,90.0,5543.0,112386.0,291.0
33,2020-06-04,20382.0,634.0,984.0,10.0,4248.0,15150.0,82.0,186.0,9.0,389190.0,3555.0,Philippines,Asia,37.0,109467656.0,95.0,5371.0,111248.0,281.0
34,2020-06-05,20626.0,244.0,987.0,3.0,4330.0,15309.0,82.0,188.0,9.0,398914.0,3644.0,Philippines,Asia,37.0,109471641.0,82.0,5307.0,110914.0,274.0
35,2020-06-06,21340.0,714.0,994.0,7.0,4441.0,15905.0,82.0,195.0,9.0,420114.0,3838.0,Philippines,Asia,37.0,109475626.0,111.0,5130.0,110136.0,261.0
36,2020-06-07,21895.0,555.0,1003.0,9.0,4530.0,16362.0,82.0,200.0,9.0,429332.0,3922.0,Philippines,Asia,38.0,109479612.0,89.0,5000.0,109152.0,255.0
37,2020-06-08,22474.0,579.0,1011.0,8.0,4637.0,16826.0,82.0,205.0,9.0,441396.0,4032.0,Philippines,Asia,38.0,109483597.0,107.0,4872.0,108292.0,248.0
38,2020-06-09,22992.0,518.0,1017.0,6.0,4736.0,17239.0,82.0,210.0,9.0,451625.0,4125.0,Philippines,Asia,38.0,109487582.0,99.0,4762.0,107657.0,242.0
39,2020-06-10,23732.0,740.0,1027.0,10.0,4895.0,17810.0,82.0,217.0,9.0,461962.0,4219.0,Philippines,Asia,38.0,109491568.0,159.0,4614.0,106613.0,237.0
40,2020-06-11,24175.0,443.0,1036.0,9.0,5165.0,17974.0,82.0,221.0,9.0,463025.0,4229.0,Philippines,Asia,38.0,109495553.0,270.0,4529.0,105691.0,236.0
41,2020-06-12,24787.0,612.0,1052.0,16.0,5454.0,18281.0,82.0,226.0,10.0,483544.0,4416.0,Philippines,Asia,38.0,109499539.0,289.0,4418.0,104087.0,226.0
42,2020-06-13,25392.0,605.0,1074.0,22.0,5706.0,18612.0,82.0,232.0,10.0,495449.0,4525.0,Philippines,Asia,37.0,109503524.0,252.0,4313.0,101959.0,221.0
43,2020-06-14,25930.0,538.0,1088.0,14.0,5954.0,18888.0,82.0,237.0,10.0,506626.0,4626.0,Philippines,Asia,37.0,109507509.0,248.0,4223.0,100650.0,216.0
44,2020-06-15,26420.0,490.0,1098.0,10.0,6252.0,19070.0,417.0,241.0,10.0,507767.0,4637.0,Philippines,Asia,37.0,109511495.0,298.0,4145.0,99737.0,216.0
45,2020-06-16,26781.0,361.0,1103.0,5.0,6552.0,19126.0,417.0,245.0,10.0,516590.0,4717.0,Philippines,Asia,37.0,109515480.0,300.0,4089.0,99289.0,212.0
46,2020-06-17,27238.0,457.0,1108.0,5.0,6820.0,19310.0,417.0,249.0,10.0,536845.0,4902.0,Philippines,Asia,37.0,109519465.0,268.0,4021.0,98844.0,204.0
47,2020-06-18,27799.0,561.0,1116.0,8.0,7090.0,19593.0,417.0,254.0,10.0,536845.0,4902.0,Philippines,Asia,37.0,109523451.0,270.0,3940.0,98139.0,204.0
48,2020-06-19,28459.0,660.0,1130.0,14.0,7378.0,19951.0,417.0,260.0,10.0,553197.0,5051.0,Philippines,Asia,37.0,109527436.0,288.0,3849.0,96927.0,198.0
49,2020-06-20,29400.0,941.0,1150.0,20.0,7650.0,20600.0,82.0,268.0,10.0,580346.0,5298.0,Philippines,Asia,37.0,109535407.0,272.0,3726.0,95248.0,189.0
50,2020-06-21,30052.0,652.0,1169.0,19.0,7893.0,20990.0,82.0,274.0,11.0,580449.0,5299.0,Philippines,Asia,38.0,109535407.0,243.0,3645.0,93700.0,189.0
51,2020-06-22,30682.0,630.0,1177.0,8.0,8143.0,21362.0,82.0,280.0,11.0,606031.0,5533.0,Philippines,Asia,39.0,109539392.0,250.0,3570.0,93067.0,181.0
52,2020-06-23,31825.0,1143.0,1186.0,9.0,8442.0,22197.0,82.0,291.0,11.0,617087.0,5633.0,Philippines,Asia,38.0,109543378.0,299.0,3442.0,92364.0,178.0
53,2020-06-24,32295.0,470.0,1204.0,18.0,8656.0,22435.0,82.0,295.0,11.0,631063.0,5761.0,Philippines,Asia,38.0,109547363.0,214.0,3392.0,90986.0,174.0
54,2020-06-25,33069.0,774.0,1212.0,8.0,8910.0,22947.0,82.0,302.0,11.0,645107.0,5889.0,Philippines,Asia,38.0,109551348.0,254.0,3313.0,90389.0,170.0
55,2020-06-26,34073.0,1004.0,1224.0,12.0,9182.0,23667.0,137.0,311.0,11.0,647804.0,5913.0,Philippines,Asia,37.0,109555334.0,272.0,3215.0,89506.0,169.0
56,2020-06-27,34803.0,730.0,1236.0,12.0,9430.0,24137.0,147.0,318.0,11.0,662647.0,6048.0,Philippines,Asia,37.0,109559319.0,248.0,3148.0,88640.0,165.0
57,2020-06-28,35455.0,652.0,1244.0,8.0,9686.0,24525.0,149.0,324.0,11.0,689900.0,6297.0,Philippines,Asia,37.0,109563304.0,256.0,3090.0,88073.0,159.0
58,2020-06-29,36438.0,983.0,1255.0,11.0,9956.0,25227.0,152.0,333.0,11.0,690799.0,6305.0,Philippines,Asia,37.0,109567290.0,270.0,3007.0,87305.0,159.0
59,2020-06-30,37514.0,1076.0,1266.0,11.0,10233.0,26015.0,148.0,342.0,12.0,708534.0,6466.0,Philippines,Asia,37.0,109571275.0,277.0,2921.0,86549.0,155.0
60,2020-07-01,38511.0,997.0,1270.0,4.0,10438.0,26803.0,167.0,351.0,12.0,722356.0,6592.0,Philippines,Asia,37.0,109575261.0,205.0,2845.0,86280.0,152.0
61,2020-07-02,38805.0,294.0,1274.0,4.0,10673.0,26858.0,170.0,354.0,12.0,754775.0,6888.0,Philippines,Asia,38.0,109579246.0,235.0,2824.0,86012.0,145.0
62,2020-07-03,40336.0,1531.0,1280.0,6.0,11073.0,27983.0,166.0,368.0,12.0,779937.0,7117.0,Philippines,Asia,38.0,109583231.0,400.0,2717.0,85612.0,141.0
63,2020-07-04,41830.0,1494.0,1290.0,10.0,11453.0,29087.0,166.0,382.0,12.0,798476.0,7286.0,Philippines,Asia,38.0,109587217.0,380.0,2620.0,84951.0,137.0
64,2020-07-05,44254.0,2424.0,1297.0,7.0,11942.0,31015.0,166.0,404.0,12.0,798476.0,7286.0,Philippines,Asia,37.0,109591202.0,489.0,2476.0,84496.0,137.0
65,2020-07-06,46333.0,2079.0,1303.0,6.0,12185.0,32845.0,166.0,423.0,12.0,845218.0,7712.0,Philippines,Asia,36.0,109595187.0,243.0,2365.0,84110.0,130.0
66,2020-07-07,47873.0,1540.0,1309.0,6.0,12386.0,34178.0,166.0,437.0,12.0,845218.0,7712.0,Philippines,Asia,36.0,109599173.0,201.0,2289.0,83727.0,130.0
67,2020-07-08,50359.0,2486.0,1314.0,5.0,12588.0,36457.0,213.0,459.0,12.0,885882.0,8083.0,Philippines,Asia,35.0,109603158.0,202.0,2176.0,83412.0,124.0
68,2020-07-09,51754.0,1395.0,1314.0,-1.0,12813.0,37627.0,213.0,472.0,12.0,910694.0,8309.0,Philippines,Asia,33.0,109607144.0,225.0,2118.0,83415.0,120.0
69,2020-07-10,52914.0,1160.0,1360.0,46.0,13230.0,38324.0,333.0,483.0,12.0,935763.0,8537.0,Philippines,Asia,34.0,109611129.0,417.0,2071.0,80596.0,117.0
70,2020-07-11,54222.0,1308.0,1372.0,12.0,14037.0,38813.0,333.0,495.0,13.0,959684.0,8755.0,Philippines,Asia,33.0,109615114.0,807.0,2022.0,79894.0,114.0
71,2020-07-12,54222.0,-1.0,1372.0,-1.0,14037.0,38813.0,333.0,495.0,13.0,959684.0,8754.0,Philippines,Asia,34.0,109623085.0,-1.0,2022.0,79900.0,114.0
72,2020-07-13,57006.0,747.0,1599.0,65.0,20371.0,35036.0,333.0,520.0,15.0,998920.0,9112.0,Philippines,Asia,32.0,109623085.0,4325.0,1923.0,68557.0,110.0
73,2020-07-14,57545.0,634.0,1603.0,6.0,20459.0,35483.0,333.0,525.0,15.0,1017723.0,9284.0,Philippines,Asia,32.0,109627070.0,88.0,1905.0,68389.0,108.0
74,2020-07-15,58850.0,1392.0,1614.0,11.0,20976.0,36260.0,333.0,537.0,15.0,1019263.0,9297.0,Philippines,Asia,32.0,109631056.0,517.0,1863.0,67925.0,108.0
75,2020-07-16,61266.0,2498.0,1643.0,29.0,21440.0,38183.0,647.0,559.0,15.0,1062804.0,9694.0,Philippines,Asia,32.0,109635041.0,464.0,1789.0,66729.0,103.0
76,2020-07-17,63001.0,1841.0,1660.0,17.0,21748.0,39593.0,647.0,575.0,15.0,1089603.0,9938.0,Philippines,Asia,32.0,109639027.0,311.0,1740.0,66048.0,101.0
77,2020-07-18,65304.0,2357.0,1773.0,113.0,22067.0,41464.0,522.0,596.0,16.0,1117568.0,10193.0,Philippines,Asia,31.0,109643012.0,321.0,1679.0,61840.0,98.0
78,2020-07-19,67456.0,2241.0,1831.0,58.0,22465.0,43160.0,351.0,615.0,17.0,1142165.0,10417.0,Philippines,Asia,29.0,109646997.0,398.0,1625.0,59884.0,96.0
79,2020-07-20,68898.0,1521.0,1835.0,4.0,23072.0,43991.0,351.0,628.0,17.0,1168965.0,10661.0,Philippines,Asia,29.0,109650983.0,607.0,1591.0,59755.0,94.0
80,2020-07-21,70764.0,1951.0,1837.0,2.0,23281.0,45646.0,351.0,645.0,17.0,1190937.0,10861.0,Philippines,Asia,29.0,109654968.0,209.0,1550.0,59692.0,92.0
81,2020-07-22,72269.0,1594.0,1843.0,6.0,23623.0,46803.0,351.0,659.0,17.0,1216733.0,11096.0,Philippines,Asia,29.0,109658953.0,342.0,1517.0,59500.0,90.0
82,2020-07-23,74390.0,2200.0,1871.0,28.0,24383.0,48136.0,351.0,678.0,17.0,1243246.0,11337.0,Philippines,Asia,29.0,109666924.0,760.0,1474.0,58614.0,88.0
83,2020-07-24,76444.0,2103.0,1879.0,15.0,24502.0,50063.0,351.0,697.0,17.0,1272317.0,11602.0,Philippines,Asia,29.0,109666924.0,144.0,1435.0,58365.0,86.0
84,2020-07-25,78412.0,1968.0,1897.0,18.0,25752.0,50763.0,351.0,715.0,17.0,1299445.0,11849.0,Philippines,Asia,29.0,109670910.0,1250.0,1399.0,57813.0,84.0
85,2020-07-26,80448.0,2036.0,1932.0,35.0,26110.0,52406.0,351.0,734.0,18.0,1299456.0,11848.0,Philippines,Asia,27.0,109674895.0,358.0,1363.0,56768.0,84.0
86,2020-07-27,82040.0,1657.0,1945.0,16.0,26446.0,53649.0,351.0,748.0,18.0,1359829.0,12398.0,Philippines,Asia,27.0,109678880.0,359.0,1337.0,56390.0,81.0
87,2020-07-28,83673.0,1678.0,1947.0,4.0,26617.0,55109.0,351.0,763.0,18.0,1387760.0,12652.0,Philippines,Asia,27.0,109686851.0,173.0,1311.0,56336.0,79.0
88,2020-07-29,85486.0,1874.0,1962.0,16.0,26996.0,56528.0,351.0,779.0,18.0,1422384.0,12968.0,Philippines,Asia,27.0,109686851.0,388.0,1283.0,55906.0,77.0
89,2020-07-30,89374.0,3954.0,1983.0,23.0,65064.0,22327.0,351.0,815.0,18.0,1462755.0,13335.0,Philippines,Asia,26.0,109690836.0,38074.0,1227.0,55316.0,75.0
90,2020-07-31,93354.0,4063.0,2023.0,40.0,65178.0,26153.0,351.0,851.0,18.0,1497313.0,13650.0,Philippines,Asia,26.0,109694822.0,156.0,1175.0,54224.0,73.0
91,2020-08-01,98232.0,4963.0,2039.0,17.0,65265.0,30928.0,351.0,895.0,19.0,1534319.0,13987.0,Philippines,Asia,25.0,109698807.0,93.0,1117.0,53800.0,71.0
92,2020-08-02,103185.0,5032.0,2059.0,20.0,65557.0,35569.0,351.0,941.0,19.0,1536626.0,14007.0,Philippines,Asia,25.0,109702792.0,300.0,1063.0,53280.0,71.0
